0.010637
1.607761
0.037426
0.044175
0.033598
0.287273
0.042970
0.035776
0.029327
0.034877
0.312828
0.033338
0.026440
0.026309
0.028309
0.025209
0.026147
0.022949
0.022858
0.020922
0.314520
0.040049
0.033680
0.025410
0.018548
0.022190
0.023827
0.026162
0.023989
0.022458
0.023655
0.021906
0.025117
0.024251
0.020930
0.028091
0.018537
0.023762
0.018776
0.016407
0.326508
0.031053
0.027639
0.025420
0.026076
0.036375
0.022493
0.029849
0.028151
0.025159
0.018344
0.022251
0.024697
0.022366
0.022792
0.021850
0.027951
0.023391
0.027339
0.025791
0.291023
0.027999
0.024332
0.037740
0.026881
0.033285
0.021755
0.025401
0.029170
0.023143
0.032293
0.031685
0.030141
0.025104
0.028215
0.021638
0.025723
0.020823
0.023440
0.021464
0.300421
0.037462
0.024526
0.029152
0.029661
0.025789
0.028039
0.033329
0.033210
0.032727
0.031582
0.029869
0.028021
0.022965
0.029732
0.029006
0.023668
0.024629
0.027307
0.021894
0.272510
0.043237
0.031883
0.025215
0.029753
0.031166
0.031307
0.034796
0.030375
0.035109
0.024359
0.029192
0.032172
0.027498
0.029493
0.029413
0.028119
0.025859
0.021181
0.020056
0.286982
0.022108
0.028643
0.024299
0.030367
0.027472
0.035457
0.033226
0.025822
0.028703
0.028275
0.032068
0.029876
0.028040
0.028081
0.030022
0.025506
0.028458
0.027987
0.020504
0.281859
0.026637
0.033280
0.029082
0.023923
0.028483
0.029043
0.030197
0.032976
0.031577
0.026288
0.033645
0.026840
0.030756
0.031649
0.031615
0.026559
0.027100
0.028257
0.019389
0.287947
0.039937
0.029495
0.024239
0.028634
0.031303
0.027480
0.032631
0.026492
0.029762
0.031356
0.024463
0.027876
0.031754
0.033214
0.026889
0.026816
0.030251
0.037057
0.017517
0.284833
0.047287
0.028126
0.036185
0.026200
0.021723
0.029314
0.031243
0.028646
0.031552
0.027212
0.030218
0.027422
0.031334
0.030923
0.034189
0.031915
0.020329
0.018541
0.019520
0.297603
0.039353
0.030903
0.025732
0.034536
0.029184
0.028611
0.028971
0.028260
0.027723
0.028931
0.029128
0.026084
0.027819
0.029096
0.029524
0.031192
0.025971
0.019521
0.024847
0.291965
0.036873
0.030876
0.033128
0.029330
0.030815
0.028542
0.034046
0.034645
0.030992
0.027641
0.031312
0.030033
0.032406
0.031147
0.034001
0.029737
0.020839
0.032635
0.016101
0.278435
0.033370
0.026124
0.028439
0.030714
0.026199
0.026675
0.032743
0.026007
0.030019
0.036124
0.028905
0.037278
0.034918
0.036614
0.028829
0.026579
0.022616
0.021182
0.025516
0.281246
0.041035
0.042255
0.030874
0.030033
0.032922
0.029962
0.047152
0.040869
0.026798
0.029703
0.026673
0.039009
0.028569
0.027512
0.024170
0.023608
0.028469
0.024326
0.021008
0.354444
0.041469
0.044468
0.030565
0.030732
0.033963
0.027070
0.031537
0.030890
0.031130
0.038637
0.033179
0.028372
0.025947
0.025432
0.021507
0.021902
0.020425
0.022916
0.022732
0.368640
0.032915
0.027046
0.038732
0.027454
0.030586
0.030228
0.032445
0.028700
0.030401
0.031687
0.024941
0.020605
0.021945
0.022531
0.023722
0.017919
0.020951
0.021127
0.018686
0.386721
0.031084
0.030360
0.033006
0.027850
0.033371
0.027100
0.034127
0.031982
0.030505
0.020350
0.023242
0.022047
0.020706
0.025280
0.021274
0.023942
0.020866
0.021142
0.019352
0.352489
0.028608
0.028817
0.031682
0.028910
0.026495
0.027839
0.038596
0.032728
0.029036
0.027667
0.021930
0.023774
0.021094
0.022931
0.019663
0.020246
0.019008
0.016483
0.014921
0.305256
0.034159
0.029585
0.027999
0.029907
0.033030
0.029540
0.031508
0.030018
0.031195
0.036484
0.026261
0.031679
0.028903
0.028395
0.025165
0.018772
0.018243
0.022426
0.018785
0.312252
0.031251
0.024082
0.034099
0.023727
0.028568
0.032408
0.026437
0.031933
0.025549
0.028864
0.026452
0.028222
0.030277
0.033201
0.030807
0.023361
0.019169
0.018288
0.021873
0.306003
0.025256
0.030703
0.029895
0.025571
0.029082
0.030192
0.031475
0.028271
0.030134
0.031078
0.028461
0.028435
0.029865
0.027970
0.031210
0.025530
0.024984
0.019947
0.020306
0.306213
0.041531
0.026766
0.030132
0.024676
0.032000
0.026709
0.030820
0.028640
0.028459
0.035949
0.032015
0.030551
0.028242
0.027833
0.023697
0.031076
0.020926
0.019599
0.019529
0.247407
0.041268
0.033316
0.031548
0.030406
0.033654
0.025783
0.030090
0.029071
0.031800
0.031245
0.029036
0.030951
0.030808
0.032310
0.027016
0.029460
0.026928
0.031083
0.021548
0.295949
0.032259
0.026766
0.036093
0.025884
0.025205
0.034681
0.027347
0.026283
0.029406
0.029323
0.032106
0.027268
0.032319
0.028950
0.031673
0.032126
0.031519
0.028723
0.030593
0.296834
0.093955
0.027772
0.030468
0.027233
0.031636
0.034781
0.028181
0.039123
0.025764
0.023420
0.025837
0.034237
0.030499
0.030143
0.028903
0.028147
0.023940
0.017799
0.017493
0.255806
0.037010
0.025245
0.027690
0.028873
0.026723
0.030561
0.030483
0.028524
0.035133
0.030248
0.029639
0.024962
0.029529
0.030622
0.028001
0.027605
0.026544
0.029422
0.030640
0.270651
0.028620
0.029253
0.027691
0.029091
0.030756
0.027858
0.028558
0.030144
0.032074
0.028524
0.029359
0.026530
0.028071
0.029647
0.027209
0.030641
0.030972
0.035104
0.029139
0.293630
0.068142
0.029457
0.027877
0.031005
0.025199
0.035763
0.026737
0.025169
0.028912
0.030360
0.030387
0.026510
0.027371
0.029474
0.030613
0.029060
0.028750
0.027237
0.022406
0.283986
0.043979
0.019577
0.023773
0.021087
0.031965
0.027065
0.028454
0.032374
0.024639
0.028141
0.026077
0.026074
0.030634
0.036986
0.022098
0.031296
0.026405
0.037333
0.024022
0.295443
0.025161
0.037408
0.027658
0.029308
0.030768
0.025733
0.034338
0.024313
0.030524
0.032030
0.025447
0.028791
0.026845
0.030407
0.026482
0.030805
0.028229
0.029213
0.033334
0.291963
0.027453
0.039257
0.030497
0.028149
0.032021
0.026794
0.029985
0.028674
0.028650
0.030785
0.025161
0.033362
0.029906
0.025577
0.034549
0.027484
0.026378
0.034598
0.024143
0.282955
0.032342
0.049762
0.031336
0.031608
0.032948
0.022256
0.033182
0.033264
0.030272
0.024294
0.034396
0.031261
0.034477
0.025727
0.029288
0.029106
0.029838
0.030880
0.028272
0.284075
0.062464
0.025133
0.030335
0.026593
0.029269
0.033443
0.025032
0.030355
0.030432
0.030369
0.038469
0.029218
0.032855
0.027556
0.029323
0.028238
0.034610
0.033600
0.026641
0.285578
0.035708
0.032728
0.023691
0.031910
0.039287
0.028233
0.033022
0.031336
0.030659
0.029260
0.030884
0.032499
0.028063
0.036963
0.026657
0.032769
0.034837
0.029898
0.024934
0.282954
0.040148
0.029173
0.030938
0.034655
0.033091
0.030250
0.024405
0.031527
0.033287
0.034880
0.038530
0.030607
0.031328
0.028991
0.030851
0.031912
0.027933
0.029255
0.022440
0.282364
0.029416
0.028652
0.045459
0.036384
0.032591
0.030109
0.028909
0.028451
0.030008
0.040364
0.035644
0.026305
0.032779
0.030780
0.029656
0.036216
0.028268
0.034422
0.019002
0.275634
0.031725
0.039429
0.028300
0.029718
0.031955
0.028384
0.029894
0.035083
0.031412
0.038911
0.042468
0.027436
0.032228
0.045565
0.035110
0.032072
0.049807
0.041306
0.036680
0.272810
0.043018
0.039455
0.028995
0.043014
0.035221
0.027766
0.040787
0.027997
0.046402
0.028044
0.032574
0.038180
0.033263
0.026655
0.037261
0.047065
0.039567
0.031619
0.033548
0.285745
0.051884
0.043907
0.027170
0.032535
0.029726
0.037100
0.026769
0.030698
0.033848
0.030520
0.029619
0.038825
0.029646
0.027641
0.037230
0.037698
0.030695
0.031693
0.031147
0.277839
0.043694
0.026308
0.031510
0.029941
0.031806
0.029220
0.031334
0.032553
0.028853
0.031879
0.035611
0.037108
0.031287
0.031960
0.032551
0.032063
0.033398
0.033189
0.028957
0.287011
0.033236
0.031069
0.028358
0.029751
0.039102
0.028695
0.031489
0.028426
0.027045
0.034581
0.030559
0.031986
0.029803
0.031864
0.030950
0.029536
0.031384
0.030120
0.031691
0.296316
0.039223
0.030130
0.032450
0.039886
0.029036
0.032770
0.031696
0.030176
0.028105
0.034102
0.031639
0.030626
0.038044
0.032422
0.033018
0.037103
0.033482
0.028268
0.028324
0.302480
0.049133
0.027026
0.033551
0.031616
0.028847
0.034409
0.035074
0.033466
0.028612
0.032238
0.037718
0.028991
0.029310
0.030494
0.033804
0.032135
0.030289
0.040114
0.027578
0.294384
0.038980
0.023995
0.032052
0.034138
0.031824
0.033352
0.032037
0.033709
0.028220
0.034752
0.029788
0.036734
0.032398
0.028091
0.033192
0.029186
0.033557
0.032037
0.032546
0.298628
0.058476
0.033673
0.030823
0.030474
0.039813
0.024652
0.033380
0.031134
0.031187
0.032697
0.030569
0.032925
0.031762
0.031302
0.033670
0.022146
0.031880
0.032449
0.030178
0.293247
0.039124
0.029292
0.032385
0.031379
0.031277
0.041201
0.030540
0.027000
0.031261
0.032836
0.032130
0.031816
0.031914
0.031937
0.030246
0.028688
0.029900
0.030768
0.028092
0.305086
0.041401
0.028876
0.030547
0.034946
0.029942
0.026381
0.041245
0.025482
0.033159
0.030531
0.035330
0.025425
0.036935
0.027239
0.033833
0.024479
0.036960
0.032413
0.032564
0.300376
0.036404
0.034773
0.030905
0.031327
0.028600
0.035732
0.027516
0.033374
0.032379
0.041593
0.031853
0.031294
0.035552
0.030226
0.027705
0.031525
0.031746
0.040329
0.029063
0.300598
0.038106
0.027759
0.027988
0.032082
0.033434
0.031109
0.030210
0.036089
0.035175
0.034541
0.027265
0.032976
0.032728
0.033631
0.035319
0.029880
0.031698
0.036618
0.030454
0.302922
0.043232
0.030139
0.031837
0.036768
0.029821
0.030603
0.032039
0.033559
0.039417
0.024415
0.034014
0.032386
0.029206
0.031513
0.030219
0.034048
0.033431
0.030570
0.029789
0.296804
0.035275
0.035045
0.032824
0.032625
0.032965
0.033002
0.037634
0.027377
0.032578
0.034539
0.033908
0.032562
0.032558
0.035036
0.030038
0.040575
0.028309
0.037856
0.031152
0.292403
0.043540
0.032486
0.031799
0.032247
0.033554
0.031684
0.032716
0.034801
0.041523
0.032707
0.030851
0.034237
0.030586
0.035147
0.030437
0.033672
0.034088
0.030321
0.026529
0.299814
0.028332
0.039129
0.028882
0.032637
0.031339
0.041411
0.035499
0.035625
0.032382
0.036927
0.032799
0.037183
0.035705
0.031591
0.033607
0.029709
0.031068
0.029822
0.031298
0.294867
0.033032
0.038470
0.032603
0.032742
0.032012
0.032794
0.033173
0.036967
0.031898
0.027958
0.040589
0.031301
0.032635
0.033108
0.033010
0.033287
0.032354
0.033210
0.033945
0.291359
0.035637
0.036895
0.030487
0.035468
0.031934
0.032137
0.033857
0.037658
0.029887
0.033552
0.034426
0.033330
0.033836
0.033689
0.035290
0.033886
0.042109
0.033421
0.032662
0.301813
0.028089
0.035096
0.031024
0.033685
0.037132
0.030667
0.033365
0.034897
0.031682
0.036797
0.032093
0.035922
0.034308
0.034291
0.031389
0.037071
0.030565
0.034843
0.031365
0.280466
0.020993
0.025564
0.028038
0.024436
0.028367
0.023831
0.028550
0.030704
0.025418
0.027858
0.026255
0.026335
0.027857
0.027405
0.024075
0.029063
0.027519
0.024627
0.034131
0.248770
0.036809
0.025726
0.026326
0.030349
0.030931
0.030842
0.026159
0.026953
0.029843
0.029408
0.033689
0.027600
0.032382
0.027549
0.029854
0.023845
0.033826
0.032959
0.027087
0.244633
0.023080
0.046602
0.028671
0.027329
0.025156
0.030253
0.029869
0.024461
0.028351
0.028333
0.036570
0.023580
0.023769
0.026306
0.032949
0.028475
0.024109
0.024580
0.026305
0.281513
0.025191
0.026538
0.033200
0.020329
0.024816
0.032039
0.019615
0.021395
0.022198
0.020215
0.020589
0.019821
0.018649
0.023314
0.021627
0.018436
0.019035
0.019769
0.025640
0.196733
0.017432
0.026841
0.019030
0.025027
0.017337
0.019050
0.020823
0.024884
0.021713
0.021759
0.030591
0.026540
0.026497
0.031678
0.033023
0.023498
0.022389
0.020620
0.040354
0.211432
0.019430
0.030025
0.015864
0.025298
0.032456
0.031398
0.024513
0.025731
0.022571
0.023939
0.029206
0.029298
0.036170
0.025239
0.021816
0.025736
0.020881
0.026747
0.024126
0.222404
0.038452
0.022581
0.019646
0.023606
0.025048
0.024608
0.027339
0.027498
0.022805
0.030783
0.033905
0.024237
0.021277
0.023505
0.024633
0.026664
0.026267
0.025394
0.029468
0.213330
0.042909
0.027781
0.025564
0.028153
0.018960
0.026139
0.021892
0.023759
0.023462
0.021345
0.020487
0.022468
0.025580
0.025415
0.021027
0.021099
0.024423
0.023051
0.020126
0.207770
0.018447
0.022593
0.028185
0.021572
0.020038
0.018426
0.020674
0.021426
0.031429
0.018197
0.019345
0.020817
0.023516
0.024128
0.032656
0.027659
0.042544
0.041821
0.022193
0.210697
0.024093
0.029989
0.018092
0.024477
0.020724
0.031184
0.020010
0.019781
0.023475
0.018972
0.022469
0.026307
0.023344
0.019314
0.026296
0.022360
0.026976
0.021718
0.023661
0.199821
0.030364
0.017025
0.026243
0.028595
0.020581
0.024372
0.021980
0.021045
0.028234
0.026816
0.024366
0.030464
0.031884
0.024524
0.020004
0.024040
0.030741
0.028405
0.031187
0.247160
0.026919
0.027907
0.031451
0.032865
0.033864
0.026895
0.031577
0.021658
0.022084
0.024839
0.020406
0.031417
0.024869
0.019350
0.022669
0.023384
0.025169
0.020797
0.023510
0.291758
0.027978
0.020300
0.025469
0.022883
0.027888
0.030300
0.027331
0.025937
0.031570
0.030257
0.028882
0.030987
0.029316
0.025631
0.033599
0.041238
0.039241
0.043264
0.036820
0.333240
0.025630
0.026769
0.022527
0.029870
0.031139
0.024034
0.021787
0.024754
0.021791
0.024694
0.026130
0.025083
0.027080
0.031347
0.027355
0.025544
0.028672
0.027333
0.029898
0.371814
0.024096
0.021933
0.024715
0.019542
0.024750
0.025758
0.026419
0.026807
0.019812
0.023677
0.026520
0.021182
0.020097
0.023860
0.028897
0.020897
0.029551
0.034667
0.035740
0.373539
0.023214
0.028463
0.018059
0.021213
0.021247
0.028429
0.027434
0.029377
0.026175
0.026744
0.021930
0.024927
0.025583
0.022389
0.031638
0.022079
0.028779
0.031811
0.025284
0.420729
0.021296
0.027183
0.023292
0.030008
0.031023
0.028090
0.028916
0.029525
0.026300
0.025567
0.028323
0.026485
0.028263
0.023619
0.032546
0.021012
0.030302
0.024904
0.028023
0.369748
0.030008
0.053501
0.034389
0.030623
0.028225
0.030014
0.026035
0.024791
0.028142
0.025659
0.024319
0.029567
0.028363
0.027030
0.027311
0.024220
0.031502
0.026173
0.027699
0.340809
0.030101
0.033590
0.031430
0.034018
0.026814
0.031742
0.044219
0.024014
0.034881
0.033858
0.030805
0.024925
0.026793
0.026362
0.028553
0.026338
0.026781
0.026879
0.027195
0.301516
0.037739
0.037589
0.030753
0.037146
0.028262
0.033023
0.031535
0.037438
0.033722
0.033432
0.035657
0.029798
0.038880
0.027565
0.031556
0.028128
0.027032
0.024994
0.031607
0.294731
0.030603
0.027750
0.031267
0.032184
0.041575
0.033090
0.035307
0.032463
0.036726
0.031017
0.033972
0.033838
0.034114
0.034990
0.032029
0.033676
0.032180
0.026710
0.026612
0.290407
0.057615
0.031061
0.033768
0.029902
0.029476
0.035872
0.036840
0.031809
0.033081
0.032323
0.028053
0.030550
0.031066
0.031562
0.032679
0.034331
0.033215
0.034299
0.034184
0.303461
0.027176
0.037569
0.028113
0.034869
0.034606
0.035809
0.035352
0.028185
0.034270
0.033369
0.036327
0.033183
0.033724
0.036649
0.032099
0.034716
0.034013
0.035365
0.027737
0.301960
0.036691
0.034664
0.042891
0.030094
0.029985
0.037636
0.030175
0.031099
0.029703
0.036413
0.039098
0.034000
0.033246
0.031673
0.034844
0.030946
0.035419
0.028950
0.028025
0.294668
0.025841
0.045241
0.040383
0.032098
0.026894
0.041610
0.031315
0.028982
0.033251
0.033675
0.035243
0.031280
0.036710
0.034056
0.034426
0.040984
0.029003
0.037769
0.035907
0.295595
0.027936
0.036378
0.033867
0.033812
0.034198
0.044206
0.026937
0.033195
0.034743
0.029145
0.036164
0.036084
0.038524
0.036352
0.030046
0.031461
0.028673
0.027753
0.028401
0.299736
0.048598
0.041691
0.033233
0.033271
0.031945
0.029560
0.032078
0.038506
0.039151
0.023343
0.037519
0.030049
0.035224
0.029124
0.037483
0.035706
0.034719
0.021891
0.026500
0.298799
0.035014
0.029593
0.032671
0.040946
0.027609
0.036091
0.028390
0.030622
0.041119
0.033671
0.036714
0.039803
0.033867
0.035875
0.032516
0.030601
0.035422
0.029356
0.030690
0.294677
0.032541
0.036529
0.034606
0.036503
0.031691
0.030080
0.034399
0.041178
0.032353
0.030816
0.029241
0.036511
0.029624
0.039318
0.032093
0.033955
0.022422
0.028206
0.027059
0.307335
0.045448
0.038244
0.035288
0.035434
0.042802
0.051318
0.035841
0.035512
0.029144
0.038485
0.033964
0.034592
0.036620
0.038619
0.027449
0.033187
0.028659
0.023776
0.023551
0.294417
0.031805
0.034091
0.029624
0.033926
0.035956
0.037055
0.037395
0.031790
0.033185
0.032788
0.039031
0.034635
0.033275
0.035368
0.031174
0.030303
0.028144
0.022705
0.025611
0.292147
0.044925
0.037630
0.031638
0.030193
0.033442
0.031950
0.036086
0.033702
0.040216
0.041393
0.046431
0.037136
0.034057
0.030831
0.029547
0.036776
0.029194
0.025810
0.015082
0.277790
0.038083
0.034532
0.037552
0.029055
0.034476
0.034726
0.028108
0.039091
0.027295
0.036859
0.033403
0.037169
0.031008
0.039733
0.032729
0.028998
0.041684
0.033577
0.032725
0.296786
0.027042
0.034446
0.038139
0.036864
0.036883
0.037533
0.032451
0.037836
0.032170
0.034650
0.032521
0.034150
0.034213
0.030778
0.028568
0.032816
0.035650
0.026827
0.028640
0.283369
0.033436
0.034371
0.033842
0.037897
0.033554
0.038797
0.033977
0.037370
0.033709
0.035459
0.031685
0.033565
0.032252
0.037663
0.035003
0.031140
0.038571
0.025861
0.024805
0.279487
0.030826
0.036696
0.033980
0.034348
0.038999
0.031355
0.038969
0.043476
0.037440
0.035728
0.033634
0.031884
0.036880
0.031142
0.034205
0.030344
0.036147
0.025218
0.032685
0.284104
0.027537
0.037449
0.033847
0.033455
0.035050
0.038856
0.036226
0.041789
0.033839
0.035151
0.031653
0.043229
0.031140
0.031960
0.030061
0.032362
0.038348
0.021987
0.029617
0.276290
0.033552
0.038016
0.030031
0.033883
0.035639
0.034398
0.040434
0.036692
0.034196
0.036091
0.033370
0.035336
0.035927
0.031394
0.038372
0.032280
0.036829
0.023651
0.026442
0.284795
0.047603
0.044070
0.033636
0.037070
0.031519
0.028713
0.030149
0.038337
0.030844
0.036446
0.033427
0.039130
0.031183
0.039407
0.034670
0.036436
0.031310
0.033779
0.032780
0.289129
0.052623
0.042954
0.034306
0.041029
0.037412
0.028702
0.032745
0.037462
0.030874
0.039779
0.031726
0.036183
0.037161
0.029174
0.033710
0.039576
0.028711
0.027528
0.023293
0.276939
0.035542
0.032778
0.038002
0.036347
0.046813
0.036848
0.036184
0.032825
0.039104
0.029543
0.040337
0.034630
0.029221
0.038489
0.040479
0.036731
0.028234
0.026752
0.026076
0.280591
0.038574
0.034496
0.037699
0.032449
0.030977
0.034863
0.034153
0.034910
0.035491
0.030944
0.034787
0.035087
0.033851
0.035295
0.034329
0.032615
0.041407
0.031617
0.029747
0.278974
0.032426
0.030124
0.036636
0.036821
0.037811
0.035222
0.038562
0.036506
0.034718
0.037790
0.038254
0.030594
0.039135
0.039067
0.029666
0.033876
0.037535
0.032913
0.019049
0.298390
0.045818
0.032858
0.041673
0.033758
0.043434
0.032976
0.032741
0.034053
0.038547
0.029258
0.041059
0.030121
0.037608
0.033983
0.035066
0.033222
0.036466
0.027648
0.027546
0.297885
0.026962
0.024124
0.024865
0.027225
0.022703
0.027256
0.027338
0.030861
0.023273
0.029886
0.025958
0.027106
0.024620
0.034592
0.030131
0.025030
0.031214
0.027725
0.018374
0.232258
0.036152
0.029581
0.040501
0.037404
0.035436
0.030154
0.025296
0.031074
0.027071
0.027801
0.033132
0.035317
0.024314
0.027378
0.035444
0.026350
0.025914
0.017588
0.020180
0.237981
0.043629
0.028990
0.027746
0.028065
0.033056
0.034224
0.030110
0.020915
0.031841
0.026986
0.023717
0.034840
0.027323
0.041547
0.023620
0.030640
0.028747
0.022730
0.020263
0.223370
0.032006
0.028809
0.029250
0.029941
0.026007
0.026069
0.025496
0.027842
0.025316
0.027855
0.027604
0.026504
0.027661
0.024862
0.028484
0.026276
0.026960
0.023757
0.020720
0.242633
0.030914
0.026107
0.026437
