119	168	41	40
93	159	61	41
131	172	45	41
140	165	28	34
144	163	26	34
149	157	24	36
152	155	27	33
156	156	24	33
160	150	23	36
166	144	24	38
165	139	25	38
169	134	26	35
171	130	25	39
174	133	24	35
179	125	23	38
180	118	24	42
186	123	21	35
190	115	21	38
191	109	20	41
195	105	20	38
200	103	18	38
197	101	22	41
200	98	21	40
203	110	21	32
179	91	40	37
246	104	40	23
188	85	35	41
201	85	33	39
198	107	28	25
194	112	35	27
192	106	30	29
208	58	32	25
200	43	28	33
200	47	32	27
195	52	34	39
202	54	36	29
194	43	37	29
181	69	26	43
166	147	29	26
167	160	25	33
163	161	21	25
166	168	18	25
165	173	21	32
164	177	15	28
165	176	20	31
167	176	22	30
126	170	23	28
138	166	21	32
149	158	20	31
160	156	20	26
159	135	21	31
174	146	31	44
177	156	32	42
190	151	25	35
202	145	25	32
207	148	37	23
206	137	29	27
218	133	25	22
217	129	23	29
218	117	37	18
234	111	26	27
242	90	23	31
266	117	31	23
250	117	27	30
267	117	31	20
269	118	29	25
265	116	28	20
297	120	30	18
278	91	35	23
312	52	17	34
311	43	14	23
312	60	30	20
307	55	32	26
307	47	26	32
299	49	39	33
243	106	33	24
207	127	31	22
202	128	26	39
210	139	28	19
199	126	19	26
201	145	38	24
195	179	23	26
188	181	23	28
210	150	23	25
215	152	33	17
203	154	23	18
199	153	33	20
223	155	32	17
255	157	34	16
225	158	29	16
223	155	32	18
234	162	35	16
225	163	24	18
244	155	24	24
236	142	28	26
282	147	35	29
324	109	21	33
331	72	14	26
321	52	24	33
336	49	10	64
336	55	10	43
334	51	11	40
336	54	10	37
336	53	10	39
308	79	33	13
306	77	30	16
309	75	32	16
303	39	38	19
336	0	10	51
332	2	13	33
334	2	11	48
336	0	10	34
331	10	14	28
336	4	10	41
312	5	29	28
298	0	29	22
286	0	27	17
294	0	19	15
291	0	23	14
284	0	25	22
260	0	50	10
277	0	36	15
277	0	49	21
294	0	51	14
295	0	42	10
278	0	33	17
281	0	28	16
270	0	47	10
270	0	40	10
247	30	35	20
219	63	21	25
217	70	23	26
215	74	18	26
210	70	21	33
210	85	20	30
206	88	18	26
200	94	19	31
198	104	17	31
190	109	21	28
188	113	24	25
178	112	30	27
167	107	28	36
187	130	20	19
185	131	19	24
180	135	20	32
173	131	27	29
177	135	20	34
154	127	23	27
143	133	22	30
145	128	22	23
138	134	23	19
133	127	24	28
154	156	25	34
168	157	23	29
164	159	29	31
157	157	26	29
161	150	27	28
157	147	21	34
153	150	26	29
144	144	25	33
150	143	24	32
151	141	22	33
149	137	21	28
149	135	18	29
137	131	24	26
135	124	21	28
132	119	22	34
126	110	25	30
113	127	23	35
147	153	16	32
152	131	27	43
141	158	17	37
133	168	21	40
129	154	17	36
123	162	21	28
125	162	22	27
105	150	21	28
110	160	22	28
132	197	29	26
95	213	22	26
89	207	23	28
87	207	19	36
82	215	21	28
82	213	21	27
82	213	23	26
56	206	20	32
26	232	27	27
17	243	27	16
34	211	23	42
64	225	28	21
94	214	34	20
98	217	27	23
77	175	21	28
73	181	24	27
70	177	29	25
16	201	21	39
24	206	28	38
26	210	26	34
29	228	27	31
10	227	29	32
11	232	31	27
10	229	35	30
16	236	34	23
15	239	41	20
0	239	11	20
0	240	20	19
0	233	35	26
6	225	37	33
10	225	41	34
10	227	43	32
14	220	38	32
39	249	36	10
19	250	36	10
2	244	34	14
43	219	24	28
36	220	38	26
31	214	43	26
5	225	37	34
31	212	41	35
36	216	44	38
47	194	33	33
49	188	32	32
47	185	34	30
54	183	31	26
51	182	36	26
9	178	29	37
32	209	63	33
10	198	35	33
18	196	34	31
1	160	36	36
2	158	40	42
4	159	37	43
59	210	28	47
62	211	29	46
51	194	34	32
42	153	26	35
51	138	21	38
49	155	24	34
33	143	29	38
30	143	37	24
27	144	30	26
49	147	45	25
26	156	32	25
37	128	20	30
27	173	35	28
55	216	22	40
39	184	34	35
45	188	36	29
67	227	26	32
74	227	27	32
59	197	42	24
49	200	35	32
68	193	33	30
69	221	33	24
66	205	37	30
86	222	30	26
70	203	33	29
68	213	33	31
67	225	38	32
78	194	26	30
102	226	28	33
97	224	39	23
107	229	28	29
93	198	27	32
85	186	31	37
91	209	33	22
92	206	29	26
100	195	33	33
109	201	29	31
101	221	32	29
101	222	34	24
97	205	31	32
96	202	30	34
95	196	34	43
47	168	35	52
83	216	30	29
86	213	22	46
84	225	29	34
94	210	24	49
79	211	25	44
43	202	25	33
76	164	36	19
80	160	27	29
74	163	32	25
58	182	25	42
30	207	42	32
56	157	37	30
73	135	34	33
70	159	45	35
38	172	54	30
42	160	30	39
23	183	44	25
50	185	37	27
20	215	39	38
8	227	26	32
14	223	19	34
15	209	41	23
14	209	43	29
60	226	26	33
53	232	32	25
60	243	26	16
57	238	28	21
56	243	28	16
29	250	34	10
12	234	29	25
27	221	32	24
23	229	38	30
36	229	39	30
28	216	40	27
71	239	30	20
80	233	29	26
75	235	32	24
67	234	46	25
75	232	41	27
10	229	37	30
30	236	39	23
58	228	37	31
78	234	39	25
75	233	34	26
86	227	32	32
100	222	32	34
114	216	38	38
128	203	55	34
144	198	63	43
167	192	46	44
183	191	42	39
193	183	33	37
199	172	34	40
206	164	28	43
200	124	32	38
220	128	25	33
221	138	36	52
238	183	43	42
243	147	54	32
254	143	33	30
246	136	38	30
229	143	44	26
223	140	30	32
236	121	29	30
227	129	34	36
165	110	38	26
157	115	38	23
168	105	23	27
144	87	35	27
153	114	23	27
175	140	46	27
193	112	35	30
174	84	42	40
189	130	29	38
155	72	45	52
123	127	30	31
105	178	35	35
99	176	40	41
106	189	25	39
96	180	25	38
89	187	31	41
74	175	37	32
105	150	32	47
107	151	31	36
118	107	31	40
124	110	26	30
119	110	26	28
120	106	24	31
113	109	24	28
114	112	23	29
117	112	22	31
114	119	25	32
112	118	25	32
117	118	25	36
120	170	25	26
120	178	29	18
128	171	30	24
132	156	29	28
137	165	26	21
139	161	24	25
145	158	32	27
152	158	27	23
166	129	33	44
183	113	27	33
190	112	24	27
192	109	25	33
189	153	25	16
193	154	25	13
199	152	23	13
209	136	30	24
214	134	39	25
264	142	26	29
269	134	22	35
268	133	22	31
264	128	23	29
256	123	27	26
259	124	23	32
259	121	19	35
257	120	22	31
248	117	25	35
246	111	22	34
236	122	27	29
231	108	23	30
229	108	22	29
216	115	26	34
205	133	29	24
199	128	31	29
192	130	27	26
195	133	28	24
185	136	34	22
180	137	30	25
173	140	31	23
170	141	29	24
166	146	24	26
154	145	30	29
153	150	25	27
143	157	31	24
156	142	30	32
150	145	32	26
137	176	24	22
131	179	26	23
143	160	31	30
142	164	35	30
143	170	31	31
134	181	41	34
143	189	40	33
134	181	33	39
134	182	35	28
146	155	26	46
143	142	25	42
141	143	24	31
138	146	25	29
144	138	23	30
145	136	22	32
148	139	23	29
148	132	17	28
156	132	21	28
154	128	20	34
141	152	22	34
115	162	37	27
126	146	25	38
114	152	36	34
132	162	35	39
149	109	25	47
119	140	30	32
145	107	23	40
153	92	23	36
144	90	28	44
150	94	25	37
146	81	27	42
148	77	26	42
142	74	28	40
140	71	30	34
135	72	28	47
128	129	30	32
143	117	28	31
145	124	26	26
145	119	27	22
147	125	30	20
153	121	25	20
152	124	27	17
154	121	28	23
155	118	28	29
144	79	29	40
165	72	31	26
144	77	29	27
145	66	29	31
141	73	32	32
141	63	29	42
147	72	32	38
152	87	36	31
144	81	29	30
157	88	29	28
144	93	30	34
144	92	25	33
150	97	28	31
163	100	32	30
164	102	29	35
169	110	24	32
161	92	26	29
158	107	25	26
167	97	28	27
152	150	24	26
148	182	25	24
151	187	22	24
141	186	27	21
133	188	29	17
146	187	22	15
143	180	23	21
142	183	24	18
139	181	25	23
134	177	22	20
142	177	22	27
128	175	26	27
124	131	27	52
157	115	32	37
152	118	34	33
114	120	24	32
140	122	36	33
137	126	35	32
139	122	33	26
130	123	33	28
124	125	35	27
105	139	24	29
94	150	25	28
103	136	31	29
104	134	29	31
90	133	33	34
64	167	35	25
63	166	27	19
54	162	30	23
78	141	27	28
66	164	31	21
70	131	20	35
96	95	28	35
98	87	21	30
98	85	24	29
101	85	23	29
102	84	25	32
105	87	24	28
100	85	24	26
109	87	26	35
112	93	26	41
116	93	26	37
118	92	31	42
121	91	24	40
123	94	27	38
124	89	29	37
75	127	24	28
73	127	27	26
80	127	27	26
83	131	25	28
85	132	27	29
91	136	26	28
98	140	27	27
102	141	28	28
106	143	28	28
115	148	30	24
119	150	32	26
133	149	29	29
137	154	26	29
145	155	32	31
154	160	28	23
157	156	37	29
160	124	40	30
165	137	28	18
163	123	30	26
184	111	30	43
204	150	24	30
209	150	22	40
205	149	27	45
207	159	34	37
214	152	29	35
218	152	25	37
221	150	29	29
225	145	30	26
230	141	28	27
230	140	28	24
228	124	25	27
234	137	26	30
237	139	32	34
233	131	21	32
213	114	41	20
244	149	42	15
228	123	19	28
229	124	22	25
228	119	18	24
223	110	19	27
236	137	41	23
218	113	22	27
214	116	24	26
210	119	23	26
206	121	26	26
205	121	23	28
198	121	27	26
196	126	22	23
195	124	26	25
193	125	30	22
185	127	32	22
179	128	33	24
182	129	27	22
179	130	26	19
174	132	24	22
169	131	22	22
161	130	23	23
152	133	27	26
146	135	26	25
132	134	29	26
135	134	22	22
128	136	23	22
119	134	24	23
114	139	21	22
108	133	20	27
92	138	25	25
88	140	22	28
80	136	23	37
77	184	32	20
76	188	36	17
88	151	28	43
62	107	31	36
65	111	33	32
64	125	43	47
101	208	28	38
102	208	29	36
104	214	31	35
85	178	46	65
99	210	40	44
110	230	32	29
68	169	53	57
75	180	51	59
72	183	62	74
73	185	48	42
78	200	44	48
83	202	34	33
96	193	28	35
75	214	41	39
107	195	30	32
110	194	31	32
129	193	27	34
139	193	24	32
150	189	27	32
162	196	31	30
172	187	33	27
188	188	34	31
193	190	35	31
202	188	31	36
217	192	37	35
226	180	31	37
230	176	38	41
241	172	22	35
247	163	28	40
251	159	30	41
257	157	37	38
264	155	35	42
264	152	30	40
276	147	24	41
242	130	46	22
276	135	23	41
275	128	23	39
274	126	26	36
277	113	24	37
273	113	20	34
274	105	21	37
270	98	21	38
260	95	19	37
256	93	20	37
246	91	28	39
254	87	26	41
246	82	30	38
240	79	33	35
228	82	25	42
216	87	30	35
204	95	25	30
196	97	28	32
188	92	32	27
179	93	34	27
175	98	30	25
162	98	30	23
156	104	32	22
145	103	30	22
141	112	27	18
135	111	23	19
128	115	24	18
121	114	24	21
116	120	22	20
109	117	23	26
107	121	21	26
101	126	21	25
101	128	19	25
98	133	18	23
93	136	19	21
94	141	17	20
92	141	17	21
91	144	17	20
90	143	18	21
84	144	22	19
88	144	20	21
86	142	23	21
93	142	19	28
93	136	19	24
98	135	20	28
98	127	19	23
94	118	24	27
103	109	24	46
97	54	39	48
107	32	44	51
22	11	41	30
0	3	14	27
0	3	24	23
24	0	25	29
19	22	40	23
16	58	29	35
16	62	34	35
0	89	31	37
0	89	42	40
0	85	42	58
31	170	31	46
31	166	21	39
26	188	30	40
16	159	32	58
11	154	28	49
13	153	29	50
46	220	47	35
36	219	53	40
23	209	40	40
25	216	55	43
39	212	50	47
29	205	43	48
10	208	47	47
6	213	45	44
0	200	19	36
1	208	42	36
0	179	10	50
0	220	15	31
0	223	18	31
0	229	16	30
0	217	30	35
0	185	10	30
0	205	10	37
0	234	10	25
0	234	10	24
0	249	10	10
0	242	26	17
0	241	10	18
0	230	28	25
0	250	10	10
0	250	10	10
0	250	10	10
0	229	13	18
0	214	10	32
0	218	19	33
4	218	18	23
8	217	21	37
17	213	22	37
23	212	26	43
37	211	23	38
43	213	28	44
52	207	27	35
58	211	30	46
70	210	33	49
81	211	32	48
94	206	26	49
100	197	25	36
110	193	22	35
124	187	25	39
137	224	27	35
147	220	28	39
156	226	32	27
166	226	33	19
170	218	34	18
176	208	35	20
186	194	44	29
177	179	33	30
190	173	40	24
195	151	43	33
203	139	39	30
205	137	32	21
205	150	39	21
208	120	31	28
221	138	30	26
205	92	27	46
204	134	32	25
200	140	40	22
197	137	36	20
205	139	34	19
185	140	43	17
179	136	46	22
157	117	38	32
163	177	25	37
148	180	31	29
138	172	34	31
161	138	44	23
121	115	43	23
108	57	30	32
87	39	30	37
102	79	33	39
87	83	38	40
86	114	35	38
76	75	34	60
69	81	37	65
92	121	32	46
83	128	28	37
63	157	35	46
61	165	28	31
58	180	27	23
56	185	25	24
46	193	32	23
45	202	27	21
34	206	34	24
33	202	30	28
34	204	31	26
30	214	34	16
40	219	35	19
35	220	27	20
34	220	35	23
2	236	35	23
16	231	32	28
17	204	36	36
34	143	20	36
37	148	26	34
44	142	20	30
47	138	22	33
48	136	20	35
50	131	24	36
50	132	26	37
51	129	31	40
69	129	24	39
62	133	36	44
88	125	24	38
83	128	38	44
94	126	44	36
110	130	23	38
121	135	31	40
126	138	33	45
127	133	25	42
139	146	29	44
141	151	38	37
143	155	32	48
164	113	26	44
158	119	24	34
162	121	22	38
157	121	28	34
151	115	26	35
154	122	22	36
151	123	21	37
143	124	22	36
136	128	24	35
138	126	21	37
121	119	34	33
122	134	25	31
111	132	34	34
110	134	30	30
119	138	23	30
104	148	28	33
100	140	32	31
105	141	20	34
99	146	30	37
91	148	28	29
104	160	25	32
97	163	32	28
105	164	24	29
109	164	25	33
111	177	25	32
111	175	26	33
105	157	25	34
110	158	19	35
118	179	19	27
114	167	20	31
119	175	18	28
121	185	21	25
127	179	21	30
127	181	24	29
132	182	23	27
128	178	24	27
123	185	31	26
136	181	20	27
137	181	25	29
140	178	24	29
147	178	21	32
137	166	24	34
135	164	30	31
136	161	30	31
138	150	26	33
135	154	29	28
138	147	28	31
136	147	26	30
138	139	26	33
130	134	30	32
124	133	35	31
116	125	39	30
122	122	29	32
127	118	23	31
121	116	28	33
120	114	33	34
128	123	21	28
123	109	21	32
123	105	23	36
118	108	24	37
110	110	28	40
101	116	34	36
88	119	46	32
71	128	44	28
107	135	23	33
107	130	21	33
106	145	21	27
103	144	23	26
102	133	24	35
98	144	24	28
100	144	22	26
101	147	28	32
105	151	24	29
107	158	25	28
114	157	26	31
119	163	30	34
123	169	29	25
132	165	24	36
137	166	24	33
152	173	25	30
150	173	30	31
170	168	32	33
171	174	27	30
177	165	16	30
180	172	22	28
186	170	25	24
193	171	22	24
206	148	40	28
204	142	34	31
207	150	21	26
209	150	25	29
213	152	20	26
215	146	23	27
217	145	24	27
223	139	21	26
226	142	25	24
226	133	42	24
233	131	37	20
224	129	33	24
223	124	35	24
220	125	28	21
227	122	35	18
216	115	28	27
213	109	24	34
220	98	34	30
214	107	31	25
189	125	31	43
202	107	31	31
203	104	38	24
200	96	31	28
192	117	24	29
182	87	20	31
174	72	23	39
168	74	26	37
151	139	37	19
154	94	28	48
156	96	26	44
157	81	25	33
155	82	27	35
139	87	29	25
136	88	30	33
129	84	30	32
129	93	28	29
126	91	25	32
124	98	31	28
120	97	26	28
114	99	26	33
116	101	25	34
114	102	26	37
113	113	26	40
114	127	29	33
114	123	27	33
111	131	24	28
110	125	28	38
116	104	38	54
107	145	45	32
106	149	36	34
107	164	38	30
122	150	29	32
126	157	31	28
120	153	28	21
128	153	27	31
130	154	25	32
130	155	28	34
136	159	28	27
140	158	26	29
139	157	29	25
140	154	28	30
151	155	29	27
147	150	27	28
147	148	28	27
146	144	31	29
149	142	30	29
151	137	29	29
154	132	29	31
156	129	27	29
154	126	29	29
155	123	30	28
151	118	31	31
149	112	32	30
151	108	32	30
147	105	31	32
146	103	32	32
146	96	32	32
147	92	32	32
143	85	31	40
148	90	31	36
152	91	22	37
142	93	30	29
206	101	25	28
230	101	33	25
244	123	38	25
228	115	45	26
228	164	21	32
224	167	20	30
223	172	21	30
214	178	22	30
210	180	28	28
213	184	23	28
218	169	23	28
224	145	32	21
217	135	25	21
228	151	49	20
225	151	46	24
216	192	30	30
218	158	42	21
226	165	38	20
220	208	22	31
220	213	20	35
224	214	21	31
224	219	21	29
225	222	21	30
231	224	20	25
197	184	31	25
200	186	33	25
205	181	30	29
212	180	30	25
222	173	28	33
222	175	33	32
235	175	19	28
239	174	24	28
240	169	28	31
227	157	30	30
235	167	38	30
242	172	28	28
233	161	35	26
232	160	39	25
231	166	29	24
226	163	30	22
236	164	32	28
223	164	32	24
224	164	31	24
217	163	35	24
217	156	36	27
207	164	33	27
201	171	29	25
182	163	35	31
183	172	28	27
183	179	26	23
178	184	25	19
171	185	24	20
161	179	24	24
155	181	23	25
149	178	22	26
139	183	24	28
131	182	26	28
128	181	23	32
108	182	31	39
105	195	31	27
113	180	38	31
139	158	40	40
149	134	45	54
161	159	38	28
110	180	28	32
114	184	25	30
114	187	25	32
114	189	23	29
118	188	20	31
116	192	23	34
116	190	22	38
114	198	24	33
112	202	23	38
90	204	34	35
85	210	32	41
73	214	40	44
87	225	32	34
91	226	24	33
92	227	26	31
92	221	27	31
101	217	21	28
103	208	18	36
109	210	19	28
110	200	19	33
113	200	20	30
111	196	20	30
114	197	18	25
115	188	18	32
115	190	19	31
112	179	23	34
117	179	20	32
117	173	25	35
118	176	23	31
120	176	22	31
119	176	26	27
121	169	29	29
119	166	35	36
115	168	40	32
122	164	36	36
127	167	37	31
127	166	38	31
136	165	36	33
141	162	38	33
146	158	33	34
153	166	38	29
165	162	31	30
167	167	37	29
174	162	36	29
187	160	22	29
193	166	34	35
197	164	32	37
208	171	33	35
213	172	38	32
227	172	34	34
227	168	34	33
237	165	36	29
239	165	38	31
239	167	24	31
255	171	30	36
257	202	25	28
258	197	25	35
248	171	34	32
258	171	31	33
256	166	29	35
257	171	27	34
248	171	34	38
247	167	29	35
248	170	26	36
244	172	23	36
226	174	37	35
222	175	35	36
229	185	29	33
228	192	31	29
224	143	53	22
242	144	48	29
257	110	45	33
257	118	34	32
193	134	28	31
199	134	28	29
207	134	27	34
215	129	28	38
215	114	33	32
218	131	25	29
221	130	37	37
245	120	33	45
198	127	31	25
195	128	35	22
233	157	40	43
237	161	37	48
244	164	46	54
262	147	41	46
271	148	42	41
265	166	36	35
275	147	45	42
302	128	30	37
287	143	39	43
287	158	40	33
294	158	25	26
264	107	45	24
262	111	38	25
250	107	43	32
265	107	39	27
237	107	41	31
222	108	42	38
208	113	38	34
193	113	32	38
209	105	55	23
205	104	37	24
176	107	39	16
182	103	34	22
164	102	36	20
172	108	29	21
162	118	34	23
167	111	39	24
212	130	45	22
215	137	37	22
212	133	45	28
214	133	38	21
214	118	34	22
183	117	31	20
180	95	42	26
208	93	27	31
181	79	41	26
167	76	51	27
212	88	32	40
217	95	48	39
253	121	42	26
262	125	37	27
268	131	34	30
268	128	38	21
267	127	45	24
268	84	47	25
329	98	16	43
294	119	45	23
281	153	38	30
214	163	28	38
219	161	20	35
222	162	22	33
228	159	24	36
226	160	24	33
228	162	23	31
223	156	30	35
226	159	25	36
226	157	29	34
223	157	24	34
214	151	26	24
214	150	22	24
214	167	32	32
212	159	28	41
180	138	28	42
193	135	27	34
175	140	34	38
183	132	31	38
183	114	41	39
205	121	31	45
203	112	40	39
216	148	47	50
213	171	47	38
243	157	36	45
222	174	41	32
261	158	28	43
226	191	29	30
232	190	31	31
226	202	37	31
234	191	35	40
237	203	37	37
244	198	33	37
242	199	24	41
253	193	18	31
251	191	20	26
254	187	27	27
257	186	21	28
246	181	35	24
254	177	25	34
248	182	29	35
241	118	36	33
226	114	40	44
213	118	34	45
202	130	30	40
194	84	38	34
180	98	24	36
198	107	35	16
192	93	37	26
187	98	33	28
178	86	31	21
163	46	27	49
159	54	33	50
146	13	28	29
148	1	25	26
147	3	19	37
149	5	19	36
178	47	38	24
141	27	24	29
135	17	18	23
138	27	21	37
126	14	24	32
130	50	27	41
132	93	37	25
140	102	41	19
190	100	38	22
168	57	25	25
137	60	55	30
146	70	42	21
176	127	44	23
168	91	35	24
161	89	34	25
157	84	39	22
167	78	31	27
168	83	42	27
176	84	40	25
168	88	49	28
179	87	36	30
191	105	42	28
206	135	28	28
177	184	34	27
182	181	32	31
192	187	26	27
198	185	31	26
208	189	26	32
212	186	31	29
176	213	35	26
179	192	29	44
208	198	32	36
212	171	26	44
221	170	26	44
226	171	28	45
233	157	30	39
248	155	35	28
259	163	34	35
227	163	45	34
250	94	38	42
242	81	38	30
241	77	41	42
243	77	44	39
249	104	33	28
238	68	33	33
233	66	41	42
221	60	48	41
161	106	45	25
152	142	32	29
152	140	24	29
137	144	30	36
126	147	37	26
137	134	31	29
120	159	24	34
121	160	27	24
115	162	26	22
116	162	28	26
115	170	27	21
111	173	26	21
110	171	30	18
111	177	27	20
109	180	25	21
104	175	31	23
132	154	28	33
126	162	28	29
122	173	24	35
119	167	26	27
125	172	22	40
114	179	30	44
94	199	30	43
100	199	30	45
97	182	27	34
76	178	30	42
133	175	23	24
132	176	28	29
142	170	21	26
143	164	19	25
141	163	25	29
150	159	20	34
149	157	20	27
141	159	25	28
148	149	28	25
152	151	22	26
151	145	22	30
154	144	25	28
151	137	20	29
149	137	23	26
151	136	24	24
127	125	41	26
146	129	28	27
118	136	40	48
82	101	27	43
81	101	32	36
78	93	37	41
83	91	30	37
86	120	30	38
91	107	28	37
84	153	44	28
111	163	38	40
110	164	35	35
107	151	35	28
109	165	31	32
72	182	43	33
108	188	32	33
84	191	41	24
90	200	44	31
82	205	43	30
49	206	39	27
86	210	44	28
91	225	34	27
83	231	42	27
77	191	22	32
73	193	29	31
62	184	34	32
63	187	35	33
111	141	36	29
166	133	44	43
175	149	49	50
189	159	43	54
183	156	49	60
181	173	53	56
177	179	53	49
159	179	64	55
157	184	68	49
182	210	50	44
170	210	55	47
238	217	22	30
238	228	23	31
213	250	47	10
234	232	26	27
261	196	34	38
228	157	28	26
241	167	28	25
240	156	28	29
231	164	26	27
235	159	31	24
228	157	34	30
216	160	38	32
228	150	31	28
224	156	28	29
217	151	32	23
211	136	26	28
210	131	42	26
203	125	31	30
192	117	40	34
185	118	44	29
165	119	30	29
175	118	22	27
163	115	26	26
157	113	21	24
151	112	22	28
139	108	22	25
132	103	24	27
125	99	21	28
116	96	21	25
109	96	22	28
99	97	23	27
94	99	22	31
80	104	26	30
64	104	28	27
61	111	34	29
47	112	28	25
43	114	26	31
41	120	25	29
38	119	27	29
32	131	24	25
31	134	26	27
27	135	28	26
33	141	22	27
33	148	21	24
36	152	20	26
40	159	27	24
42	167	20	32
47	170	22	33
48	168	22	26
54	175	23	32
50	169	31	31
43	170	35	35
84	183	19	28
90	189	22	41
101	185	18	27
118	186	20	30
125	190	22	28
131	188	27	25
138	188	22	27
159	187	22	28
175	187	19	29
184	180	23	35
191	176	22	29
196	173	26	34
208	171	21	26
211	162	27	32
223	157	29	35
230	152	34	39
224	141	30	32
246	131	26	36
256	129	30	34
258	123	23	32
263	119	27	32
263	111	34	38
263	102	23	38
262	90	33	33
255	93	34	30
267	89	23	34
250	86	27	30
265	77	25	35
270	76	28	24
263	68	22	31
254	69	21	32
250	68	22	30
245	70	23	32
236	65	28	32
226	56	22	37
221	51	26	35
219	48	22	28
203	45	27	24
197	44	26	29
196	61	35	32
182	52	25	28
175	50	20	35
164	48	31	32
158	46	31	37
151	58	31	38
142	61	32	35
137	57	34	42
125	82	33	42
124	104	39	41
110	106	41	40
81	72	33	40
60	59	29	22
72	69	27	30
82	73	27	35
85	71	26	35
83	72	31	30
79	78	32	24
86	82	38	20
85	83	46	21
89	86	46	22
34	81	43	27
32	86	37	21
35	82	42	18
22	80	37	19
0	88	25	26
0	85	20	29
0	85	29	30
0	87	36	31
68	153	25	26
63	146	28	30
62	141	27	30
58	136	29	29
57	137	27	41
56	128	28	35
47	114	37	41
60	118	32	39
53	107	33	36
60	111	31	44
76	139	33	44
85	179	33	21
102	176	33	24
103	165	36	34
88	150	31	33
84	138	34	42
64	90	39	41
66	86	31	34
72	88	26	34
72	88	26	35
74	88	25	40
88	89	20	35
90	91	21	35
90	89	20	38
95	90	24	40
102	90	23	40
105	99	24	30
107	91	31	39
119	98	24	30
118	93	26	43
131	100	26	35
140	98	26	35
151	105	36	32
163	110	38	22
171	110	37	22
166	117	34	26
175	110	39	26
171	112	31	28
174	118	36	28
183	116	34	32
183	121	31	23
209	122	37	27
202	118	37	30
212	121	46	26
221	120	40	28
234	115	32	33
247	129	27	31
249	129	22	32
255	133	20	28
266	134	36	26
264	132	25	32
274	139	27	26
275	144	34	25
283	146	32	23
283	143	28	26
283	140	32	25
285	146	33	25
294	150	29	23
280	152	39	31
285	156	34	34
274	158	43	31
279	154	30	29
278	168	34	25
279	170	29	31
273	154	26	38
269	152	22	40
258	161	23	38
244	159	32	32
245	152	28	34
234	157	28	28
221	154	39	31
195	199	32	37
157	182	39	28
162	190	33	25
138	210	35	32
130	209	38	31
121	209	34	34
115	215	26	32
89	213	41	33
79	209	43	28
82	215	39	26
35	234	34	25
59	214	27	26
50	211	35	30
39	208	36	27
36	206	32	33
34	209	29	31
31	206	28	31
27	205	26	32
21	204	27	31
26	200	21	35
25	202	23	30
28	198	21	32
21	198	26	28
17	192	30	31
13	191	34	31
21	186	28	32
28	182	26	34
38	160	36	24
38	178	26	32
43	175	23	34
46	172	27	38
54	174	24	35
57	174	27	35
65	172	29	37
63	169	31	37
68	168	26	34
70	168	29	38
74	160	29	38
86	158	28	34
76	156	33	33
92	158	26	39
97	158	21	35
89	142	30	40
106	147	22	32
96	139	32	38
111	141	22	31
114	140	29	32
118	138	25	30
108	119	39	43
126	122	23	33
129	122	27	32
132	119	29	33
134	116	33	29
147	111	29	24
153	101	31	32
151	85	33	36
158	80	33	41
111	102	32	46
125	116	30	42
127	85	49	52
167	79	35	38
176	88	33	34
162	79	44	37
177	87	29	37
175	79	32	38
178	86	32	36
180	89	27	34
181	100	33	36
173	90	31	38
166	91	36	42
153	82	43	42
126	58	46	54
124	56	31	52
133	55	35	35
150	54	33	35
174	55	40	43
185	45	35	36
189	42	32	42
193	40	30	44
197	34	41	41
225	29	32	47
222	41	40	55
231	36	41	46
235	54	35	42
241	59	34	39
250	56	46	50
255	45	36	51
255	58	34	36
266	60	27	41
264	70	35	42
275	50	30	47
285	45	26	38
290	45	23	40
266	83	21	39
265	87	25	35
269	79	25	40
271	80	20	42
275	77	23	44
281	20	28	34
270	36	27	30
265	26	24	33
260	25	23	38
245	21	27	40
235	22	24	39
231	31	19	33
211	13	22	42
199	1	24	47
214	11	34	40
163	4	28	41
117	46	48	28
108	45	40	27
83	53	35	28
78	48	40	40
83	28	29	41
78	18	30	33
72	27	26	27
76	28	28	29
66	29	24	28
61	37	22	35
61	35	24	32
47	37	30	37
43	40	30	34
40	48	35	32
32	50	31	26
37	53	32	27
38	61	37	23
46	79	31	36
44	78	35	39
73	74	23	22
74	74	26	24
78	76	30	22
87	72	28	25
99	80	27	27
109	79	26	20
118	77	28	23
126	78	33	22
131	76	33	24
146	83	33	21
150	77	26	27
171	75	30	30
185	48	34	26
178	28	44	31
201	93	43	26
212	85	37	29
180	73	29	50
196	74	32	49
207	62	42	46
223	63	33	43
235	61	29	41
257	68	33	40
255	33	32	36
272	42	27	40
275	63	25	37
273	48	33	39
278	56	25	35
277	45	28	38
274	32	20	32
279	32	24	30
276	21	34	28
269	23	29	34
262	16	33	29
255	17	37	24
228	19	25	30
230	27	33	36
207	22	44	29
220	0	48	34
235	1	30	40
206	11	38	34
158	0	55	18
154	0	42	20
128	0	57	17
118	0	57	23
138	56	41	36
135	48	49	37
138	53	61	46
106	98	42	40
90	94	42	49
71	97	46	57
79	133	37	42
65	148	42	35
52	161	39	39
49	151	42	45
29	125	37	56
35	172	48	43
52	191	31	29
48	199	28	27
42	206	31	28
44	216	25	23
30	222	33	25
36	221	26	27
32	224	25	25
30	222	22	29
35	228	25	30
46	226	48	33
32	219	24	35
34	232	21	24
38	231	19	27
40	229	20	26
41	224	20	25
41	219	20	28
45	218	23	28
61	213	34	34
55	211	33	30
60	214	25	23
60	210	42	32
27	152	23	35
41	146	26	37
36	202	42	39
59	217	43	23
74	212	47	27
97	177	31	53
107	181	35	43
113	176	41	42
127	171	50	38
128	173	34	34
175	128	41	47
182	121	44	41
189	120	33	47
201	128	30	28
217	122	40	31
224	109	37	36
218	105	36	31
233	104	30	28
244	97	26	29
243	104	39	26
243	94	36	35
242	77	26	35
249	77	42	26
243	75	29	41
208	104	43	37
182	111	29	26
170	106	32	34
171	106	25	34
177	101	32	32
202	84	32	32
183	58	32	29
167	53	37	29
178	87	27	39
166	98	33	35
146	99	40	47
145	108	43	42
147	124	35	35
138	129	36	40
134	130	45	42
138	148	39	38
143	149	35	36
145	160	33	34
140	166	30	31
140	164	30	37
143	176	26	33
142	183	27	26
140	190	25	29
138	192	27	27
138	201	29	25
141	208	21	29
139	216	20	33
142	221	24	32
140	222	22	29
136	225	21	27
134	230	19	24
127	236	23	23
127	236	23	23
126	235	23	24
126	236	21	23
121	234	25	24
121	231	25	26
113	234	31	23
110	230	29	29
113	225	28	29
110	218	31	30
105	213	34	27
105	216	33	25
117	195	25	30
99	201	34	26
102	196	36	28
101	186	33	33
101	188	29	26
96	175	29	32
102	173	26	27
96	160	28	35
100	162	25	30
91	155	32	33
96	152	29	39
89	137	29	34
90	139	28	39
87	142	31	42
31	195	46	48
27	179	42	48
23	176	34	41
11	191	33	42
16	186	32	28
25	218	54	41
33	250	86	10
46	248	63	11
72	194	54	49
63	112	42	41
69	110	37	41
63	103	35	33
52	123	44	36
16	95	47	28
3	99	55	21
1	101	45	19
9	136	69	40
77	117	26	32
84	131	26	29
93	134	20	32
94	140	22	30
94	142	24	25
85	146	35	28
97	149	26	35
95	164	33	28
100	152	20	40
104	166	29	35
115	176	35	29
117	169	27	32
120	168	22	30
129	178	38	30
136	186	44	28
149	183	38	30
153	183	35	25
165	184	37	30
161	191	46	24
166	188	40	28
172	197	37	21
175	191	35	24
179	194	38	22
184	194	33	23
185	189	37	23
185	184	37	28
189	143	39	25
197	138	39	19
231	145	43	29
195	135	51	22
245	151	40	24
249	136	40	35
203	158	27	32
206	170	31	27
207	163	31	29
208	164	33	28
205	160	29	30
205	156	31	29
201	161	34	23
204	147	25	30
206	159	31	33
151	119	48	22
132	97	61	29
155	95	51	25
162	89	50	27
167	81	49	26
182	69	33	36
191	54	29	36
183	39	41	23
187	22	45	27
180	10	49	24
142	1	25	34
140	21	27	43
143	11	37	52
154	8	33	50
158	0	33	13
134	0	52	15
118	3	28	29
91	0	41	10
119	10	17	25
103	6	21	29
101	0	55	10
103	0	37	10
100	0	45	19
93	0	57	10
98	0	37	10
131	12	26	39
151	84	28	28
166	48	31	29
175	92	31	38
175	89	38	35
194	99	25	42
192	86	33	48
204	117	28	50
186	71	38	30
189	71	44	31
192	69	37	35
183	64	55	34
203	80	37	35
214	77	34	36
219	80	27	34
254	62	37	25
272	64	23	29
271	59	29	38
279	59	29	30
279	64	42	29
286	104	26	41
238	132	35	41
228	127	48	52
240	145	40	44
244	159	35	36
236	160	40	44
225	190	52	40
232	183	33	39
228	187	27	36
225	155	23	58
219	136	35	31
193	131	32	30
188	135	31	32
173	147	34	28
163	142	34	39
154	140	36	41
178	157	30	38
177	152	35	34
182	142	34	38
111	164	38	29
88	110	37	49
77	97	41	40
92	87	25	36
75	85	30	41
61	66	19	27
61	63	14	21
55	58	15	26
39	51	18	24
25	44	26	22
25	45	21	22
27	39	22	26
22	42	21	30
17	48	18	34
15	43	23	29
18	52	18	36
0	51	10	37
0	49	10	35
13	61	20	30
18	68	20	30
16	84	25	36
12	129	32	30
24	96	30	30
29	102	34	38
44	113	24	40
51	121	32	37
68	129	25	34
81	137	26	30
104	146	30	36
115	146	31	32
122	152	35	29
145	158	26	27
166	162	21	33
185	145	27	37
182	150	25	40
195	172	41	54
204	184	62	63
241	168	39	65
232	160	43	41
250	166	43	45
239	133	47	39
257	113	35	34
268	107	36	37
261	111	41	30
281	106	35	33
290	108	30	30
291	110	27	29
296	111	23	23
298	111	24	24
287	110	29	29
304	111	23	29
298	114	27	30
