0.012301
0.046951
0.044842
0.034047
0.021529
0.235189
0.032953
0.043044
0.048785
0.038707
0.576432
0.018720
0.016485
0.017839
0.014608
0.017347
0.019979
0.031584
0.039944
0.033357
0.622516
0.020299
0.020295
0.017441
0.015879
0.017681
0.017804
0.021228
0.027864
0.044924
0.026072
0.033256
0.034678
0.029480
0.033557
0.030722
0.030223
0.028270
0.033520
0.029123
0.429628
0.017038
0.014668
0.014759
0.014773
0.027219
0.023360
0.034673
0.036484
0.033505
0.028545
0.035817
0.030203
0.031433
0.033445
0.027977
0.030065
0.031380
0.031243
0.030374
0.375924
0.015001
0.014959
0.022643
0.027432
0.037091
0.025141
0.022272
0.019988
0.026510
0.030610
0.023860
0.026462
0.024729
0.025081
0.025466
0.026234
0.023196
0.023984
0.028223
0.292889
0.017316
0.018587
0.026707
0.026564
0.026284
0.021835
0.023711
0.024456
0.028263
0.022541
0.022469
0.028546
0.025022
0.018899
0.022843
0.023357
0.025886
0.022586
0.026573
0.281364
0.020021
0.027793
0.023652
0.030142
0.023097
0.025655
0.023380
0.026565
0.022538
0.028417
0.023561
0.022716
0.028707
0.024294
0.032259
0.023145
0.027084
0.023955
0.033372
0.291012
0.022560
0.026798
0.029144
0.024518
0.021406
0.032997
0.023767
0.034613
0.031564
0.028777
0.029967
0.029546
0.034357
0.021396
0.027447
0.029292
0.024827
0.028326
0.034323
0.249686
0.018869
0.031779
0.023910
0.025607
0.022951
0.027476
0.024521
0.023343
0.026377
0.023362
0.025799
0.022223
0.032325
0.027427
0.028394
0.029718
0.026544
0.024153
0.020359
0.255248
0.027644
0.023368
0.026017
0.024096
0.025209
0.025698
0.031773
0.032364
0.025700
0.028893
0.024673
0.027281
0.024043
0.033405
0.030802
0.026665
0.025176
0.026186
0.024160
0.250186
0.038273
0.026315
0.025793
0.028931
0.030038
0.030488
0.033973
0.022853
0.020203
0.028074
0.023521
0.022728
0.021774
0.036503
0.027792
0.023555
0.027025
0.025090
0.026019
0.237143
0.033489
0.029043
0.028635
0.024854
0.026470
0.026295
0.022193
0.025887
0.024746
0.024664
0.025880
0.023281
0.029551
0.028122
0.025773
0.025090
0.024621
0.026143
0.026150
0.247199
0.027442
0.025094
0.019663
0.026619
0.025978
0.024127
0.024765
0.024953
0.027164
0.022923
0.025142
0.026737
0.030516
0.021503
0.023878
0.025548
0.028772
0.026412
0.029084
0.267514
0.033113
0.021458
0.025174
0.029585
0.026370
0.025494
0.029039
0.030313
0.025617
0.037729
0.035553
0.021418
0.031697
0.033717
0.024969
0.032616
0.026353
0.025115
0.024566
0.279672
0.030107
0.025244
0.028602
0.032066
0.030837
0.020674
0.026194
0.027303
0.028505
0.026141
0.025793
0.023882
0.026487
0.023818
0.025737
0.030020
0.021684
0.024788
0.026790
0.312117
0.030319
0.032473
0.031770
0.025792
0.024702
0.027527
0.024505
0.026031
0.025540
0.027096
0.025764
0.028480
0.025198
0.025730
0.025436
0.022328
0.021476
0.023302
0.018400
0.285506
0.023896
0.022388
0.021286
0.029930
0.023227
0.021275
0.026784
0.025533
0.023625
0.024005
0.024212
0.021126
0.018686
0.020688
0.019654
0.019675
0.018116
0.018615
0.022677
0.262329
0.040423
0.045606
0.018047
0.037409
0.021431
0.021820
0.027863
0.027297
0.029474
0.032041
0.020662
0.023906
0.023586
0.033342
0.020788
0.034766
0.033930
0.025736
0.027015
0.271194
0.035292
0.044689
0.052214
0.029609
0.035736
0.030019
0.026692
0.039248
0.042331
0.021894
0.028792
0.028641
0.026996
0.026523
0.030068
0.017696
0.022627
0.017256
0.014757
0.225331
0.035680
0.022887
0.028889
0.026153
0.024141
0.026816
0.032104
0.022388
0.024756
0.027200
0.028037
0.023268
0.026586
0.029915
0.029225
0.028323
0.028383
0.028112
0.027037
0.244072
0.033610
0.033428
0.026994
0.023461
0.022883
0.025190
0.026067
0.024707
0.025056
0.023538
0.027774
0.026385
0.024641
0.025285
0.023506
0.024630
0.030527
0.023218
0.021556
0.251512
0.023019
0.022578
0.026522
0.026993
0.023700
0.035842
0.024270
0.024263
0.030261
0.030583
0.025548
0.035629
0.029860
0.030601
0.025404
0.027490
0.031234
0.018727
0.026866
0.249052
0.040240
0.022517
0.028188
0.034464
0.022340
0.024570
0.031284
0.026657
0.022753
0.027246
0.023906
0.025779
0.031734
0.027719
0.023161
0.025279
0.019780
0.020807
0.019966
0.248616
0.035595
0.026057
0.025756
0.026066
0.030066
0.021475
0.024613
0.023632
0.023417
0.026153
0.023472
0.023862
0.025405
0.023714
0.024164
0.024630
0.021774
0.020163
0.019343
0.222136
0.032523
0.027702
0.022582
0.023062
0.025960
0.032421
0.041879
0.022331
0.023873
0.025291
0.022747
0.024417
0.023872
0.023091
0.025669
0.023560
0.025943
0.024451
0.022888
0.227570
0.031208
0.033345
0.034115
0.036075
0.046175
0.041131
0.037852
0.038094
0.044657
0.029351
0.027311
0.029831
0.021473
0.029491
0.021203
0.029735
0.025026
0.029524
0.024482
0.309934
0.030030
0.025620
0.022796
0.024508
0.021184
0.028278
0.020870
0.023758
0.025055
0.028497
0.021496
0.026077
0.022544
0.024894
0.026668
0.023462
0.023859
0.022735
0.020912
0.308569
0.030340
0.024687
0.027256
0.029407
0.030966
0.022492
0.024994
0.024970
0.023912
0.026143
0.024247
0.023083
0.025092
0.025632
0.024118
0.025680
0.031952
0.027179
0.023988
0.301081
0.028453
0.029259
0.032605
0.019461
0.023807
0.025972
0.026782
0.030984
0.033164
0.035476
0.025749
0.031096
0.029859
0.030342
0.031404
0.028224
0.031922
0.029182
0.026816
0.305326
0.035172
0.029916
0.021455
0.027954
0.032441
0.027556
0.023619
0.029202
0.028713
0.036687
0.029635
0.025202
0.029414
0.029795
0.029293
0.029318
0.026642
0.033036
0.024743
0.288312
0.032304
0.028133
0.032041
0.030313
0.029797
0.032583
0.029649
0.031585
0.029005
0.029819
0.030965
0.029541
0.030121
0.030609
0.028020
0.032943
0.026425
0.036396
0.023556
0.279768
0.034628
0.038463
0.031680
0.034163
0.033538
0.029187
0.030372
0.028088
0.030020
0.030921
0.030855
0.032521
0.030958
0.033136
0.035654
0.031340
0.033112
0.026477
0.027096
0.299380
0.033288
0.031054
0.029198
0.030242
0.027592
0.028099
0.031554
0.033015
0.030546
0.033461
0.026359
0.029991
0.032531
0.030915
0.021156
0.024585
0.027672
0.030298
0.027287
0.295969
0.027699
0.033372
0.026947
0.029336
0.031528
0.025792
0.030152
0.035943
0.022261
0.033478
0.027428
0.039350
0.028537
0.028493
0.025691
0.024779
0.030727
0.030899
0.032615
0.291367
0.022563
0.037131
0.028197
0.032099
0.028212
0.030768
0.033313
0.029062
0.032335
0.036696
0.031652
0.031354
0.029576
0.034738
0.033030
0.030240
0.032806
0.030627
0.022512
0.294134
0.045692
0.028570
0.038718
0.037042
0.041214
0.030473
0.031882
0.027004
0.031587
0.031986
0.036707
0.034296
0.031774
0.028892
0.030976
0.030778
0.026917
0.020123
0.024442
0.272767
0.043733
0.028910
0.028833
0.031235
0.027510
0.033068
0.039189
0.029522
0.024295
0.029338
0.032672
0.033397
0.028813
0.031856
0.033335
0.027516
0.030199
0.022984
0.023765
0.275969
0.032728
0.023389
0.035760
0.027410
0.028638
0.033643
0.032208
0.032987
0.036579
0.031980
0.029206
0.029045
0.030152
0.032757
0.032748
0.025746
0.031758
0.029938
0.018576
0.285331
0.040660
0.027339
0.032325
0.030368
0.030428
0.032179
0.030423
0.029297
0.039710
0.035247
0.030872
0.030099
0.028777
0.033317
0.032565
0.025606
0.029900
0.029243
0.027506
0.272978
0.038527
0.032985
0.031165
0.030229
0.028227
0.031463
0.029010
0.032115
0.029794
0.030351
0.031676
0.032336
0.027257
0.031787
0.034979
0.027540
0.026657
0.030337
0.027682
0.280573
0.038691
0.030629
0.029541
0.032261
0.031096
0.031466
0.039389
0.025867
0.026657
0.024078
0.027724
0.029260
0.030593
0.031302
0.032173
0.025410
0.027456
0.030498
0.031023
0.292678
0.029149
0.037348
0.027614
0.034990
0.029603
0.033635
0.031819
0.029485
0.030757
0.030130
0.034132
0.031180
0.029624
0.020102
0.031095
0.032218
0.027521
0.031361
0.027076
0.300251
0.031333
0.036752
0.028943
0.031183
0.030588
0.032464
0.029043
0.028492
0.032596
0.030946
0.034083
0.034700
0.036023
0.036410
0.031834
0.025043
0.031795
0.029666
0.037275
0.292793
0.043480
0.031273
0.029635
0.030702
0.026579
0.036640
0.027908
0.028152
0.031402
0.030199
0.031032
0.033884
0.029809
0.031386
0.031351
0.028012
0.033178
0.023896
0.030806
0.290945
0.044520
0.031546
0.031227
0.032279
0.030839
0.030867
0.033142
0.029074
0.033385
0.033738
0.031415
0.034555
0.032062
0.028243
0.034112
0.026300
0.032543
0.029024
0.032480
0.295125
0.033526
0.029411
0.036520
0.031088
0.035091
0.030973
0.030968
0.034338
0.029907
0.036734
0.030577
0.030138
0.032616
0.030019
0.032340
0.030078
0.034344
0.029532
0.025693
0.281877
0.039515
0.027536
0.033118
0.034313
0.024388
0.031879
0.032834
0.037901
0.029234
0.037143
0.026420
0.028885
0.031552
0.032672
0.030935
0.032247
0.031866
0.029991
0.025349
0.283415
0.032353
0.028836
0.029951
0.032199
0.031192
0.031608
0.030006
0.035326
0.030524
0.028720
0.033165
0.034318
0.027167
0.033515
0.036368
0.027121
0.034177
0.032861
0.029965
0.288912
0.038504
0.027145
0.023887
0.026207
0.019872
0.024940
0.024726
0.022041
0.026001
0.024407
0.020958
0.024478
0.021951
0.023865
0.023916
0.020786
0.024814
0.022797
0.024039
0.229272
0.027380
0.027708
0.025418
0.019745
0.023664
0.022091
0.020174
0.026202
0.023187
0.022756
0.021683
0.024214
0.021495
0.023250
0.023202
0.021636
0.025304
0.023800
0.033201
0.251348
0.028536
0.020544
0.033970
0.020612
0.026472
0.024448
0.022634
0.029114
0.027825
0.026440
0.022955
0.034846
0.025721
0.025162
0.021895
0.035257
0.025841
0.028345
0.017997
0.237805
0.038190
0.026609
0.033685
0.027407
0.030479
0.026508
0.021954
0.030445
0.037250
0.037537
0.025241
0.023150
0.030065
0.025117
0.022154
0.024691
0.030075
0.020316
0.018877
0.228533
0.033692
0.024660
0.027668
0.023133
0.020089
0.031367
0.024799
0.019194
0.023036
0.027359
0.020486
0.024630
0.020024
0.024294
0.021281
0.025308
0.022795
0.023751
0.022709
0.229722
0.023208
0.025037
0.022672
0.036853
0.022947
0.028740
0.019443
0.025166
0.029749
0.025263
0.026610
0.022987
0.021293
0.026617
0.023313
0.029442
0.023888
0.022922
0.032448
0.249643
0.029315
0.026621
0.025068
0.027735
0.022321
0.031173
0.029086
0.024945
0.022799
0.029803
0.019413
0.026240
0.025228
0.032123
0.022676
0.026448
0.028832
0.030104
0.023718
0.232853
0.030916
0.030243
0.019620
0.029243
0.023181
0.031057
0.024774
0.025872
0.034141
0.022728
0.022520
0.027414
0.029546
0.036997
0.028461
0.026872
0.030032
0.024366
0.019236
0.248119
0.020901
0.021209
0.026713
0.022305
0.023123
0.023065
0.027955
0.023884
0.023776
0.026667
0.023815
0.033391
0.028394
0.025942
0.027711
0.024723
0.019281
0.024942
0.028078
0.231243
0.027438
0.022578
0.024539
0.025682
0.029486
0.019501
0.024109
0.023565
0.026515
0.024665
0.021324
0.027773
0.024856
0.033655
0.025503
0.028903
0.032629
0.037302
0.042084
0.278828
0.017318
0.021489
0.025516
0.040645
0.031502
0.031152
0.030207
0.028532
0.026759
0.031323
0.026752
0.021702
0.025393
0.023855
0.024931
0.023980
0.021553
0.026245
0.027060
0.297346
0.020383
0.024688
0.028335
0.023121
0.027485
0.022882
0.024997
0.024402
0.024172
0.021478
0.027577
0.025230
0.024429
0.024369
0.023737
0.023823
0.024686
0.022443
0.026825
0.317667
0.032557
0.024892
0.024421
0.023474
0.024380
0.024957
0.023646
0.034116
0.024828
0.027659
0.023977
0.025983
0.025634
0.020240
0.028022
0.022657
0.026827
0.022029
0.028354
0.314224
0.031974
0.026350
0.028908
0.028861
0.031321
0.030868
0.030170
0.026445
0.028585
0.031953
0.029461
0.028795
0.031070
0.023790
0.025761
0.025290
0.025211
0.025140
0.023167
0.306044
0.031015
0.021196
0.026891
0.029380
0.029203
0.032917
0.031173
0.029842
0.026806
0.029680
0.031249
0.027155
0.032223
0.029391
0.028886
0.025192
0.026099
0.024693
0.025909
0.276892
0.034634
0.031440
0.031800
0.030994
0.031351
0.027320
0.027724
0.031339
0.028995
0.031597
0.027688
0.028620
0.030240
0.028576
0.032357
0.027991
0.028860
0.033313
0.023073
0.284688
0.039808
0.030519
0.029830
0.038203
0.031322
0.030536
0.028028
0.031792
0.027388
0.034256
0.027814
0.036446
0.031940
0.030371
0.026195
0.031332
0.030408
0.028971
0.021485
0.283859
0.028116
0.032585
0.029209
0.030313
0.030634
0.029939
0.029160
0.029356
0.029775
0.030383
0.031882
0.029367
0.029901
0.033381
0.026901
0.030948
0.032524
0.027418
0.025419
0.291195
0.032693
0.033708
0.026573
0.032073
0.027378
0.031466
0.028837
0.035983
0.031155
0.030196
0.026658
0.033350
0.030364
0.031478
0.032405
0.040971
0.026940
0.030279
0.025261
0.288595
0.030012
0.027924
0.029046
0.034692
0.026834
0.028446
0.033935
0.031049
0.030068
0.027848
0.029229
0.031996
0.031881
0.027428
0.034511
0.027984
0.028822
0.031662
0.029630
0.273253
0.029262
0.033136
0.030693
0.027609
0.031559
0.034031
0.030085
0.030179
0.030824
0.031427
0.029830
0.032339
0.030603
0.029089
0.029316
0.032270
0.029038
0.030234
0.032487
0.277291
0.032322
0.034138
0.030413
0.031468
0.030570
0.031566
0.027686
0.040734
0.031373
0.034095
0.030092
0.027592
0.031932
0.032369
0.030252
0.031867
0.031073
0.029016
0.027339
0.294329
0.038897
0.024556
0.042393
0.030710
0.028471
0.038132
0.031006
0.029463
0.031486
0.031463
0.032256
0.030304
0.032643
0.032172
0.030164
0.030785
0.029339
0.030051
0.026851
0.270446
0.034686
0.044701
0.030059
0.030238
0.029478
0.029724
0.029598
0.032430
0.032526
0.031455
0.033366
0.034521
0.032928
0.027686
0.032570
0.028855
0.033512
0.029693
0.025421
0.274221
0.022527
0.032235
0.032517
0.029780
0.031142
0.032036
0.032357
0.030216
0.032524
0.030169
0.030736
0.032647
0.035586
0.026381
0.032485
0.027972
0.036267
0.030071
0.030249
0.299056
0.028440
0.029714
0.031103
0.024002
0.022722
0.025382
0.025381
0.022248
0.024461
0.025667
0.023409
0.023126
0.026160
0.019912
0.026151
0.025896
0.023779
0.023617
0.024591
0.241230
0.027513
0.025341
0.023706
0.024040
0.021504
0.028234
0.025264
0.024960
0.021921
0.027745
0.024660
0.025002
0.023687
0.023464
0.024671
0.028738
0.025457
0.030523
0.024105
0.231095
0.035819
0.032825
0.024336
0.024574
0.025133
0.024180
0.021534
0.024840
0.026715
0.028031
0.023142
0.024777
0.023814
0.025737
0.023440
0.022462
0.027686
0.024648
0.028018
0.248255
0.029332
0.024309
0.023881
0.025270
0.023975
0.026056
0.025774
0.024725
0.023626
0.025567
0.021281
0.027713
0.020975
0.029295
0.023582
0.023205
0.025981
0.023444
0.023475
0.239643
0.030303
0.028403
0.022766
0.022078
0.027089
0.024635
0.025289
0.024516
0.025354
0.022460
0.028656
0.018573
0.028346
0.023968
0.027489
0.024434
0.024725
0.023433
0.019605
0.242302
0.028546
0.027355
0.025927
0.022947
0.030601
0.022790
0.029506
0.024062
0.024573
0.023730
0.026783
0.031472
0.025587
0.024200
0.022786
0.023374
0.026830
0.025687
0.022178
0.231202
0.026814
0.029573
0.029837
0.031872
0.036536
0.027506
0.024843
0.025355
0.027213
0.023091
0.023372
0.028032
0.027251
0.021837
0.026106
0.027384
0.027652
0.020954
0.018959
0.236650
0.035263
0.023818
0.023186
0.026964
0.028726
0.029002
0.026469
0.025331
0.025064
0.023896
0.024477
0.023921
0.026766
0.024109
0.027889
0.022713
0.028825
0.016979
0.020481
0.220922
0.024678
0.032458
0.020858
0.030354
0.024337
0.022900
0.025695
0.025331
0.025557
0.021980
0.035234
0.021185
0.024927
0.023764
0.025280
0.029943
0.027945
0.024260
0.022322
0.246729
0.036270
0.029384
0.030049
0.024979
0.032476
0.033159
0.027675
0.024872
0.024066
0.026323
0.026650
0.031578
0.022222
0.027080
0.020484
0.033714
0.020766
0.029114
0.023818
0.302470
0.032518
0.023974
0.027054
0.022795
0.028135
0.025856
0.024822
0.026047
0.030364
0.027562
0.019555
0.029408
0.025954
0.026185
0.025842
0.026311
0.023813
0.027975
0.024884
0.316453
0.032985
0.027282
0.025791
0.027039
0.027351
0.030569
0.032198
0.032277
0.031504
0.035338
0.031373
0.028799
0.030740
0.026965
0.027982
0.025416
0.031682
0.021500
0.016717
0.277776
0.051251
0.035478
0.033366
0.025281
0.031619
0.032452
0.028275
0.036419
0.032171
0.031243
0.029464
0.026018
0.035735
0.027044
0.034708
0.029651
0.026349
0.025033
0.026175
0.286156
0.035592
0.031368
0.032133
0.033780
0.029510
0.032682
0.027026
0.029895
0.034563
0.030198
0.030770
0.030668
0.029764
0.029560
0.035180
0.034269
0.030708
0.024601
0.019383
0.265654
0.035956
0.036820
0.031002
0.027506
0.032113
0.032652
0.029819
0.029349
0.030263
0.029474
0.032518
0.029392
0.029647
0.033590
0.030685
0.034969
0.032183
0.033522
0.025464
0.280077
0.032513
0.027880
0.030296
0.032417
0.027975
0.032573
0.034500
0.031043
0.032899
0.026211
0.034948
0.026927
0.028928
0.032299
0.034496
0.030188
0.028914
0.031868
0.024187
0.285489
0.032729
0.035844
0.029302
0.031660
0.031117
0.030610
0.032182
0.030810
0.027212
0.030921
0.033767
0.029290
0.030879
0.032746
0.028997
0.034161
0.031717
0.028365
0.025510
0.283790
0.044504
0.037955
0.030412
0.033827
0.032173
0.029550
0.031605
0.035965
0.034587
0.035679
0.030166
0.034675
0.034469
0.035374
0.028187
0.036217
0.026379
0.020876
0.029720
0.277429
0.038872
0.034725
0.037035
0.034206
0.026292
0.033842
0.031085
0.029771
0.033895
0.027471
0.035721
0.028943
0.031483
0.036179
0.030627
0.027540
0.031244
0.025362
0.026967
0.272123
0.046344
0.031977
0.034202
0.034260
0.030990
0.027818
0.031555
0.031585
0.032170
0.030114
0.033256
0.028163
0.038403
0.034628
0.030171
0.028357
0.034374
0.027006
0.022426
0.283194
0.041545
0.031612
0.035224
0.033113
0.031854
0.030109
0.033060
0.031696
0.031595
0.032346
0.036935
0.028556
0.032398
0.035230
0.033977
0.028961
0.026597
0.027278
0.024527
0.267584
0.038907
0.033490
0.031950
0.035152
0.034204
0.032462
0.030947
0.035219
0.028804
0.035044
0.029023
0.032562
0.036039
0.031143
0.034344
0.027420
0.031348
0.027414
0.029713
0.278631
0.039353
0.033660
0.034220
0.032300
0.032656
0.033752
0.031189
0.034104
0.029978
0.033424
0.034560
0.029291
0.030996
0.031525
0.030985
0.029737
0.026661
0.027824
0.021996
0.283114
0.025488
0.030330
0.028721
0.033548
0.032751
0.034194
0.033282
0.035526
0.031380
0.034177
0.033899
0.040508
0.027206
0.034824
0.031628
0.032799
0.029966
0.021206
0.028728
0.287714
0.029344
0.030996
0.037784
0.027154
0.037832
0.031105
0.033801
0.033993
0.029900
0.033916
0.038444
0.032079
0.034712
0.029605
0.033705
0.037642
0.031355
0.023544
0.021533
0.277326
0.046844
0.031057
0.032203
0.035588
0.032949
0.034402
0.034272
0.031679
0.036054
0.039949
0.034253
0.028585
0.031490
0.035300
0.029223
0.031126
0.028829
0.034381
0.025095
0.266176
0.038855
0.037123
0.034526
0.030673
0.038036
0.030408
0.036782
0.033450
0.034738
0.031501
0.031458
0.031700
0.030908
0.036006
0.035436
0.032053
0.029682
0.030390
0.020361
0.290751
0.047497
0.031898
0.039190
0.033642
0.033296
0.030340
0.036184
0.032916
0.032505
0.031899
0.034074
0.033724
0.035522
0.027438
0.037331
0.027951
0.033804
0.029400
0.023055
