0.001727
0.022325
0.019541
0.020784
0.021226
0.641964
0.026224
0.019325
0.019649
0.021573
0.321908
0.035489
0.024977
0.034477
0.025800
0.027408
0.023613
0.028739
0.025291
0.032430
0.391652
0.016826
0.019955
0.029082
0.046429
0.026214
0.028603
0.036177
0.027858
0.031429
0.032339
0.028496
0.031062
0.031102
0.033957
0.027808
0.034682
0.027517
0.033789
0.027822
0.321458
0.019131
0.021583
0.031789
0.032871
0.031154
0.028286
0.028815
0.030141
0.032372
0.035830
0.025236
0.030948
0.030039
0.031210
0.030992
0.029943
0.032416
0.029624
0.024817
0.306681
0.016539
0.030309
0.043224
0.030531
0.030488
0.031871
0.032779
0.027731
0.035264
0.028132
0.030539
0.035075
0.026769
0.030730
0.036986
0.024440
0.030079
0.027613
0.026812
0.298496
0.015891
0.024951
0.032833
0.027925
0.031531
0.026694
0.030674
0.031586
0.029705
0.031767
0.034451
0.027750
0.032281
0.031654
0.031346
0.031744
0.031308
0.029526
0.032049
0.310795
0.017008
0.017083
0.027657
0.033453
0.029319
0.032628
0.031360
0.031276
0.031909
0.030659
0.032678
0.035851
0.028272
0.034152
0.029800
0.027639
0.029312
0.031979
0.032841
0.308884
0.014641
0.017165
0.020278
0.045481
0.033288
0.028557
0.030528
0.025473
0.031444
0.033028
0.026544
0.035803
0.027997
0.025084
0.034060
0.028533
0.031044
0.024432
0.035421
0.345708
0.014106
0.015651
0.025951
0.034192
0.028479
0.030246
0.029645
0.030277
0.033600
0.031080
0.032710
0.033316
0.029962
0.033337
0.029678
0.031495
0.032898
0.030116
0.032081
0.326264
0.015111
0.024273
0.028845
0.030079
0.028799
0.025613
0.029776
0.029018
0.032985
0.034646
0.028481
0.030858
0.034350
0.029045
0.039433
0.031347
0.027249
0.033369
0.032020
0.322069
0.016428
0.018222
0.030687
0.030912
0.023844
0.031977
0.029211
0.034811
0.028511
0.031306
0.032522
0.033446
0.031896
0.031238
0.030164
0.031645
0.033247
0.032686
0.033471
0.317955
0.015903
0.021266
0.031363
0.028844
0.030090
0.036755
0.029483
0.023612
0.030752
0.033535
0.029311
0.030962
0.033038
0.033514
0.032229
0.034006
0.028556
0.032463
0.036589
0.314961
0.015403
0.017330
0.027004
0.020325
0.028724
0.032502
0.029844
0.029667
0.033040
0.026197
0.028526
0.030358
0.031646
0.032344
0.031906
0.032627
0.031525
0.031900
0.032124
0.338048
0.015466
0.018667
0.020719
0.041288
0.036373
0.027272
0.033893
0.027844
0.031906
0.033796
0.027287
0.031014
0.027825
0.035266
0.030704
0.033083
0.031641
0.032670
0.034146
0.326763
0.019042
0.025131
0.024075
0.032639
0.028606
0.034854
0.031611
0.033357
0.029036
0.034158
0.039250
0.024791
0.030727
0.029809
0.035027
0.026576
0.036009
0.031249
0.039742
0.317528
0.017384
0.028304
0.038544
0.031362
0.030522
0.030432
0.032872
0.032949
0.030962
0.033491
0.032929
0.030939
0.030524
0.023722
0.032732
0.033453
0.029997
0.031812
0.033567
0.313993
0.018992
0.044641
0.040110
0.037975
0.033716
0.035218
0.029337
0.035856
0.029213
0.030170
0.026418
0.031758
0.030686
0.034600
0.032907
0.032264
0.030346
0.034140
0.032607
0.317098
0.023113
0.035324
0.029527
0.029753
0.027447
0.030139
0.033214
0.032907
0.030884
0.027162
0.030580
0.032403
0.033534
0.034460
0.035148
0.036585
0.032634
0.032368
0.028237
0.279794
0.030775
0.035392
0.022798
0.026423
0.026097
0.026026
0.023510
0.024280
0.025889
0.020584
0.028337
0.022156
0.021995
0.025820
0.021481
0.026507
0.024971
0.024507
0.025229
0.240491
0.025651
0.032793
0.024404
0.025055
0.025197
0.031809
0.020890
0.025737
0.025550
0.022760
0.023634
0.028936
0.025431
0.024309
0.030245
0.026456
0.025676
0.024524
0.024969
0.233544
0.028629
0.029496
0.024874
0.035294
0.029357
0.023036
0.020493
0.026000
0.029161
0.034152
0.026566
0.029684
0.019603
0.024228
0.026929
0.024905
0.026108
0.022370
0.025801
0.248001
0.031590
0.026006
0.033249
0.022384
0.025001
0.025134
0.025337
0.025403
0.026412
0.024426
0.023188
0.025954
0.023431
0.025769
0.024656
0.026860
0.024021
0.026346
0.023520
0.235218
0.041865
0.026954
0.022934
0.025042
0.025982
0.026485
0.028840
0.018645
0.019362
0.025387
0.023674
0.023162
0.027865
0.023996
0.023199
0.026587
0.023530
0.025672
0.023154
0.242930
0.032604
0.022511
0.023833
0.024415
0.026877
0.026405
0.024452
0.026798
0.023988
0.026962
0.025033
0.022635
0.019313
0.026056
0.024200
0.026832
0.027004
0.023142
0.025519
0.253393
0.032273
0.025532
0.027060
0.023502
0.026082
0.024051
0.030887
0.020034
0.027113
0.028987
0.025427
0.025741
0.022509
0.022943
0.027090
0.027720
0.027907
0.024285
0.025639
0.228139
0.016716
0.027376
0.021148
0.024244
0.028833
0.029133
0.029743
0.027955
0.028465
0.023840
0.025011
0.021625
0.024313
0.019820
0.023110
0.025618
0.023927
0.027661
0.023389
0.255209
0.023900
0.021688
0.019969
0.024376
0.029778
0.020645
0.027059
0.026623
0.024243
0.026768
0.023346
0.026260
0.024640
0.026093
0.028186
0.023024
0.027182
0.027362
0.031896
0.262071
0.025178
0.027474
0.021886
0.026280
0.025280
0.030301
0.029604
0.033253
0.033971
0.030580
0.032056
0.029535
0.026678
0.035572
0.029970
0.027461
0.025105
0.024920
0.025852
0.298825
0.028306
0.039610
0.021961
0.028406
0.027471
0.024368
0.026920
0.024817
0.027293
0.024777
0.028339
0.022424
0.027209
0.025700
0.028316
0.026413
0.022940
0.030786
0.026643
0.319970
0.037468
0.031754
0.027807
0.027387
0.024427
0.023123
0.026604
0.026698
0.026127
0.027494
0.026058
0.026052
0.024927
0.027334
0.026342
0.025089
0.028624
0.026084
0.029640
0.308720
0.021399
0.034301
0.026189
0.030209
0.034205
0.031458
0.034497
0.027327
0.031029
0.034989
0.027773
0.025021
0.027182
0.025217
0.028145
0.022138
0.030643
0.024707
0.026731
0.314869
0.032064
0.027407
0.032659
0.031407
0.032378
0.030754
0.031474
0.031365
0.030648
0.034146
0.029045
0.030417
0.032441
0.031054
0.031344
0.032263
0.026258
0.029219
0.026764
0.296342
0.030277
0.028311
0.032681
0.032947
0.028863
0.032494
0.032503
0.029892
0.034344
0.031458
0.032277
0.030516
0.030492
0.033057
0.033182
0.027569
0.033777
0.027534
0.028015
0.276236
0.023311
0.031764
0.040559
0.031533
0.021758
0.033864
0.033777
0.030505
0.036256
0.027007
0.032255
0.033759
0.030621
0.030974
0.031599
0.035360
0.027641
0.031877
0.034136
0.286492
0.026256
0.024202
0.026657
0.036520
0.026932
0.032200
0.032818
0.030819
0.030367
0.031497
0.032372
0.032606
0.031319
0.034375
0.029753
0.035238
0.027267
0.030301
0.025972
0.316843
0.023280
0.034155
0.032363
0.031962
0.022702
0.033454
0.030970
0.033313
0.030160
0.029475
0.031122
0.030781
0.035104
0.026933
0.028620
0.029944
0.030001
0.034658
0.029206
0.328717
0.032581
0.039100
0.027586
0.034694
0.032099
0.036889
0.034482
0.027693
0.033730
0.027617
0.033544
0.029231
0.035432
0.029557
0.031896
0.029565
0.033208
0.034288
0.035124
0.274023
0.033732
0.028335
0.029822
0.028279
0.040176
0.026173
0.033211
0.032334
0.030949
0.031711
0.032105
0.028462
0.033843
0.033119
0.032250
0.036194
0.027207
0.030677
0.030478
0.285228
0.030039
0.042010
0.031081
0.033046
0.032968
0.030587
0.030212
0.031079
0.032095
0.032099
0.030838
0.031825
0.031421
0.032484
0.033066
0.031508
0.028411
0.026628
0.028919
0.294457
0.033008
0.033127
0.031991
0.025318
0.029343
0.035105
0.030604
0.033422
0.031901
0.030405
0.035292
0.033105
0.029186
0.030309
0.030325
0.034177
0.032713
0.035328
0.028229
0.288802
0.029406
0.036585
0.017633
0.037028
0.030704
0.033187
0.031429
0.032292
0.031224
0.034189
0.033063
0.035711
0.032015
0.026930
0.034808
0.031286
0.033858
0.035700
0.029906
0.299649
0.024806
0.031952
0.026513
0.032449
0.030789
0.032664
0.032082
0.031360
0.033797
0.029835
0.033584
0.031710
0.032590
0.033978
0.028296
0.035340
0.032613
0.033067
0.032523
0.298957
0.021677
0.038741
0.027543
0.034244
0.030263
0.033785
0.033973
0.032652
0.028873
0.031579
0.025064
0.032450
0.030573
0.034000
0.030273
0.034661
0.032216
0.035374
0.029606
0.287687
0.016603
0.054118
0.031713
0.036003
0.029980
0.031254
0.033766
0.034447
0.028964
0.031284
0.034302
0.038845
0.032181
0.032194
0.032492
0.030986
0.036898
0.027644
0.033903
0.284499
0.023462
0.038712
0.034869
0.033683
0.028732
0.033971
0.031981
0.034331
0.029680
0.030258
0.023292
0.032528
0.037380
0.028901
0.034200
0.033745
0.033305
0.034306
0.034564
0.290768
0.018740
0.025571
0.033711
0.028405
0.028603
0.031175
0.032478
0.031208
0.029730
0.028187
0.035702
0.037717
0.034715
0.035085
0.026831
0.031263
0.034484
0.031958
0.032156
0.316869
0.016374
0.017983
0.027952
0.036368
0.030387
0.033282
0.035977
0.025084
0.033030
0.033413
0.035139
0.030446
0.032974
0.032892
0.034931
0.030497
0.035518
0.033735
0.028540
0.328098
0.013543
0.021227
0.034548
0.032675
0.032406
0.031836
0.031390
0.028076
0.030620
0.035089
0.034956
0.030776
0.030511
0.034340
0.028876
0.037932
0.032300
0.033122
0.031627
0.332476
0.016042
0.025655
0.045433
0.029677
0.032613
0.035568
0.029620
0.033791
0.034542
0.032546
0.033757
0.034311
0.033837
0.032860
0.033107
0.033835
0.032553
0.035102
0.032965
0.305488
0.018476
0.036312
0.040790
0.029143
0.038293
0.030417
