230	104	42	38
228	106	38	41
223	108	39	42
210	112	43	46
202	123	35	47
186	127	30	50
170	134	20	51
145	130	19	55
117	122	21	54
94	116	25	52
73	110	28	50
53	97	34	45
46	96	34	40
42	94	31	36
40	90	33	38
37	98	34	35
41	103	33	38
48	107	35	38
62	114	35	43
82	120	35	46
108	123	25	49
142	124	22	52
174	125	18	52
206	121	21	51
229	117	24	46
244	110	32	42
258	102	32	38
263	99	34	30
266	94	36	28
265	94	34	22
258	97	38	21
254	100	35	24
244	106	32	27
235	114	31	31
218	122	28	37
197	125	26	38
175	129	25	38
149	127	21	41
123	121	23	39
102	110	25	39
86	101	27	36
74	96	28	32
66	85	30	31
64	80	33	28
65	80	35	22
67	80	39	22
76	83	37	26
88	89	36	33
111	94	30	40
137	101	25	46
167	104	24	47
197	107	19	47
226	105	20	46
250	100	21	43
266	93	24	37
277	79	25	36
280	68	29	35
281	66	31	29
279	64	32	24
274	67	36	19
269	72	35	18
263	83	34	19
250	92	36	23
236	101	31	34
216	117	29	40
192	123	29	45
158	129	32	46
126	126	30	47
91	114	31	51
69	105	30	40
45	85	32	39
30	73	37	31
19	67	40	27
12	62	42	21
11	61	41	20
11	64	39	24
8	73	46	29
16	82	44	38
31	91	41	48
63	98	33	60
101	109	29	59
143	113	24	59
198	108	37	57
212	96	38	46
241	86	36	35
251	76	36	34
257	72	38	29
255	64	40	27
256	64	38	24
252	66	40	21
246	71	40	22
239	84	41	23
234	95	35	33
218	106	27	42
193	116	26	48
164	122	22	50
131	119	23	56
98	110	25	53
68	110	34	45
40	90	42	39
25	75	39	39
9	70	42	37
5	66	42	31
5	67	45	30
2	71	49	24
5	82	50	27
9	91	53	40
29	101	46	49
64	113	37	61
102	124	30	62
156	112	35	76
185	126	27	56
216	119	27	47
235	101	31	42
246	91	36	36
253	76	34	38
255	66	37	38
257	64	36	32
256	70	36	25
250	79	41	24
245	91	40	25
240	103	38	34
224	113	29	45
199	127	26	50
162	135	32	50
131	131	24	55
94	123	29	54
60	107	41	53
38	102	38	40
23	82	34	45
13	72	34	44
5	65	36	41
4	68	39	34
5	73	42	32
8	83	45	34
16	95	47	40
35	107	39	47
67	116	29	59
99	128	31	63
137	132	26	61
176	128	26	58
203	124	28	50
223	114	34	42
238	95	32	41
249	83	29	42
252	72	32	42
254	66	30	41
249	74	35	28
246	81	41	27
242	90	40	27
236	102	38	34
223	110	30	43
200	118	27	49
165	123	30	55
135	121	25	58
101	114	28	62
68	103	36	55
49	92	38	49
33	84	36	47
20	76	38	43
13	71	40	39
12	73	39	35
11	77	42	34
15	84	46	37
24	95	48	43
43	106	44	50
70	114	35	61
108	119	27	65
146	127	26	58
185	115	27	63
214	108	37	55
236	93	43	45
251	86	41	40
260	75	38	38
265	69	39	36
263	60	42	34
258	69	45	29
253	79	50	28
244	88	51	29
236	99	42	43
220	105	29	54
191	118	27	62
154	122	25	64
116	116	22	67
80	118	31	61
51	110	40	51
30	96	42	45
14	89	41	45
6	78	42	46
1	75	42	43
1	81	44	36
2	88	48	37
12	96	49	43
30	107	44	52
56	116	36	65
91	124	28	68
147	125	30	68
179	123	23	64
211	112	33	68
237	99	44	45
250	83	45	43
261	74	43	39
268	60	40	38
265	49	43	41
267	58	40	29
259	69	45	24
253	79	47	26
242	93	45	31
227	99	37	46
200	111	36	55
171	117	37	58
132	122	37	61
92	112	34	63
60	106	34	58
35	91	39	53
23	78	34	48
9	68	39	46
1	63	42	39
2	60	41	40
2	67	47	36
3	73	52	39
18	86	49	39
42	98	43	53
76	110	32	62
117	114	33	68
155	119	32	63
189	120	24	58
219	110	33	58
235	98	37	54
250	86	35	47
261	73	35	45
263	56	37	50
263	55	36	46
260	66	39	33
254	73	43	30
247	87	45	30
238	96	39	39
221	109	33	49
192	121	35	54
160	123	32	63
126	124	34	67
84	117	36	61
54	105	40	61
27	99	46	58
14	85	46	53
4	75	45	46
0	74	45	42
0	77	48	37
3	81	53	39
11	90	56	40
28	98	54	51
56	107	43	62
93	112	34	63
137	113	27	65
176	114	26	63
207	108	31	58
227	97	39	47
243	87	41	39
254	80	38	36
259	74	38	35
261	64	37	38
259	69	41	34
250	74	47	35
244	80	50	38
238	95	43	41
226	105	36	51
205	115	30	60
174	127	25	60
139	122	22	66
103	121	27	61
69	114	39	59
40	107	50	50
26	94	50	49
20	83	43	48
11	78	46	49
13	78	45	46
16	82	47	48
22	92	49	49
35	103	49	53
62	110	39	62
93	118	29	65
127	123	26	60
161	122	24	60
193	113	29	58
209	108	38	51
224	95	38	43
232	89	35	36
236	80	34	36
240	76	31	34
238	76	31	28
230	81	37	28
225	87	35	26
217	93	31	30
207	101	26	35
194	105	22	44
169	110	22	50
146	111	23	54
118	103	25	55
89	84	31	59
70	68	38	54
49	48	42	48
39	19	45	51
27	6	48	45
29	0	42	36
25	0	37	26
25	1	34	22
32	0	36	22
42	0	38	33
58	4	40	44
85	6	33	57
111	12	31	66
140	30	26	70
163	47	26	67
177	62	31	60
184	72	29	54
188	75	29	50
193	81	26	48
192	89	21	45
187	89	18	45
179	94	19	42
171	97	17	39
161	101	17	40
150	105	15	40
135	108	17	43
122	111	19	43
110	111	19	45
92	112	25	47
80	109	28	50
67	103	33	49
58	98	37	49
53	90	40	53
55	87	44	51
62	83	47	51
76	82	47	52
95	81	48	51
120	85	42	50
148	89	31	53
171	93	25	60
193	96	22	53
210	95	21	50
219	91	24	48
225	86	24	42
227	82	24	35
224	78	21	31
222	74	24	27
216	75	25	26
211	79	23	28
203	90	23	27
194	97	23	33
183	106	21	38
163	108	19	41
143	108	17	45
119	101	19	49
98	96	24	45
79	85	29	43
63	74	36	38
52	63	43	40
46	52	48	45
45	57	40	38
48	59	43	40
55	63	42	42
73	69	43	43
98	76	31	46
127	80	22	53
155	81	18	54
182	84	23	52
205	83	22	51
219	79	27	45
230	75	28	34
234	72	29	29
235	65	32	29
234	63	33	26
235	65	30	26
232	69	30	27
228	75	29	28
218	86	30	29
205	93	28	36
189	98	23	41
166	102	20	44
137	98	18	49
109	85	18	56
78	81	27	51
55	73	36	46
36	61	44	39
25	53	43	39
17	49	45	37
15	47	48	36
19	52	48	39
26	63	48	39
43	72	43	44
69	85	34	50
100	90	26	59
133	98	23	56
160	102	20	53
189	100	22	50
209	89	23	47
221	82	26	41
230	75	30	36
236	66	29	36
239	61	29	33
237	62	33	27
232	61	34	31
226	72	36	29
225	81	32	34
218	92	30	39
199	102	25	46
179	112	23	47
145	117	24	52
110	109	29	57
72	99	35	57
44	86	37	54
19	73	44	47
5	58	40	47
0	50	37	41
0	46	37	34
0	45	35	23
1	48	38	25
0	58	45	28
0	70	55	45
20	82	45	54
51	96	40	63
88	111	33	61
133	114	33	63
176	110	25	55
203	99	30	51
222	86	34	44
236	72	29	39
245	57	30	41
248	47	32	39
246	46	33	29
244	53	35	23
237	59	40	23
233	68	38	28
230	81	35	32
222	89	25	46
197	102	24	47
166	113	26	51
132	111	27	55
99	107	29	54
63	102	41	49
38	89	46	42
21	78	42	41
8	64	41	41
2	57	40	41
1	56	41	34
4	62	45	30
5	69	51	29
14	80	56	38
30	94	47	46
62	103	32	61
98	116	33	66
140	127	35	63
178	126	26	63
219	124	31	66
235	119	36	49
255	103	35	43
265	93	38	37
270	86	39	35
268	77	42	36
266	80	41	28
262	83	45	29
259	95	40	31
252	103	36	39
232	112	34	47
209	120	35	54
175	126	41	62
142	134	34	60
107	129	30	57
75	116	36	61
52	106	36	55
30	95	39	55
16	89	42	51
8	85	43	48
9	92	44	41
10	93	48	42
11	99	54	50
28	111	47	53
57	120	31	61
89	130	31	68
119	136	34	63
154	137	31	65
180	135	36	60
207	127	35	53
230	110	35	51
244	101	37	46
253	93	39	43
255	85	43	36
258	82	41	36
259	83	35	41
257	86	31	48
248	91	32	54
233	98	31	57
216	102	27	60
191	101	22	64
160	97	28	60
135	87	31	58
111	80	38	53
91	68	42	53
79	60	44	55
70	58	45	56
67	61	51	45
73	69	51	44
81	77	48	49
105	83	37	58
133	94	26	61
156	105	29	63
185	112	28	64
216	117	25	59
237	115	26	54
254	110	32	52
270	101	30	48
281	93	28	44
283	87	34	42
279	88	40	34
276	92	43	33
269	99	42	28
261	104	42	35
248	111	36	43
229	116	32	50
201	120	31	55
170	122	25	55
136	114	24	54
106	107	31	55
75	104	43	48
56	95	43	44
46	87	43	38
43	83	39	35
38	86	43	36
44	89	37	40
49	96	40	38
57	108	42	39
77	121	36	49
110	132	34	51
140	138	28	54
177	140	22	55
210	136	23	53
236	125	24	50
261	115	24	42
271	97	33	37
277	89	37	29
280	81	41	26
281	78	35	24
283	78	35	24
282	85	35	22
276	93	37	24
270	103	35	32
257	112	30	39
236	123	24	45
208	128	25	50
175	133	22	49
144	126	24	49
111	119	29	43
90	109	31	44
69	99	35	40
56	91	36	40
58	82	30	37
49	83	38	31
49	86	43	31
57	92	44	37
68	100	44	42
86	114	39	47
108	124	36	43
144	133	26	50
177	133	23	50
206	129	26	48
229	122	26	42
251	108	31	37
262	94	38	30
269	86	38	29
277	77	36	30
280	72	32	31
281	73	34	35
276	81	36	33
268	94	42	32
256	105	41	36
241	118	38	43
222	130	34	47
184	133	34	52
150	129	34	54
119	122	27	56
89	115	32	47
62	104	41	42
49	92	40	40
45	81	39	36
41	82	39	32
42	80	43	25
46	87	43	24
54	94	42	32
68	98	38	44
91	111	31	49
122	119	24	52
162	128	28	52
191	128	24	48
221	120	24	51
243	110	32	43
263	96	34	42
273	85	37	36
280	77	35	31
283	73	37	29
282	70	40	24
280	75	39	26
274	85	40	25
263	95	40	26
252	95	33	41
236	105	23	48
203	109	26	50
172	105	24	58
134	98	33	52
106	91	37	45
84	82	42	35
59	63	52	37
58	53	41	37
52	47	37	39
48	47	35	35
47	51	42	32
50	61	45	34
60	76	44	35
77	89	42	43
105	99	37	53
138	104	29	55
170	107	26	54
208	105	23	52
237	94	32	51
256	87	35	38
268	76	39	34
273	62	39	30
277	57	40	27
277	50	40	30
276	46	41	35
280	59	32	34
274	71	34	34
265	85	34	36
252	93	25	43
228	103	21	49
195	107	22	55
163	103	22	53
129	96	30	51
99	87	36	48
79	78	36	40
64	62	36	40
56	58	34	39
51	52	38	38
48	61	44	32
50	68	46	29
54	81	50	26
67	93	50	31
93	104	39	42
126	110	31	50
165	119	32	48
193	118	26	46
226	110	24	46
250	101	31	37
264	89	31	31
271	76	38	32
281	67	31	35
283	47	30	45
278	45	34	41
284	59	31	33
279	73	35	27
271	88	41	25
265	101	38	32
255	113	32	43
229	127	34	48
202	137	32	50
169	135	31	54
136	129	23	49
107	117	32	48
83	107	36	46
61	92	39	45
53	83	39	40
43	80	46	34
51	81	44	26
51	87	45	19
57	94	47	21
68	98	43	37
82	109	36	42
111	123	25	51
135	134	26	52
171	139	27	48
201	136	23	52
234	130	28	46
251	116	35	38
262	103	34	38
275	91	33	38
282	75	27	43
285	72	28	38
286	74	34	31
280	84	39	24
275	92	44	24
268	104	42	26
259	114	39	38
244	126	31	44
212	138	33	50
185	139	30	53
151	134	30	56
120	132	30	50
94	114	33	46
75	106	34	42
62	90	33	44
55	83	35	41
41	78	48	37
48	83	46	25
54	90	45	22
61	101	43	24
75	115	38	38
94	122	31	49
119	132	28	51
151	141	32	53
182	137	27	52
209	136	27	50
235	125	34	45
257	112	38	37
270	99	35	37
279	87	35	37
287	78	33	39
289	76	32	38
284	82	39	31
276	93	44	28
272	105	45	29
265	113	38	35
250	121	29	51
222	138	30	50
190	138	30	54
163	141	26	56
128	133	32	52
109	122	29	49
85	108	32	44
70	97	30	41
64	88	31	39
60	86	35	35
54	88	41	31
59	95	40	29
66	103	39	32
76	112	38	34
94	122	32	42
115	130	28	48
147	137	28	51
180	138	24	52
207	137	26	48
229	131	33	46
251	121	35	42
266	104	38	43
276	96	40	34
287	87	36	34
287	82	40	34
287	84	40	29
280	93	44	30
274	101	44	39
266	110	40	48
251	118	33	53
225	130	30	61
196	139	25	57
163	136	28	55
135	134	26	55
107	122	33	44
84	104	35	48
67	100	34	43
60	88	37	44
62	81	35	37
60	83	36	33
63	85	37	31
68	93	37	32
79	100	33	40
95	109	26	46
118	120	23	46
147	125	24	51
175	131	21	54
204	133	24	50
228	130	28	47
244	119	36	44
263	107	35	45
273	97	33	43
281	89	34	41
281	89	40	37
277	92	44	32
272	98	44	35
267	105	43	40
259	112	34	50
244	124	31	53
216	138	29	53
190	138	26	55
162	141	26	54
128	132	29	55
108	124	31	43
88	112	33	40
73	103	36	38
66	95	36	39
63	91	38	33
60	94	43	29
64	94	39	28
68	103	39	31
78	112	37	37
92	124	35	47
114	127	31	47
146	130	31	50
177	128	26	52
206	119	25	54
229	108	36	50
249	94	41	44
266	80	41	43
277	70	42	39
279	61	44	37
278	65	48	27
281	71	47	23
276	78	47	26
269	94	49	29
264	109	44	44
244	126	39	49
212	135	42	54
174	141	41	56
142	131	29	55
109	119	27	51
80	115	33	36
65	87	28	40
52	73	32	38
43	62	38	29
44	56	35	27
43	49	33	28
45	61	33	19
48	69	36	21
50	80	40	23
58	95	41	34
84	107	32	43
123	116	30	54
156	127	34	54
193	125	31	54
230	115	42	49
259	99	44	44
279	82	45	36
286	66	45	35
287	46	51	33
287	42	56	25
279	41	58	19
273	40	61	26
276	43	54	35
279	68	44	31
272	88	44	40
250	95	32	56
216	113	29	54
177	117	28	53
133	114	33	51
103	107	37	45
74	95	46	34
57	81	41	32
48	64	38	35
43	52	36	31
41	52	36	29
38	57	42	23
39	66	41	20
40	75	44	21
52	87	41	37
75	96	32	49
109	108	28	56
148	118	32	58
180	115	32	61
219	114	31	54
245	106	45	49
267	92	44	40
278	80	43	33
283	63	43	37
280	45	48	48
278	41	48	48
288	67	40	30
281	81	44	23
272	92	43	34
258	101	35	44
232	113	32	46
197	115	36	54
168	113	32	54
134	106	23	53
101	102	37	43
79	83	34	43
64	72	34	39
49	54	38	42
44	50	37	36
40	51	41	31
40	57	42	28
41	62	47	29
48	74	47	34
55	89	47	44
82	99	39	55
123	115	30	58
162	121	31	63
197	123	30	54
229	117	28	51
254	106	39	45
268	92	39	41
282	81	36	33
289	65	32	35
290	60	36	29
291	57	38	29
288	61	39	25
283	70	41	25
276	81	40	33
272	93	33	42
256	104	26	49
230	115	26	54
196	120	27	58
165	116	21	54
132	113	28	50
106	100	31	46
79	86	36	44
63	71	34	44
52	64	38	40
48	57	38	35
44	59	42	33
45	62	41	31
50	68	44	36
59	78	41	41
75	90	33	51
103	106	23	54
132	118	26	56
163	125	26	51
197	120	24	56
224	117	27	51
248	103	38	42
264	90	35	42
278	76	33	43
284	64	37	45
287	66	38	34
286	69	42	29
284	74	44	30
277	82	45	32
275	93	42	41
264	103	34	51
241	117	32	55
207	125	28	56
177	126	30	58
142	122	27	58
110	110	32	52
89	98	31	46
71	83	30	50
56	76	35	42
53	68	35	38
49	64	37	33
49	67	37	33
55	70	35	32
57	78	37	38
68	90	32	42
84	100	31	49
107	108	29	57
133	121	28	53
169	123	27	54
205	121	25	56
234	111	29	56
257	99	36	59
280	85	34	52
289	67	37	53
290	52	46	53
279	42	57	51
272	39	60	48
288	67	49	32
282	80	48	35
278	89	43	46
264	102	33	54
238	118	32	56
204	126	28	58
167	119	22	59
135	118	22	52
107	104	28	49
86	93	29	49
68	81	32	43
59	69	36	39
56	65	34	34
57	63	33	35
56	69	35	31
61	74	36	33
