163	149	34	47
162	148	34	50
161	146	35	50
159	139	37	59
161	150	37	54
128	149	70	67
160	144	42	69
162	145	41	73
166	150	37	66
164	146	38	74
166	148	37	59
170	147	36	55
175	147	32	62
175	155	34	51
173	155	36	55
178	152	32	60
180	150	28	56
180	154	31	56
183	151	24	48
178	151	33	59
188	162	31	43
186	156	31	42
185	164	31	46
189	159	28	46
191	165	28	49
182	181	37	38
162	194	50	40
178	175	43	44
186	174	33	41
175	180	44	42
197	170	26	40
196	160	30	49
194	170	32	44
209	163	27	44
210	166	24	42
196	174	40	45
211	164	24	45
202	174	36	43
215	165	24	43
204	165	29	45
204	160	29	40
188	154	34	51
175	149	48	50
191	147	29	40
172	151	37	45
168	156	30	38
167	156	31	43
149	175	36	42
155	167	31	45
137	169	43	54
134	175	38	48
126	180	44	42
120	184	42	41
104	177	34	45
99	178	33	45
82	171	36	47
78	164	32	50
69	158	32	51
72	157	28	49
61	157	31	48
58	155	34	48
70	168	20	39
71	164	24	38
66	163	32	42
73	145	32	49
77	144	34	49
86	134	34	53
83	130	38	60
96	134	32	51
99	121	31	57
110	124	32	54
123	117	30	47
131	125	25	49
128	120	29	49
130	132	31	42
129	136	34	47
137	139	30	55
133	151	37	51
136	157	28	42
129	154	29	45
131	160	28	47
141	166	22	41
138	157	27	36
153	166	22	36
137	167	31	41
134	183	26	32
132	167	24	46
136	172	23	43
122	184	42	41
137	186	29	44
141	184	27	40
153	194	26	40
159	191	33	50
172	191	28	52
168	203	37	48
186	202	27	45
202	202	20	41
192	191	30	54
192	190	28	47
188	193	25	46
197	201	21	39
195	191	26	51
196	195	28	47
199	200	24	41
198	197	23	45
190	194	26	47
182	193	25	45
176	199	28	43
168	202	29	40
161	202	29	41
162	207	23	39
150	198	23	47
126	189	26	51
113	192	29	49
101	180	30	55
96	179	27	52
90	164	27	51
77	155	29	53
65	147	32	48
58	132	34	52
59	128	25	45
53	121	26	47
47	118	26	51
49	130	26	35
59	102	25	48
60	113	27	49
69	84	20	42
25	94	25	37
63	117	23	43
52	128	20	42
56	124	30	50
69	141	21	33
44	144	23	40
42	113	24	38
55	134	32	49
61	137	25	46
76	137	20	42
74	157	21	39
58	155	27	46
65	144	26	42
64	142	27	45
65	154	23	42
72	151	22	41
75	155	23	47
72	158	20	40
89	155	15	31
89	151	16	30
83	150	22	43
86	146	21	42
90	137	25	46
80	121	22	51
104	125	22	43
118	119	21	45
132	114	21	42
133	107	26	41
145	107	21	39
151	100	24	45
165	99	21	44
173	98	21	42
185	93	23	42
191	94	26	44
201	94	24	40
206	92	24	44
215	92	23	46
222	95	25	44
225	96	25	46
222	95	29	51
227	104	26	45
226	102	26	53
230	111	23	47
230	115	23	47
228	119	26	50
214	126	31	52
213	125	28	55
212	128	28	51
205	137	29	54
201	136	26	54
191	136	28	57
183	146	30	48
173	138	33	52
163	134	33	58
165	130	25	51
149	112	30	61
137	111	37	59
135	98	28	62
126	100	28	58
116	93	30	59
115	91	35	59
118	90	29	58
109	121	24	35
115	80	19	44
107	74	22	48
109	67	21	47
103	60	20	45
101	62	20	43
102	59	19	38
95	58	21	45
116	83	23	48
94	56	27	44
94	72	24	39
89	70	20	43
86	72	24	40
95	64	17	43
76	70	32	43
71	67	35	50
76	74	29	52
78	84	25	44
76	85	27	46
78	87	27	49
83	107	24	38
74	93	19	46
98	91	21	33
91	124	21	42
87	91	23	38
83	104	24	50
74	99	20	44
82	99	17	40
81	98	22	41
90	94	19	44
96	90	23	43
103	80	25	50
116	76	24	45
130	77	22	46
147	74	18	42
151	67	23	44
159	69	21	46
178	70	21	44
165	63	21	34
194	68	22	38
206	72	20	36
211	83	24	44
222	92	23	43
227	101	20	40
233	101	22	46
231	103	27	50
228	109	28	51
224	111	27	47
220	114	28	52
215	125	28	51
204	121	29	56
200	128	29	52
192	125	31	56
183	138	30	49
176	137	27	49
169	145	27	43
157	135	26	51
144	128	30	55
136	125	31	56
126	124	32	55
114	106	37	58
118	110	30	56
112	76	31	71
132	77	27	55
122	82	27	54
119	60	32	56
90	53	32	72
89	45	28	52
87	43	25	45
98	59	23	44
68	46	29	42
83	71	17	38
77	71	19	38
71	76	19	36
64	79	18	37
39	93	26	45
30	65	27	55
22	65	28	68
19	66	30	71
24	72	23	63
22	106	24	39
18	75	20	48
19	84	19	45
8	84	27	47
54	100	18	32
69	83	21	31
74	88	14	28
34	96	19	30
19	100	18	39
22	93	21	53
28	96	20	46
35	94	21	47
44	94	21	46
58	92	22	44
68	88	21	51
82	106	20	44
95	80	20	43
102	76	24	38
115	64	25	45
129	64	26	40
141	58	25	40
149	60	24	48
165	61	22	45
175	61	23	42
190	67	18	41
194	59	23	45
202	61	20	40
208	58	22	38
226	60	21	41
237	73	24	37
239	66	25	45
233	68	28	44
241	63	31	47
238	69	27	44
243	96	13	27
234	87	21	35
251	86	23	34
239	83	24	41
230	86	25	40
223	90	28	41
215	100	25	37
205	98	27	40
195	107	27	38
182	105	29	39
169	110	29	39
162	118	28	37
152	116	30	39
133	110	35	47
115	109	28	49
123	93	26	46
122	108	28	51
120	112	24	47
112	110	22	39
101	100	23	47
103	100	20	49
82	100	25	51
83	111	25	42
111	70	15	29
95	74	20	37
71	112	23	41
65	108	25	45
76	95	23	40
78	90	20	41
56	100	23	46
57	109	21	37
42	102	17	37
40	123	15	32
41	99	26	41
43	85	20	47
35	81	26	47
42	82	19	42
26	91	17	40
0	98	14	34
30	91	20	41
25	81	23	37
0	104	24	30
0	102	17	27
26	108	17	34
29	99	21	39
31	97	20	41
32	101	24	40
38	95	25	43
45	97	27	32
63	103	17	33
68	94	23	37
77	96	23	37
101	85	20	39
101	96	20	43
114	90	20	45
121	83	21	49
134	66	19	41
139	67	26	43
160	65	26	45
167	65	25	43
200	63	22	40
210	73	20	37
219	80	18	39
223	88	20	33
237	90	18	29
233	85	25	38
233	81	30	38
241	86	30	35
252	88	22	35
247	87	33	39
251	89	24	43
256	95	25	41
248	96	30	46
249	98	30	42
250	100	32	44
247	108	34	42
250	111	28	39
230	115	23	43
236	117	26	37
229	119	29	42
218	119	23	44
215	119	28	42
208	113	32	47
194	116	23	47
198	120	30	43
200	111	25	41
190	110	29	49
168	106	30	54
164	109	30	49
167	106	30	52
172	107	25	52
171	104	31	53
157	107	31	46
152	106	26	49
160	106	25	48
172	84	25	48
153	102	34	55
132	120	22	43
154	133	25	46
123	142	21	34
124	156	15	27
121	160	15	26
100	149	17	36
90	155	20	34
89	157	15	33
113	157	22	35
108	163	19	33
94	155	19	39
67	154	27	42
92	167	21	37
124	139	17	31
104	168	17	30
107	155	16	37
76	170	17	37
44	150	22	38
57	161	19	26
24	146	17	36
38	142	22	39
37	137	25	38
32	149	20	31
49	141	21	36
44	133	26	36
53	126	22	40
55	123	27	44
68	118	24	38
78	101	21	48
85	94	26	49
96	107	22	40
108	104	21	37
115	98	24	39
128	104	19	35
151	98	20	39
158	99	19	34
169	100	14	39
174	105	18	36
185	105	21	36
192	110	21	38
199	118	21	33
207	119	18	35
212	125	17	33
215	123	19	38
219	122	17	40
218	123	21	42
223	132	16	34
226	132	17	36
227	138	17	37
227	139	18	43
226	137	17	44
222	140	19	37
223	138	18	44
223	134	17	39
221	134	16	38
217	134	17	39
217	135	18	37
215	135	19	35
214	129	17	36
210	124	20	37
213	127	17	34
211	122	19	33
212	119	19	33
214	115	18	32
214	110	19	30
211	93	19	34
217	101	19	32
215	93	21	35
214	87	19	39
219	87	19	40
216	90	18	37
216	115	21	39
217	101	18	34
212	108	19	31
202	99	19	35
202	107	19	36
199	112	18	33
192	112	18	35
184	121	17	29
179	129	16	29
169	120	16	36
159	126	16	36
153	127	16	34
142	131	17	31
132	126	18	33
122	138	20	33
139	119	22	39
115	128	20	37
107	124	15	34
103	120	16	34
97	124	15	33
96	107	16	37
96	109	14	31
97	93	16	35
95	89	16	34
102	92	13	28
107	84	13	29
98	84	16	37
119	72	15	27
123	63	18	29
139	60	17	29
139	59	19	28
153	57	13	32
160	60	17	34
165	55	18	30
170	57	18	35
187	52	16	33
189	58	15	30
197	62	14	29
200	70	15	28
203	74	16	30
209	80	16	37
211	85	14	33
210	94	16	31
211	98	14	32
210	103	15	30
209	109	16	31
207	110	18	32
203	110	17	29
206	115	15	26
210	107	17	34
200	115	18	31
195	111	16	31
186	105	24	37
204	115	16	31
199	112	20	31
199	119	21	27
202	115	15	25
201	99	17	31
205	96	16	28
209	89	17	33
212	86	18	33
217	85	21	36
222	85	19	34
226	83	18	35
230	84	19	32
230	84	21	36
226	81	20	36
232	85	22	38
226	78	21	42
226	87	21	38
217	94	20	36
213	100	20	35
210	105	18	34
208	111	23	32
190	110	20	37
188	117	21	35
178	120	20	39
169	119	24	37
158	109	19	42
151	114	22	45
131	127	21	36
128	124	21	36
119	126	20	39
107	130	24	43
110	130	19	40
108	119	18	38
105	120	18	37
111	102	15	32
109	93	16	33
118	83	18	35
115	84	17	28
115	91	20	36
131	77	14	27
126	70	16	34
136	71	16	27
131	65	16	29
136	65	16	28
141	63	17	27
144	64	19	28
145	67	13	28
148	71	18	28
159	72	18	29
152	78	17	29
149	76	16	27
151	81	17	28
149	79	15	24
150	92	15	32
145	94	19	39
145	87	20	38
142	94	15	30
134	91	16	35
144	102	17	31
135	94	15	28
132	106	19	33
142	109	17	39
137	100	16	31
138	108	13	23
142	113	15	32
140	111	16	27
144	107	18	28
152	98	21	30
158	102	16	29
157	101	22	32
175	98	17	29
185	89	16	33
193	87	16	33
202	81	15	39
206	84	19	32
215	86	19	36
214	89	26	34
220	89	26	37
225	92	26	35
224	90	33	39
237	99	24	36
230	98	26	38
231	99	29	41
227	92	36	46
235	106	23	40
221	106	25	42
223	112	30	42
208	127	23	39
211	120	28	47
203	123	30	48
191	125	30	49
188	133	31	45
177	140	25	39
169	142	24	39
162	148	33	37
148	134	31	48
139	126	29	45
135	128	29	43
129	124	28	42
121	120	24	37
119	124	20	42
123	116	22	43
136	128	21	33
124	109	20	43
123	103	22	43
132	96	21	44
134	95	20	35
136	85	22	37
136	90	23	44
142	92	23	32
148	75	20	33
137	79	18	36
141	78	21	40
142	84	22	43
144	87	20	34
153	96	20	31
144	99	27	37
190	90	18	28
165	92	19	39
200	86	16	34
189	78	19	30
163	82	21	34
168	101	21	34
150	102	16	29
153	74	21	34
157	101	15	28
158	106	19	39
141	99	16	31
145	94	14	24
138	94	15	27
131	95	21	35
152	88	15	31
146	79	15	29
146	86	16	27
153	90	12	22
148	85	17	27
151	85	16	28
158	92	19	38
160	87	17	43
180	77	14	25
197	73	12	25
206	77	18	31
214	71	17	28
226	70	17	32
233	71	15	29
239	71	14	30
244	72	14	30
246	76	15	31
252	82	17	32
256	89	16	29
258	94	18	33
259	100	19	32
264	108	18	30
260	111	20	31
261	116	19	36
259	125	19	34
256	123	20	38
245	133	20	40
241	136	20	36
227	140	26	41
216	143	27	49
207	145	25	44
201	146	25	40
187	156	30	39
173	156	32	41
165	162	25	34
152	159	26	42
135	152	33	49
124	150	27	45
114	145	30	46
99	142	31	49
96	137	25	45
106	143	19	38
85	137	16	35
85	131	18	36
84	129	19	39
91	117	18	38
79	123	23	40
77	105	20	46
86	112	17	39
86	106	21	39
80	103	21	36
94	112	17	28
92	104	21	34
100	101	17	36
95	98	25	35
107	98	19	36
104	105	18	31
110	101	21	33
119	111	19	32
121	109	20	31
126	109	17	32
127	112	19	38
122	112	21	41
136	111	15	29
129	111	18	31
117	97	15	28
130	114	17	32
130	118	18	31
130	115	16	33
131	121	16	27
136	122	18	37
135	109	15	41
135	113	19	34
136	108	16	38
137	109	18	36
149	107	13	30
148	104	18	36
149	99	17	34
162	101	15	27
171	95	14	28
184	89	12	27
178	85	20	33
202	78	16	29
213	73	15	30
219	73	16	31
230	63	13	35
238	68	14	31
244	60	16	36
248	58	18	38
260	61	18	31
265	65	18	30
271	64	19	30
275	70	19	32
281	67	19	36
281	73	21	35
279	77	23	38
276	84	23	39
270	85	25	42
259	91	24	42
250	98	26	43
243	104	23	43
228	107	25	48
216	117	23	44
201	131	24	36
189	136	23	39
173	132	24	46
160	143	21	41
145	141	23	42
124	140	27	44
118	131	22	45
109	130	22	44
96	127	23	41
91	118	20	49
86	119	18	41
79	114	18	37
78	109	20	40
75	108	21	41
85	97	15	36
81	92	20	41
81	96	18	41
85	81	20	48
84	80	20	35
90	73	16	36
96	63	19	33
100	63	18	34
104	63	14	29
109	56	13	35
111	56	16	34
115	57	14	34
119	57	14	34
123	57	14	29
124	61	14	31
128	63	14	30
126	75	17	30
132	67	14	26
132	68	13	31
105	79	14	24
128	70	18	33
132	52	22	39
135	55	18	35
159	84	19	31
135	76	13	31
142	76	14	28
139	83	13	23
139	79	14	28
139	66	15	28
139	66	15	29
145	72	13	27
148	70	14	25
153	69	12	23
157	63	12	26
169	62	14	23
176	54	13	25
187	52	16	29
196	47	19	38
205	43	18	31
212	29	19	33
218	25	15	28
227	21	15	26
231	21	17	26
232	18	20	32
245	23	19	28
253	26	18	26
258	30	17	29
261	28	17	28
260	33	21	30
263	38	17	31
262	39	21	34
255	46	26	36
257	52	22	41
250	60	23	37
243	58	25	42
244	68	20	37
224	68	22	39
205	85	26	45
200	89	22	44
188	88	23	44
176	84	22	44
137	73	22	42
128	81	23	53
114	102	23	39
100	100	28	42
96	96	24	46
78	90	25	49
70	92	24	46
60	93	20	30
61	93	19	44
60	91	25	49
59	104	22	40
69	97	15	38
59	86	25	44
70	85	23	42
69	82	24	39
75	81	23	41
83	85	22	39
87	81	23	37
99	81	21	46
101	80	19	42
113	82	20	40
114	86	21	41
114	85	19	38
123	88	19	36
125	88	21	35
125	90	21	36
146	103	15	33
148	103	14	30
125	105	14	33
140	114	21	38
126	105	27	42
143	113	22	39
145	113	21	37
145	115	22	37
140	111	18	43
143	117	16	39
146	143	19	39
169	111	18	31
139	81	18	32
128	72	21	39
154	104	19	33
137	107	20	30
139	96	19	42
140	100	18	34
139	95	22	36
148	106	18	34
146	97	22	36
147	96	18	41
157	94	24	33
160	92	18	35
164	93	17	32
156	91	22	34
190	119	21	28
202	88	19	30
175	74	17	38
216	76	16	33
221	83	16	37
227	88	14	31
230	91	18	32
229	86	17	33
228	92	19	35
228	94	23	37
227	98	23	39
217	103	32	36
224	109	27	30
221	117	28	34
207	133	16	29
203	142	15	26
192	139	19	34
189	139	22	37
183	137	25	40
166	140	19	38
157	143	28	38
134	144	22	40
133	142	24	44
143	136	22	45
124	151	17	30
98	145	20	38
100	140	24	41
92	127	27	38
88	128	23	48
81	122	27	46
80	116	25	34
71	112	31	51
77	115	25	44
59	112	19	38
85	97	22	42
88	103	22	44
88	100	28	49
81	105	15	39
93	88	26	44
106	110	28	40
89	106	21	35
122	100	17	36
107	83	17	28
131	95	18	36
142	96	22	35
158	106	14	27
157	115	13	25
144	98	22	30
143	106	24	37
157	106	20	37
157	118	21	38
151	117	21	39
155	122	29	39
151	132	23	36
159	137	27	38
158	143	22	39
161	146	19	33
175	125	17	33
175	129	17	31
162	139	20	40
120	172	19	34
115	164	19	32
98	165	19	34
105	159	19	35
104	157	20	32
99	155	23	34
103	152	17	29
96	151	17	32
88	148	14	27
81	138	14	22
74	151	13	28
61	145	18	32
73	144	15	32
85	124	20	32
120	121	16	28
142	85	22	39
140	100	20	41
163	85	18	36
210	83	17	30
209	79	16	34
213	85	19	32
216	91	15	29
213	94	17	33
207	97	16	34
203	104	16	32
197	107	16	35
188	110	19	37
182	103	17	41
164	117	25	36
155	124	20	32
144	127	20	35
125	131	23	34
119	130	20	34
107	123	21	39
96	122	22	42
81	128	22	40
73	128	21	37
67	128	20	35
55	123	22	34
53	121	18	33
42	121	20	34
45	108	19	35
38	103	21	35
38	96	21	37
34	91	24	37
40	89	20	36
44	90	19	33
56	93	16	29
51	80	23	34
62	72	22	35
60	74	20	35
70	73	22	35
83	75	17	35
88	79	18	39
96	86	19	38
108	94	20	36
115	90	21	41
122	96	23	41
129	101	28	39
128	109	30	41
149	113	23	39
159	121	17	35
168	125	17	35
172	134	14	30
175	138	15	32
182	147	14	27
186	146	14	30
184	135	20	35
192	142	14	32
195	142	13	29
198	144	14	24
201	136	14	25
204	128	14	26
206	120	15	27
210	113	15	27
211	107	15	26
214	101	16	26
217	99	17	28
221	87	16	29
225	80	16	26
228	74	15	30
231	67	15	26
234	64	17	26
241	61	16	26
241	61	18	25
246	66	17	24
244	53	13	27
245	62	18	31
248	64	17	27
250	69	14	27
244	73	14	25
240	80	15	30
237	91	15	27
231	95	13	28
224	100	13	27
212	103	15	26
200	104	15	32
197	114	13	29
184	110	14	34
176	124	13	30
166	132	12	28
155	125	16	35
144	128	14	32
137	130	16	33
126	136	15	30
120	130	16	35
112	125	16	37
107	126	15	35
104	124	12	32
94	123	14	32
87	111	17	32
86	104	13	32
85	105	13	26
81	95	15	29
79	84	16	32
83	82	16	28
84	71	17	32
86	72	16	33
85	71	20	35
87	69	18	42
85	76	17	37
87	79	16	35
86	85	16	37
91	92	17	30
95	97	14	31
96	102	15	34
95	107	18	34
102	112	19	35
112	117	18	36
116	119	18	37
123	129	15	39
125	139	18	38
132	144	17	38
138	146	14	36
136	147	20	35
142	151	20	35
154	155	16	34
165	165	16	22
169	158	19	26
172	152	19	26
181	145	18	26
188	135	17	24
199	125	17	29
207	113	18	27
213	104	17	29
223	100	18	30
227	89	17	31
234	84	18	31
244	80	16	25
251	77	17	23
255	72	19	25
259	68	17	30
261	60	18	33
260	60	20	34
259	67	20	30
262	72	19	29
260	76	20	27
261	82	16	26
258	89	18	25
255	92	16	27
247	96	16	26
243	101	18	22
236	109	16	23
226	117	19	32
217	123	17	28
210	127	16	30
205	126	17	31
195	130	15	27
184	133	17	26
171	132	15	28
164	129	15	28
153	126	15	30
156	128	16	28
149	121	15	30
128	127	19	35
125	121	16	34
124	114	17	34
111	109	18	33
110	112	19	37
104	101	18	37
99	94	16	31
95	103	17	32
95	102	16	32
83	100	19	35
76	102	16	32
75	109	17	27
66	103	16	30
71	106	17	33
65	111	18	30
55	113	17	29
50	107	15	31
51	103	17	28
47	104	15	28
40	102	19	33
38	102	20	33
38	107	14	27
33	110	15	30
32	112	14	33
37	113	22	33
33	107	22	36
35	103	17	30
38	108	14	30
45	106	20	34
51	100	22	34
58	91	20	35
77	90	18	33
85	84	18	33
100	78	19	35
120	79	20	36
126	94	20	39
139	81	21	36
155	74	23	44
179	79	19	40
194	95	15	31
216	94	20	34
221	97	22	36
237	102	21	36
247	107	21	36
256	113	18	34
263	113	19	35
268	114	20	35
272	121	21	31
273	121	20	34
272	122	24	28
282	122	17	31
269	122	17	31
268	124	17	28
266	120	19	30
261	121	19	29
258	121	16	27
257	117	16	26
251	112	13	26
251	101	14	30
245	97	14	27
245	95	14	26
244	86	14	28
239	72	14	28
242	68	15	31
246	79	17	27
242	75	17	30
243	73	15	30
241	70	16	30
241	78	15	31
236	81	17	35
231	90	15	29
226	92	16	27
219	99	15	30
212	103	15	31
199	108	15	28
187	110	16	31
181	111	16	34
164	118	17	31
153	121	17	34
147	119	17	31
132	124	18	32
123	127	17	29
107	125	18	28
95	123	20	33
83	125	16	28
76	119	22	30
68	113	19	29
64	108	19	31
63	99	17	28
63	95	16	29
68	94	15	26
54	81	22	28
60	69	18	34
54	64	23	30
56	56	20	31
62	64	17	29
55	66	24	35
56	64	23	38
58	66	22	33
58	66	23	35
64	77	21	33
75	81	15	35
76	91	16	33
79	97	16	28
77	92	21	40
77	104	22	38
82	101	24	43
89	109	23	42
95	109	28	40
106	112	27	41
124	115	19	41
132	114	21	42
146	114	17	37
162	101	21	45
176	102	19	42
199	120	14	26
207	103	21	38
218	101	19	40
229	101	17	36
235	99	21	37
245	101	21	33
253	101	21	33
261	103	19	30
267	96	19	31
263	89	20	36
262	96	23	33
259	94	27	39
261	91	18	33
268	95	16	28
264	95	16	26
260	97	15	25
260	99	17	28
241	95	19	28
238	94	18	25
241	97	18	27
234	92	20	27
230	83	19	27
227	78	19	29
224	73	20	28
224	74	18	28
223	78	18	22
212	72	18	27
213	73	17	28
206	70	20	29
198	61	17	30
193	50	18	32
193	55	17	28
185	54	19	29
190	61	22	37
174	48	18	32
171	47	18	36
172	50	17	44
182	66	20	38
168	55	17	38
164	45	18	37
157	61	15	31
147	63	15	29
132	66	15	28
121	65	16	31
115	78	14	30
106	62	18	32
97	62	18	36
90	67	18	38
82	67	18	35
79	67	16	33
67	78	21	30
67	71	21	33
67	67	19	35
65	67	20	34
67	63	19	33
64	74	19	25
65	67	19	29
72	58	16	35
73	60	18	36
78	64	17	37
84	70	16	36
89	70	20	37
96	77	18	33
107	83	18	37
116	90	18	34
121	98	18	40
125	105	18	38
133	106	21	48
142	134	21	39
147	136	19	44
153	137	21	42
165	164	22	27
173	157	21	34
180	163	20	35
192	164	24	33
204	166	22	33
216	165	22	30
226	160	21	29
233	154	27	29
249	144	18	29
258	141	20	28
258	133	21	30
265	126	23	29
276	120	19	26
272	115	25	25
257	112	18	28
271	112	16	26
274	112	17	34
260	97	19	35
258	97	19	37
253	109	20	37
245	107	21	31
242	107	19	33
243	116	22	28
248	127	18	26
245	132	22	26
243	138	18	26
255	144	18	24
256	148	16	24
254	154	17	26
258	158	18	21
259	160	18	24
256	164	20	23
255	155	21	29
263	155	17	33
250	159	26	28
240	172	21	29
235	165	22	30
234	163	24	30
227	163	23	30
221	165	23	31
216	163	23	31
200	164	19	29
190	166	20	29
181	165	16	31
162	163	19	33
142	158	17	33
130	160	22	38
122	165	17	32
112	150	26	42
104	159	21	37
99	159	23	37
88	184	21	33
86	173	15	30
81	186	17	30
71	200	19	31
86	209	16	33
83	202	15	32
72	212	20	37
86	214	18	35
84	212	15	31
88	208	19	32
85	208	17	30
81	202	20	33
79	203	15	31
84	201	18	26
96	199	16	29
99	192	16	32
91	181	18	33
99	186	17	35
107	182	19	32
113	180	17	30
112	172	16	32
123	164	21	35
132	171	17	30
135	171	21	35
137	168	20	30
139	172	21	35
149	164	23	39
154	177	24	30
163	184	23	27
171	187	27	26
177	190	22	26
184	195	25	25
196	194	24	25
199	195	26	24
205	193	23	24
211	191	26	23
221	188	25	23
225	185	26	22
228	182	28	23
232	174	28	20
237	165	27	23
237	157	28	24
243	143	26	26
239	135	27	24
243	124	25	24
247	112	20	25
248	102	19	25
245	92	21	24
246	85	20	26
243	83	22	22
241	76	24	25
240	65	20	28
238	61	22	30
236	66	22	29
236	63	23	33
236	71	25	29
228	74	26	28
224	76	27	28
223	81	22	29
222	86	16	28
214	91	20	28
210	92	21	26
204	93	19	28
198	88	20	32
192	87	20	31
182	87	21	32
188	90	19	30
157	90	18	29
155	100	13	31
153	93	13	30
159	68	20	37
155	66	22	40
154	64	22	36
150	100	19	37
167	84	24	39
166	85	23	49
167	71	20	38
174	83	17	29
147	78	19	32
146	82	24	37
139	89	22	38
148	99	20	36
145	107	21	35
139	116	22	39
134	126	24	34
138	139	20	37
128	134	21	34
130	152	20	38
138	156	20	35
115	155	21	35
135	161	19	34
117	165	21	39
137	174	15	33
123	175	22	37
137	169	18	37
128	171	24	40
139	179	18	39
141	177	24	35
144	171	31	34
141	174	26	38
159	157	33	45
165	148	24	42
170	140	32	45
180	144	34	43
192	144	33	40
201	149	33	36
204	148	31	38
209	153	36	35
218	151	25	40
222	152	29	38
226	153	31	34
224	157	33	37
230	161	27	34
232	162	23	33
224	155	29	39
218	160	28	35
216	158	24	40
213	160	23	35
210	158	22	38
206	160	22	34
202	156	20	36
196	160	24	27
199	152	19	30
198	149	21	31
204	146	16	30
205	137	18	33
203	142	21	33
207	133	17	30
212	123	16	32
210	122	21	28
188	110	19	40
212	115	15	29
195	103	19	35
201	105	19	31
212	103	17	32
204	91	21	28
200	85	21	32
197	81	19	32
186	80	22	36
154	69	25	32
166	71	22	35
156	76	21	37
148	75	22	34
137	77	23	31
123	89	24	31
109	89	23	33
103	90	22	31
97	94	21	34
105	97	18	30
97	97	18	33
92	98	18	33
80	98	25	33
79	99	20	33
104	113	15	26
101	111	18	31
110	119	14	26
111	109	17	34
117	120	15	26
112	116	21	30
126	110	17	36
127	108	24	39
138	108	20	37
132	105	19	31
166	99	18	36
159	98	23	40
175	101	16	36
179	103	15	31
187	101	16	32
170	86	19	42
169	117	14	30
178	112	23	32
183	90	21	36
169	78	16	35
190	101	25	33
191	108	26	37
191	106	25	37
196	113	18	36
198	120	24	33
201	121	27	37
205	126	26	37
212	134	21	35
216	138	25	35
225	138	21	36
228	139	25	36
240	143	21	34
244	144	22	33
248	142	25	33
257	139	21	33
263	135	18	31
266	131	20	32
273	125	19	32
278	115	18	32
278	110	17	34
279	106	16	28
280	100	19	27
279	93	17	29
273	91	17	29
269	86	17	30
264	85	17	27
255	82	18	31
246	83	18	30
238	83	16	29
231	86	17	31
225	91	18	30
176	77	22	36
180	84	21	29
178	81	18	34
162	83	21	36
149	100	19	35
149	94	17	34
141	95	18	33
135	94	19	40
128	112	18	29
122	112	20	30
121	125	21	49
120	122	22	31
138	127	22	43
152	165	20	32
142	176	21	35
150	164	18	38
129	115	24	37
136	108	23	36
134	105	25	36
115	105	20	26
131	92	26	31
138	92	23	31
135	92	19	32
141	96	19	28
142	101	17	29
144	92	14	23
126	85	21	28
116	96	20	26
116	89	12	26
118	84	19	33
146	93	20	34
128	86	23	38
129	90	26	40
137	114	22	29
130	103	25	39
145	106	20	35
147	113	23	44
154	112	23	49
157	121	21	41
171	138	25	35
185	141	22	38
202	146	22	37
219	139	22	40
233	144	22	37
242	136	26	41
266	134	19	37
278	128	18	37
292	117	16	36
296	111	17	35
301	109	16	34
305	93	17	39
308	84	16	34
308	91	15	32
296	85	16	32
293	80	17	29
297	75	17	35
280	70	17	30
275	66	16	29
263	63	17	29
257	70	18	30
249	67	17	32
244	70	17	27
235	74	16	26
224	70	19	25
214	78	14	23
203	84	16	27
196	89	17	28
190	95	15	25
182	100	12	25
178	105	12	24
175	102	15	26
165	106	17	32
163	114	18	28
155	121	21	36
163	118	20	41
162	115	23	37
141	122	21	46
149	119	17	49
167	115	20	31
174	112	15	27
157	98	16	30
154	95	18	30
149	91	19	32
143	94	20	28
136	91	20	27
132	86	16	25
116	83	20	30
112	80	19	32
109	71	20	26
97	76	21	32
90	77	21	29
86	83	20	29
86	83	19	29
60	73	22	32
67	77	26	31
57	73	25	31
54	82	18	31
51	115	16	28
56	116	15	29
55	123	15	28
77	117	15	29
76	119	21	34
83	123	20	36
94	118	24	45
100	126	26	47
116	138	28	40
130	135	27	44
138	132	30	45
158	135	26	43
175	135	19	43
187	143	21	36
197	145	22	38
207	151	18	30
220	137	17	37
228	132	18	39
234	132	19	37
238	124	19	38
243	119	19	37
242	119	20	32
244	112	19	35
239	108	20	34
244	107	17	31
241	101	17	35
237	98	17	35
237	98	16	34
231	99	17	32
228	99	16	32
225	98	17	32
221	99	16	33
218	98	17	34
218	109	14	26
218	110	14	27
218	111	15	29
217	122	17	27
218	114	15	36
218	105	15	37
222	130	14	29
228	133	12	25
234	127	13	31
226	112	18	32
217	100	31	37
207	118	17	28
211	102	16	33
189	100	17	33
198	104	19	35
200	104	16	30
194	96	17	34
187	90	18	32
176	102	15	33
171	97	19	43
164	88	16	33
154	94	20	32
141	97	19	29
135	101	18	30
124	100	19	33
115	100	20	35
103	110	22	33
95	109	19	35
83	112	20	38
79	115	19	33
76	119	18	34
69	128	18	31
64	129	20	30
82	148	18	27
54	152	15	30
62	148	20	35
60	144	24	34
64	142	22	42
72	150	19	45
74	157	25	38
83	164	24	39
85	162	23	45
89	170	21	42
103	170	22	36
109	169	22	36
127	163	19	38
140	178	23	33
142	183	28	37
152	193	32	39
150	188	32	43
141	173	29	39
148	167	32	41
161	174	24	41
156	174	27	39
159	173	32	35
168	180	25	36
178	181	31	39
189	184	28	44
193	226	22	29
202	188	28	35
210	190	25	36
206	192	25	35
202	192	25	36
200	194	24	32
200	193	27	33
198	191	27	34
195	192	28	32
201	188	25	33
204	193	23	32
198	195	28	31
199	198	25	32
199	196	25	33
198	195	25	30
199	195	26	30
200	191	29	31
203	186	28	31
206	180	30	27
213	173	25	28
211	165	25	28
201	159	22	29
199	149	22	32
198	146	19	30
191	140	18	30
180	120	17	35
166	127	18	30
189	154	22	30
151	112	17	37
146	121	15	32
119	129	15	27
116	125	20	34
108	128	16	29
114	129	19	35
127	122	13	28
110	135	18	34
100	169	19	31
124	153	15	34
116	120	14	29
121	110	19	36
118	108	26	37
127	117	22	48
129	102	28	35
138	93	26	37
151	119	24	51
164	93	19	36
163	98	17	27
175	93	14	29
175	93	12	26
179	90	13	24
178	70	14	27
171	69	17	30
164	69	20	30
160	57	23	34
162	60	22	32
158	82	15	32
134	64	23	40
158	67	20	35
135	86	22	28
117	70	20	35
131	77	20	39
114	86	19	36
140	90	18	30
155	94	16	28
124	86	15	35
167	99	20	32
168	110	17	32
173	105	21	32
180	113	18	40
191	108	16	37
199	107	17	37
207	118	16	36
211	120	14	32
217	102	20	33
228	100	18	36
228	98	19	30
236	95	18	35
237	92	16	33
234	93	22	30
230	85	16	35
224	68	28	30
234	75	24	33
234	73	22	33
227	79	22	32
229	72	19	31
217	80	20	28
210	85	20	31
207	84	17	30
210	101	14	32
197	103	16	36
190	105	15	26
186	110	20	33
163	104	21	30
143	108	23	30
153	117	16	28
134	104	15	31
136	114	18	36
147	129	18	36
147	144	15	28
136	146	20	35
151	150	14	26
137	141	19	38
147	146	18	34
145	112	17	35
145	111	19	30
152	104	18	35
171	96	17	38
183	106	19	37
183	107	16	32
175	96	16	34
132	134	14	29
129	132	14	33
121	125	15	29
119	127	13	29
110	125	14	32
103	126	17	37
94	124	17	40
95	128	16	34
84	122	16	38
79	121	16	36
73	124	14	37
68	130	15	34
64	142	14	29
57	148	15	33
55	160	15	35
54	156	15	34
55	160	14	31
57	165	16	36
62	177	13	30
64	179	14	32
69	182	15	32
78	184	15	34
81	185	15	31
85	181	19	40
94	192	18	35
104	195	16	33
109	199	17	35
120	198	16	34
130	201	15	32
132	199	18	35
134	196	19	35
140	200	17	33
144	197	16	32
144	197	18	34
142	196	19	35
137	194	24	37
139	196	23	34
140	201	20	34
142	202	19	35
139	203	19	34
141	207	18	33
137	202	21	31
140	210	18	38
141	210	19	31
142	206	17	32
144	205	17	32
148	205	17	31
153	205	17	32
155	201	17	33
160	198	18	32
164	188	15	33
164	179	17	36
165	176	16	36
168	167	17	34
169	165	20	31
165	157	20	34
165	152	18	35
162	147	19	34
160	143	16	32
157	130	17	38
146	132	17	37
142	125	16	33
139	122	14	34
135	119	15	32
124	114	14	32
122	115	16	31
120	118	15	29
109	120	17	29
106	120	17	30
107	118	14	30
102	131	15	23
97	120	17	30
80	117	17	25
97	120	17	29
100	121	17	29
104	122	18	29
111	123	17	27
115	124	19	25
121	120	19	31
132	119	22	31
143	113	17	33
151	109	18	31
158	108	16	29
163	106	19	33
176	106	16	32
172	97	17	31
176	98	19	31
182	94	17	28
181	95	18	34
187	99	13	28
184	100	15	29
183	110	16	32
182	93	16	29
179	92	19	27
183	106	20	32
185	98	16	27
189	105	17	30
188	114	17	37
192	117	17	33
188	106	17	27
195	110	15	23
199	110	15	25
204	112	14	27
208	113	15	26
215	111	14	29
221	108	16	28
231	104	15	28
237	107	16	26
242	102	15	27
244	97	16	29
254	93	14	29
256	95	16	28
258	92	15	27
263	86	14	27
260	86	15	27
255	84	18	28
254	82	18	25
254	82	18	22
244	77	16	25
243	76	15	26
237	77	14	25
229	81	15	25
221	81	17	26
211	87	16	30
203	94	16	28
198	98	15	35
189	101	16	30
184	110	16	33
173	110	17	23
170	117	16	22
154	121	15	24
150	128	15	30
145	121	17	27
142	125	20	29
142	121	14	27
143	124	15	31
145	133	20	32
149	140	19	40
135	115	19	34
136	120	16	30
138	115	17	34
141	111	15	31
136	107	17	28
139	104	18	33
139	96	17	30
134	97	15	26
139	99	17	28
139	96	13	26
136	94	14	25
135	94	15	28
131	92	15	31
131	90	16	30
125	93	14	32
122	90	14	28
117	94	13	27
117	90	15	31
119	94	15	31
117	94	15	33
114	94	20	34
112	105	17	28
113	112	16	35
116	112	17	30
117	118	17	33
126	120	18	31
132	126	17	32
144	126	15	30
148	130	21	26
161	133	12	29
168	129	14	27
180	127	15	26
190	125	16	28
203	128	17	30
212	124	16	29
220	120	14	28
225	109	15	27
235	106	15	30
240	102	15	25
242	97	16	27
243	91	17	25
249	90	15	24
249	78	15	28
244	74	18	26
243	73	21	28
240	75	16	29
238	80	15	25
235	80	16	31
233	78	15	26
224	75	15	21
221	81	13	22
217	81	14	23
212	87	16	25
210	93	14	23
208	97	14	24
207	107	15	27
206	121	16	26
211	134	14	30
205	142	17	26
209	146	16	26
212	154	18	28
215	162	19	31
222	186	14	22
225	196	13	19
230	204	12	17
235	214	12	18
236	225	14	24
241	234	12	23
242	235	13	17
240	229	18	18
235	227	20	19
235	223	22	23
236	218	18	22
224	213	12	20
218	209	11	17
211	205	11	18
206	204	13	19
198	205	15	16
190	208	14	14
192	204	13	13
181	205	16	15
173	207	15	17
168	207	13	16
163	208	11	19
160	210	11	20
158	211	11	20
154	213	10	18
146	217	12	18
147	218	14	22
151	216	11	18
151	219	11	17
153	218	12	17
152	222	12	17
153	222	16	17
142	222	19	31
141	226	31	28
131	209	27	44
145	211	34	38
146	206	30	34
136	199	37	44
152	208	29	38
158	211	24	28
160	214	23	33
157	205	29	28
163	209	25	23
168	207	20	16
156	204	21	24
159	205	23	22
149	203	24	26
145	194	21	35
149	204	28	25
144	208	24	30
153	209	24	38
154	212	23	26
152	216	21	27
144	211	27	23
140	206	24	26
144	207	27	21
136	205	24	24
135	204	27	23
136	204	25	21
141	205	20	25
129	201	26	23
140	202	18	22
134	208	20	19
124	198	22	28
