74	146	48	35
77	144	38	30
77	144	41	31
77	143	42	33
78	143	45	32
82	148	42	32
79	147	40	32
82	150	39	31
86	151	36	32
91	153	37	32
91	155	37	32
97	154	35	33
101	155	32	33
104	156	31	33
107	157	30	33
110	156	30	35
114	156	30	36
117	157	31	35
118	156	31	36
121	157	32	36
123	156	32	37
123	156	35	37
125	154	36	38
126	153	38	40
130	152	36	40
129	151	37	40
124	151	43	42
125	152	44	38
121	149	47	43
121	150	48	41
118	146	49	43
117	146	50	45
115	145	53	45
114	143	53	45
112	143	54	46
112	145	54	44
108	143	56	46
107	148	54	40
105	148	54	41
102	150	54	38
100	149	55	39
98	151	55	36
95	152	56	35
92	153	58	35
90	154	58	35
88	155	58	34
85	157	60	33
84	157	58	32
82	158	60	32
79	159	60	30
76	160	61	30
75	160	59	30
75	160	56	27
74	159	62	28
73	161	57	28
72	159	58	27
71	158	59	28
69	158	61	27
68	158	59	25
68	157	62	26
68	157	60	25
71	155	61	25
71	155	60	27
71	155	65	27
70	153	64	27
71	154	64	27
74	156	63	27
76	158	63	25
79	159	62	25
83	161	61	25
86	161	59	25
88	162	59	27
91	162	58	27
96	163	57	28
101	162	56	30
105	162	55	31
111	161	53	34
116	159	50	38
120	158	50	41
127	156	48	44
132	156	45	46
139	154	42	48
146	155	38	46
150	157	36	46
154	157	35	47
161	157	31	47
164	160	29	47
170	162	27	45
172	164	28	46
178	164	29	44
180	165	29	42
184	168	31	40
185	170	32	39
189	173	34	37
190	175	36	36
194	177	35	34
191	178	41	34
193	179	41	35
192	179	44	35
190	181	47	35
191	182	48	34
190	184	49	33
189	185	51	31
187	186	52	29
185	186	53	29
182	188	55	29
180	187	54	27
176	191	53	26
173	189	53	26
170	189	54	26
166	189	55	28
162	188	56	27
159	190	55	26
152	188	55	27
146	187	56	28
139	186	56	30
133	185	55	30
129	184	55	32
123	182	54	33
118	180	53	35
113	178	51	36
107	177	51	36
104	176	49	38
100	175	48	37
96	174	47	39
94	173	44	40
91	173	45	41
90	172	42	42
86	171	41	42
85	170	40	43
84	169	40	44
82	170	39	44
82	170	38	44
81	170	37	44
81	170	34	44
82	173	36	41
84	173	37	40
85	175	38	38
86	178	38	37
88	181	39	33
90	184	39	29
91	187	39	27
97	189	37	26
100	192	37	24
106	193	36	23
115	195	31	23
121	198	30	22
130	199	27	23
137	199	26	24
145	202	28	24
149	201	30	23
155	203	35	22
161	202	37	23
166	201	40	24
173	199	41	26
177	197	44	28
183	193	44	32
188	191	48	35
194	188	47	37
200	184	46	40
205	181	46	41
211	179	45	42
215	178	44	43
219	175	43	43
223	172	44	45
226	169	44	47
230	167	41	47
232	164	42	48
234	163	41	48
235	159	42	49
237	157	39	50
240	157	35	49
239	157	35	50
236	156	39	50
234	156	39	49
234	157	40	49
231	159	40	50
230	158	40	50
228	160	39	49
223	161	38	49
221	165	37	47
217	166	37	47
213	170	37	46
209	173	36	43
205	175	34	43
200	178	35	42
195	181	33	40
190	182	32	40
183	183	31	41
178	185	29	41
172	187	27	41
167	186	25	41
162	187	25	41
155	186	26	42
147	187	28	42
142	186	28	43
134	185	30	43
129	184	31	44
123	184	32	44
116	182	34	46
112	181	35	46
108	180	37	47
103	178	38	49
100	176	39	51
97	175	40	49
94	175	42	50
92	173	43	52
91	171	41	52
91	170	42	52
91	172	42	50
92	172	43	48
94	170	43	50
98	171	43	50
100	172	43	49
102	173	44	49
105	173	44	50
108	174	46	49
113	176	46	47
116	179	47	45
120	182	48	41
124	184	50	39
130	187	51	36
134	189	54	33
139	191	54	30
148	192	53	27
153	193	53	26
162	194	50	24
169	195	47	23
177	195	46	23
183	194	43	22
191	193	40	22
198	193	37	22
203	191	34	22
211	190	31	23
218	189	29	22
224	188	24	21
228	187	24	21
232	184	24	22
233	182	27	21
234	180	30	22
235	179	31	22
235	176	34	22
236	174	34	24
238	173	35	24
235	173	38	27
234	170	39	31
233	169	40	32
231	169	43	34
230	168	43	35
227	166	46	38
225	166	46	40
223	167	46	41
220	167	46	43
217	168	47	44
213	168	47	45
208	171	48	46
203	173	48	45
198	176	51	46
190	180	53	43
186	183	54	43
179	187	54	41
173	190	57	40
166	195	57	37
158	199	58	35
151	203	60	33
144	207	61	31
136	209	62	30
129	211	63	30
122	215	64	28
118	216	64	27
112	218	63	26
106	220	65	25
102	221	64	26
98	221	63	25
95	223	63	26
91	220	63	28
90	222	62	28
89	221	60	28
88	223	61	26
89	224	61	26
88	223	61	27
89	221	58	28
92	220	57	30
96	218	54	32
101	217	51	34
105	212	50	38
112	210	48	41
120	207	44	42
128	205	40	44
136	204	37	45
144	201	34	45
152	199	31	45
163	197	28	44
169	194	29	45
177	193	30	44
182	192	33	43
188	190	36	42
191	190	39	39
197	188	41	37
202	187	42	36
207	186	44	34
210	184	45	33
214	184	46	31
218	181	47	30
222	180	48	31
223	179	50	27
227	178	50	29
228	176	50	28
229	175	50	27
232	176	51	27
233	176	48	26
232	176	52	23
231	175	52	23
232	175	52	24
230	176	50	22
228	176	54	23
226	176	55	23
224	176	53	23
222	177	53	23
220	178	52	24
220	179	50	23
218	180	50	23
210	181	55	22
210	182	51	22
202	183	55	22
198	186	55	22
193	188	56	23
191	189	54	24
184	190	55	25
181	192	53	25
172	194	54	26
165	195	55	26
161	197	52	26
152	198	53	26
148	201	52	25
140	203	52	24
134	205	52	24
127	206	52	25
121	206	51	25
116	207	49	26
110	207	49	26
105	206	48	29
101	205	47	30
98	204	44	32
94	203	42	34
90	202	41	34
86	200	39	36
84	200	38	37
82	200	37	35
80	200	36	35
78	200	35	34
76	201	36	32
75	201	36	31
76	201	33	30
75	201	34	28
77	202	33	25
80	203	29	23
80	204	29	23
85	204	26	22
89	204	24	22
92	204	25	22
96	204	26	23
100	205	28	24
103	206	30	23
106	206	33	23
111	207	35	23
114	208	38	22
119	208	41	24
123	208	44	23
128	209	46	23
133	210	48	21
140	209	49	22
146	208	50	24
152	207	51	25
157	205	50	27
165	202	49	30
172	198	47	33
178	196	46	35
183	194	46	35
189	190	45	37
194	187	44	38
199	185	43	39
204	182	42	41
208	180	42	40
212	177	41	41
215	175	40	42
219	172	39	42
224	169	38	44
225	167	38	43
229	163	36	43
231	161	36	43
232	161	36	42
234	159	34	43
235	158	33	43
235	156	33	43
236	155	33	43
238	156	29	43
236	157	31	41
234	156	30	42
234	157	28	43
233	158	27	42
231	160	27	40
230	161	26	40
227	162	26	38
224	165	26	38
222	168	25	36
219	170	24	37
216	171	24	38
212	174	24	37
207	175	25	37
201	177	26	38
195	179	26	38
191	181	27	39
183	184	27	39
177	186	29	39
171	188	30	39
164	189	30	40
158	191	30	39
152	192	30	39
145	193	32	39
138	193	34	38
133	195	34	37
127	193	34	39
120	193	36	39
115	192	36	40
112	193	36	39
108	192	35	41
103	190	35	42
101	188	34	45
99	187	34	46
96	184	34	49
94	186	35	49
93	186	34	50
90	187	34	51
90	184	34	51
94	188	34	47
92	188	36	46
94	187	36	47
96	186	38	47
97	187	40	47
99	188	41	46
103	189	42	44
105	190	44	44
107	191	47	42
112	191	47	42
116	192	49	41
121	193	48	40
127	193	48	39
134	194	47	39
140	194	48	38
147	195	47	37
153	195	47	36
158	195	49	33
166	197	50	29
169	195	52	28
177	197	51	24
183	194	52	24
189	192	52	23
191	191	53	22
196	190	52	21
203	187	51	20
207	187	49	20
212	185	48	20
216	182	47	20
220	182	46	20
223	181	47	19
226	179	45	20
228	178	43	21
231	177	42	20
231	177	43	20
233	176	41	21
234	174	41	21
232	175	42	21
233	174	43	22
232	175	41	21
231	175	41	21
228	176	42	22
227	177	39	22
225	179	39	20
222	180	40	21
219	182	40	20
213	183	41	20
211	184	39	20
204	185	41	20
199	186	41	21
193	187	41	22
187	188	42	24
180	188	42	25
173	189	43	27
166	190	42	27
159	191	43	28
153	191	43	29
146	191	44	31
139	191	44	32
134	189	42	33
128	188	42	36
121	187	43	36
115	184	43	38
111	182	42	41
108	182	39	41
105	179	38	44
101	178	39	42
98	177	37	43
95	176	38	43
94	175	37	43
91	173	37	44
88	174	38	42
87	173	38	44
90	174	34	41
92	173	34	40
95	175	34	39
96	173	34	40
100	176	34	38
103	175	33	38
106	176	33	37
110	178	34	36
114	179	34	35
119	181	34	35
126	183	32	33
132	184	31	32
139	185	29	31
147	185	28	30
154	186	27	28
162	187	26	27
169	187	27	26
177	188	25	25
182	188	27	24
188	190	27	24
193	188	28	23
198	187	28	23
202	188	30	22
206	185	32	23
210	185	32	22
215	184	33	21
219	183	33	23
222	181	33	22
223	181	33	22
226	181	33	21
227	179	34	23
230	179	34	24
231	178	32	25
232	178	34	24
234	176	32	25
234	178	31	24
232	177	32	25
232	177	32	28
231	178	33	28
229	178	34	29
227	179	34	30
224	180	35	30
221	181	36	30
217	182	36	29
214	184	36	30
210	186	38	28
205	187	38	28
201	188	37	28
195	189	36	28
188	191	37	27
181	192	37	27
176	193	35	29
168	193	35	29
162	194	34	30
155	195	32	30
148	195	31	30
142	195	31	29
133	196	31	29
128	196	29	29
121	196	29	29
116	197	28	28
109	195	27	29
103	196	28	28
98	195	28	27
94	195	27	27
91	194	27	26
87	194	27	26
84	191	27	28
82	191	27	28
81	189	28	28
78	187	29	29
80	188	28	28
81	186	27	29
82	186	27	29
85	186	26	29
87	186	26	29
89	185	27	29
93	185	28	28
96	186	28	28
100	187	29	27
103	188	30	26
108	186	30	26
112	187	32	26
118	187	32	25
123	187	33	25
128	189	34	24
136	189	33	24
141	189	34	24
147	189	33	24
153	189	34	25
159	188	35	26
163	187	35	27
169	186	34	28
174	185	35	29
179	183	34	29
183	182	36	29
187	179	35	30
190	179	37	30
194	176	35	31
196	174	36	32
199	172	36	31
199	171	36	32
201	171	37	32
201	168	36	33
204	168	36	33
206	167	36	33
208	166	33	33
207	166	32	33
205	167	34	34
204	166	34	35
203	168	34	34
201	169	35	34
198	171	35	34
196	172	35	35
193	174	34	33
189	177	35	32
185	179	36	30
181	181	36	29
177	184	35	28
173	186	35	26
170	189	34	26
164	190	33	24
159	191	33	25
154	192	32	25
149	192	31	25
144	193	30	25
138	193	29	26
133	193	28	27
128	194	27	26
125	194	25	25
120	194	25	25
116	194	24	24
111	195	24	23
107	195	23	23
104	194	23	22
101	194	22	23
98	194	22	22
94	193	23	23
93	192	23	24
91	190	22	23
89	191	22	23
87	190	24	23
90	190	21	23
90	190	22	20
91	189	22	22
92	188	22	22
94	188	23	23
97	187	22	24
98	188	22	24
101	187	23	24
103	188	23	24
107	188	23	23
110	189	23	22
114	189	25	22
118	189	25	22
123	189	25	22
127	188	26	23
132	188	27	21
137	187	26	21
142	186	27	21
148	184	26	21
153	183	28	21
158	181	29	22
164	179	28	23
170	176	27	25
173	172	28	26
179	169	28	27
183	167	28	27
187	164	27	28
191	160	28	31
193	158	29	30
197	156	28	31
200	156	28	29
202	154	28	31
204	153	29	30
207	151	29	30
207	150	31	31
209	148	31	31
211	148	31	31
208	149	33	30
211	148	29	29
209	148	31	30
208	147	31	31
206	148	30	31
204	147	30	31
202	148	29	31
199	147	30	32
196	147	30	32
193	148	28	33
189	148	28	33
184	150	29	32
180	151	27	32
174	153	27	32
168	154	27	32
162	156	27	33
155	158	27	32
148	160	27	33
141	162	28	34
134	164	27	34
126	166	29	34
119	168	31	34
113	170	31	34
107	172	32	34
100	173	33	34
95	175	34	33
89	175	35	35
85	174	37	35
79	175	36	34
77	175	36	35
74	174	35	36
72	174	36	37
70	172	36	37
68	171	36	39
67	171	36	39
65	170	36	40
67	168	35	41
69	168	33	39
70	167	34	40
71	165	36	39
72	165	37	37
74	164	39	38
75	164	40	36
78	164	41	33
80	165	43	32
83	164	43	31
86	165	44	29
90	167	45	29
95	166	43	31
99	169	44	30
103	172	44	29
110	174	42	29
115	174	42	30
121	174	41	31
127	175	40	33
130	174	40	32
137	175	40	32
141	175	41	31
145	175	41	29
150	175	41	27
156	175	42	24
161	175	42	22
164	174	42	20
169	172	42	20
173	172	42	20
178	170	40	20
181	170	40	20
184	167	41	20
188	167	39	21
190	166	39	20
192	164	40	20
192	162	41	20
194	159	40	21
196	156	40	24
197	155	42	22
197	151	41	25
198	152	41	24
195	151	41	24
193	151	45	22
195	151	44	20
192	151	46	20
191	152	45	20
189	152	46	20
188	151	46	20
185	152	47	21
182	153	47	20
180	154	47	20
176	154	46	21
173	155	48	22
169	156	49	23
166	158	50	24
162	157	49	26
157	158	50	28
153	159	50	28
149	158	50	30
143	158	51	31
137	159	51	31
132	159	51	31
127	159	52	32
123	158	53	33
122	158	49	33
118	157	48	34
114	156	46	34
113	157	45	35
109	155	44	36
109	152	42	39
107	151	41	41
106	150	40	41
105	148	39	44
104	146	38	47
104	148	38	45
106	153	35	42
105	153	36	43
104	151	39	44
105	147	40	47
107	149	40	46
109	149	40	44
111	151	41	44
114	151	42	43
116	152	43	44
120	152	44	43
123	154	45	43
127	154	46	42
132	155	47	41
137	156	47	39
142	158	47	37
148	158	48	37
153	158	48	36
159	159	48	34
165	158	50	33
172	159	50	30
176	156	51	29
181	157	52	27
186	156	54	26
189	155	53	24
195	153	51	23
199	152	51	22
203	149	50	23
208	148	47	22
212	147	48	22
214	145	47	23
214	144	49	24
214	143	49	24
218	143	48	24
219	142	49	24
219	142	46	23
216	143	50	24
216	142	48	23
216	144	47	23
213	144	48	22
212	144	48	22
206	144	48	22
204	146	48	23
199	146	48	22
196	148	48	23
190	148	48	25
185	149	46	26
180	149	46	28
173	150	47	30
168	149	46	31
161	150	45	32
155	149	44	34
148	148	42	36
142	149	42	35
137	148	40	37
131	146	38	37
125	146	38	37
120	143	36	39
114	141	35	39
109	140	33	39
105	137	32	40
102	134	30	41
100	134	28	40
99	132	27	41
95	131	26	40
95	130	25	40
92	129	26	41
92	129	26	42
92	130	25	40
92	128	25	40
94	127	23	40
95	127	24	40
97	127	25	40
99	129	25	40
102	130	26	39
105	130	26	39
109	132	27	40
113	133	28	39
118	137	30	37
123	139	31	36
128	143	31	35
133	146	33	33
140	148	32	34
146	149	33	34
152	151	34	34
159	151	35	34
165	153	36	34
172	153	36	34
178	153	37	34
184	153	37	34
190	152	36	33
196	151	37	33
202	152	37	32
206	151	37	32
210	150	37	31
214	150	37	30
217	149	36	29
220	147	36	29
223	147	37	29
225	144	36	29
224	144	38	29
226	144	37	28
226	142	38	28
226	142	37	29
226	141	37	30
224	139	36	31
221	138	38	32
218	140	38	30
216	139	35	31
212	139	35	31
208	140	36	31
205	142	35	31
200	142	34	32
195	143	34	32
189	145	32	32
184	145	32	34
178	146	30	34
173	146	28	35
165	147	29	35
157	147	27	35
151	147	27	34
145	145	24	35
136	145	26	35
130	144	28	34
121	143	29	34
116	141	30	34
108	141	33	33
103	137	33	34
97	136	34	32
93	134	35	31
90	134	35	29
85	130	36	29
83	131	36	29
81	130	35	28
78	130	37	26
79	129	37	27
78	129	35	27
78	130	37	25
78	129	40	26
79	127	42	26
81	129	41	27
84	130	42	26
86	131	42	27
90	133	43	26
94	133	43	28
99	135	44	27
104	135	43	29
111	137	43	29
117	139	43	29
123	139	42	30
133	141	40	32
139	141	41	32
147	142	39	34
154	142	39	34
161	144	39	36
169	144	36	36
175	143	35	38
181	144	34	38
187	144	34	39
193	143	33	40
198	142	33	42
203	140	32	44
208	140	33	43
211	139	32	44
214	139	32	44
216	137	33	44
216	136	33	45
219	136	32	46
227	135	23	43
228	136	22	45
219	140	32	42
216	140	35	42
213	136	37	45
210	135	39	47
208	138	40	46
203	136	42	47
198	138	44	47
194	140	43	45
190	141	43	44
184	142	44	43
178	145	45	42
171	146	47	41
164	149	48	38
158	152	49	36
151	154	50	34
146	156	50	32
138	158	52	29
132	160	53	27
126	161	50	26
120	161	53	24
114	161	54	23
110	161	54	23
102	160	55	23
97	160	55	22
93	157	55	23
89	155	55	24
87	154	53	24
84	151	54	25
81	151	55	25
80	149	54	26
80	150	53	24
81	148	52	25
81	149	53	24
82	147	52	23
84	148	51	22
87	148	49	23
90	148	48	23
92	149	47	23
95	152	48	23
100	153	48	23
104	154	48	23
109	156	47	24
115	157	46	25
121	159	45	25
129	159	45	27
135	159	44	29
142	159	44	30
149	159	43	32
154	159	43	32
162	158	42	34
168	158	43	34
175	157	42	34
182	155	41	34
187	154	40	35
193	153	39	35
198	151	37	36
204	149	36	37
209	147	35	38
213	147	34	37
216	146	33	37
219	145	33	37
221	143	33	37
223	143	32	36
224	142	32	36
225	142	32	35
226	144	30	34
224	145	31	32
225	146	31	32
223	147	30	31
221	148	29	30
219	149	30	29
216	151	29	28
214	152	26	27
209	155	27	26
205	157	25	25
198	158	27	25
192	159	26	25
184	160	28	25
176	160	30	26
171	162	31	26
163	164	33	26
155	165	34	27
149	165	36	29
140	163	39	31
133	163	39	32
127	163	40	33
119	161	42	34
113	159	43	36
108	158	43	38
103	156	43	41
101	153	41	42
97	150	41	46
95	149	39	46
94	147	38	48
93	146	36	47
93	144	35	49
94	144	35	48
95	143	33	48
93	139	35	50
95	140	35	49
96	138	36	48
98	137	36	50
100	136	37	48
102	137	38	48
105	138	39	48
108	139	41	46
111	140	43	45
114	142	44	43
118	144	44	41
121	146	47	39
127	148	48	37
132	150	49	36
136	151	51	34
142	153	53	33
147	154	53	31
153	155	54	29
155	153	58	28
166	154	53	26
171	155	54	25
177	153	52	24
183	153	50	24
187	151	50	23
191	150	50	23
195	149	49	23
197	148	51	23
200	147	51	23
203	147	49	24
206	146	48	24
204	145	50	23
205	145	52	23
205	146	53	24
204	145	53	23
202	146	53	23
200	145	54	23
199	145	53	23
200	146	51	23
197	150	53	24
193	149	53	24
188	149	55	23
186	150	53	25
181	151	55	25
180	153	52	25
173	154	55	27
167	154	54	29
162	155	53	31
157	154	52	32
150	154	51	34
145	154	51	36
139	154	50	37
132	153	50	39
128	151	48	41
122	150	47	42
117	147	46	44
114	147	43	45
109	146	41	45
106	143	39	48
102	142	38	47
99	141	36	46
96	140	35	47
94	137	34	47
92	136	33	49
91	136	32	47
91	134	30	46
91	134	30	45
91	134	30	43
93	133	29	42
94	132	29	43
96	131	28	42
98	130	29	43
101	131	29	42
104	132	29	42
106	133	30	40
111	134	31	40
114	137	32	39
119	138	31	37
126	141	31	37
131	143	31	36
136	145	31	35
141	146	32	35
148	148	31	34
153	148	31	35
160	149	31	36
167	149	31	37
172	149	31	38
179	149	31	39
183	148	30	39
188	146	30	39
192	145	30	39
197	143	29	39
202	143	27	39
204	141	28	38
208	142	27	36
209	138	26	38
212	137	25	38
213	134	25	38
213	132	25	39
213	129	25	40
212	129	25	39
211	128	24	40
209	127	24	40
206	125	23	42
203	124	24	42
200	125	25	41
194	124	28	41
190	124	29	41
185	124	31	41
179	126	35	42
173	127	37	42
166	130	40	41
160	132	43	41
152	134	45	40
146	138	47	38
138	142	48	37
131	144	50	37
124	147	51	36
117	149	52	36
110	153	53	34
103	154	54	34
97	158	55	32
93	159	55	31
88	162	55	28
81	165	59	27
80	167	56	24
74	168	58	23
71	169	57	23
68	169	59	24
65	168	60	24
65	168	56	24
63	167	56	25
62	166	61	25
65	164	61	25
67	163	62	25
69	162	63	24
70	160	61	23
70	160	64	25
75	159	64	24
78	158	61	24
81	157	62	25
87	158	61	25
94	158	57	26
98	159	60	26
103	160	60	26
109	159	55	28
116	157	54	31
123	156	53	33
128	155	52	35
135	154	48	36
140	152	49	39
146	151	49	40
152	149	47	41
156	148	47	41
161	146	46	42
167	145	44	43
170	144	43	42
174	143	43	42
176	140	43	41
179	138	42	43
181	137	42	42
183	135	41	43
185	133	41	43
186	132	40	44
187	128	39	45
188	129	36	43
191	127	33	43
187	127	36	47
184	126	37	47
183	125	37	48
181	127	37	47
178	126	38	47
175	128	40	47
171	128	42	46
168	130	43	45
164	133	45	44
158	135	47	42
154	139	46	40
149	141	47	39
144	144	48	38
139	146	49	36
133	149	49	34
128	151	48	33
123	155	48	32
117	157	46	31
112	158	46	29
107	160	46	29
101	160	46	27
96	160	46	27
92	162	44	25
87	163	45	25
84	162	44	24
80	163	46	23
79	161	46	24
76	160	46	23
74	162	47	22
71	161	49	23
69	160	48	24
71	159	46	24
70	160	48	23
70	159	48	22
71	160	48	21
72	158	48	21
74	160	49	23
77	162	49	22
80	163	50	23
84	165	49	24
88	165	51	24
92	165	51	24
96	166	52	24
101	167	53	24
106	167	54	24
111	167	54	25
117	166	54	28
122	164	53	30
129	163	50	32
135	160	49	34
142	159	47	35
147	155	46	38
152	155	44	38
157	151	44	41
162	150	42	41
168	148	41	42
172	147	39	42
176	145	39	43
179	144	40	44
181	140	39	45
184	140	38	44
186	137	37	45
187	134	37	46
190	133	35	46
191	132	34	46
191	132	35	45
188	131	35	45
186	129	37	46
184	129	40	45
181	129	40	46
179	128	41	46
176	129	42	45
171	128	42	45
167	130	43	44
163	130	43	43
158	132	44	42
155	134	44	40
148	134	46	40
144	137	47	39
136	139	47	36
131	140	48	34
125	143	49	32
120	145	47	30
114	146	47	30
107	147	47	29
103	147	48	28
96	147	49	27
92	147	47	27
87	146	46	27
82	146	46	26
78	146	47	25
75	146	47	24
73	144	47	25
70	145	44	23
67	144	46	24
65	144	46	23
64	142	45	25
63	140	46	26
65	140	44	25
66	140	44	24
66	139	44	26
68	138	43	26
71	138	40	28
75	137	40	29
78	138	40	31
82	135	38	34
88	135	37	36
92	136	35	36
97	137	35	36
104	137	33	38
110	137	31	37
117	138	29	38
124	138	27	37
131	140	26	38
137	142	26	35
143	141	26	35
150	143	27	34
155	142	29	34
160	143	29	33
164	143	30	31
169	143	32	31
173	143	33	32
176	143	34	31
180	142	36	32
182	140	37	33
185	138	36	34
185	137	39	33
185	138	40	33
184	139	41	31
187	138	40	31
189	140	40	29
184	138	44	30
183	138	43	29
183	137	42	28
181	140	42	27
179	140	42	25
175	140	44	26
172	140	43	27
169	141	43	27
165	141	43	27
161	142	43	27
157	144	44	28
152	145	43	29
147	146	43	30
141	147	44	31
136	147	44	33
131	148	44	34
125	148	44	35
119	149	43	36
114	149	43	37
109	148	43	37
104	149	42	38
99	148	42	39
96	148	41	40
94	147	38	41
89	146	38	41
86	144	38	44
83	144	37	45
81	142	37	45
80	141	37	46
78	141	37	46
77	141	37	45
78	137	36	45
79	136	35	46
79	134	35	47
81	132	34	47
83	132	35	46
83	132	36	47
86	132	37	47
87	132	38	47
91	132	39	46
94	133	40	45
97	134	41	46
101	135	42	45
105	136	44	44
108	138	47	41
112	140	48	41
118	142	48	39
122	144	48	35
128	145	50	33
131	145	51	32
137	146	51	31
142	146	52	30
145	146	54	29
151	146	53	27
155	146	53	26
157	146	54	25
161	146	53	25
164	145	54	25
169	144	51	25
171	145	52	24
174	145	51	23
174	144	52	23
174	143	53	23
176	146	53	21
185	146	45	20
180	146	50	24
177	145	50	23
176	147	52	23
174	147	52	23
174	148	51	23
171	150	51	22
168	150	52	22
164	150	53	23
157	151	57	23
156	152	54	24
150	152	57	25
145	153	56	26
141	153	55	27
135	153	54	28
131	154	53	30
126	153	52	31
119	153	52	34
113	152	52	34
110	151	49	35
104	149	49	39
101	148	47	40
96	148	46	41
93	147	46	43
89	146	47	45
86	146	44	44
82	143	44	47
79	143	43	47
78	142	42	48
76	142	42	48
74	142	41	47
73	142	40	48
73	143	40	45
72	141	39	47
74	139	37	47
75	137	38	47
76	137	37	46
79	135	37	47
80	135	38	46
82	136	39	46
83	135	41	46
86	135	42	45
90	135	43	45
92	135	45	44
96	136	46	43
100	139	47	40
103	139	48	39
108	139	50	38
112	142	50	33
117	142	51	31
121	142	52	28
125	142	54	26
132	143	52	24
136	141	53	24
140	140	54	24
145	139	55	22
146	137	58	22
153	136	54	21
153	134	57	21
159	133	53	21
164	133	52	20
164	132	53	20
167	131	53	20
173	129	48	21
170	130	51	20
172	129	49	19
173	128	51	19
173	127	50	19
175	126	48	19
175	126	45	19
166	125	52	21
162	127	55	21
163	129	52	21
156	130	55	21
154	132	54	20
149	133	54	22
146	136	54	22
142	138	55	22
138	141	55	24
133	142	54	26
130	144	53	28
124	146	52	30
120	147	52	32
114	147	51	34
110	148	50	36
105	149	50	38
100	150	49	39
97	149	50	41
92	149	49	43
90	149	48	43
86	149	46	43
83	149	46	44
81	147	44	45
78	145	44	46
77	145	43	44
77	142	41	47
76	142	41	47
78	140	39	48
78	139	38	48
79	137	38	47
80	136	37	47
80	135	38	47
83	134	38	48
85	133	38	47
86	133	39	47
87	133	40	46
90	133	40	45
92	134	42	43
95	134	42	41
99	136	43	39
103	137	43	38
107	137	43	37
113	138	43	36
117	137	42	36
123	138	41	35
127	137	41	35
133	137	39	34
139	135	38	34
144	135	37	35
148	133	35	34
154	132	34	34
158	131	33	34
161	130	32	34
165	130	31	33
169	130	30	33
172	128	28	32
173	127	28	32
176	127	27	31
178	128	28	30
179	126	27	29
178	127	27	29
177	128	28	30
176	129	27	30
176	130	25	30
175	131	26	31
172	134	25	28
170	136	26	27
167	136	26	28
164	138	26	28
160	139	25	28
157	141	25	29
152	142	26	30
149	144	25	30
143	146	26	31
138	147	26	32
133	148	26	33
128	150	26	33
123	152	25	32
118	154	25	33
112	156	25	30
108	158	24	31
103	160	24	29
98	162	23	28
94	164	24	26
90	164	24	25
85	166	25	25
83	165	25	24
80	165	25	24
78	165	25	25
76	164	24	26
74	167	25	25
73	165	25	26
71	166	26	25
72	168	25	25
71	168	25	24
72	169	24	26
72	171	24	25
74	173	25	24
77	174	24	24
79	175	26	25
82	176	27	24
85	177	29	25
89	179	30	25
93	179	32	26
98	179	32	26
102	180	35	26
108	181	36	26
113	181	37	28
118	178	39	30
125	176	40	32
131	175	42	33
138	173	43	34
145	171	44	35
150	169	46	36
156	166	47	37
161	163	49	38
167	160	50	41
173	157	51	42
179	154	50	43
183	151	50	45
189	148	50	48
192	145	47	48
196	141	46	51
200	143	44	50
202	138	43	53
206	138	40	51
209	134	40	54
208	133	41	54
206	131	40	54
205	128	41	56
202	130	42	56
198	128	44	56
194	128	46	57
191	129	46	55
184	130	48	53
180	131	49	53
174	132	50	52
168	134	51	50
160	136	52	48
152	137	54	47
145	139	56	45
136	141	56	43
129	143	56	40
120	145	57	37
112	147	58	34
104	148	58	31
96	149	58	29
89	150	61	28
83	150	62	25
78	149	61	24
72	150	59	24
67	151	60	24
61	150	62	24
60	149	60	25
57	149	59	26
54	148	59	27
52	147	61	27
52	150	58	26
52	146	58	26
53	145	58	27
55	144	57	25
55	143	61	26
60	143	62	26
63	143	62	25
67	142	64	24
71	142	65	23
77	139	64	24
82	139	65	22
88	136	62	24
95	135	63	28
102	134	63	27
110	132	61	30
118	129	57	31
127	127	55	33
136	123	52	37
144	120	50	39
151	117	50	41
159	114	47	43
167	113	44	44
174	110	42	46
181	107	40	48
187	106	39	47
193	105	38	47
197	102	37	49
202	102	36	48
206	102	34	48
208	100	34	49
210	100	35	49
210	101	35	47
211	101	33	48
209	101	33	48
208	101	33	49
205	102	34	49
204	102	35	50
201	104	36	51
195	107	36	49
191	110	37	48
186	113	39	47
181	117	40	46
175	119	41	45
168	124	43	43
161	128	45	41
154	132	46	38
148	138	46	34
141	142	48	32
132	146	50	30
123	149	53	29
116	151	54	27
111	154	53	25
102	155	55	24
95	157	55	22
90	157	56	22
86	157	55	21
82	157	56	21
78	156	56	22
72	155	58	23
70	155	59	25
67	153	52	24
66	153	49	24
64	152	55	25
64	150	53	26
65	150	54	25
66	148	55	25
67	147	55	25
70	147	55	24
72	146	56	23
77	147	58	24
80	145	58	23
84	146	59	23
88	146	59	23
92	146	59	24
98	146	59	25
105	146	58	27
111	147	57	27
117	145	56	30
127	143	53	31
135	140	51	34
141	138	53	37
148	137	51	38
156	133	50	40
163	130	49	41
170	128	47	43
176	125	45	44
182	123	44	46
189	120	41	47
194	119	39	47
199	116	38	49
203	113	38	49
208	112	37	49
211	110	36	50
213	110	35	49
217	108	33	50
216	109	36	50
220	111	33	47
214	111	36	50
215	109	34	50
214	110	34	51
210	112	36	49
208	113	37	49
205	114	39	50
200	118	40	48
195	121	43	47
191	124	43	46
184	127	45	45
179	131	45	43
172	135	46	41
166	139	47	40
160	142	45	39
155	146	44	37
147	149	44	35
140	153	43	32
132	154	43	30
125	158	43	27
116	159	42	26
112	160	40	24
105	158	40	24
101	159	38	24
96	158	37	22
93	157	36	24
87	157	34	23
85	154	35	24
82	152	35	24
79	152	33	23
80	150	32	25
79	149	33	24
79	148	32	23
81	146	31	24
81	145	32	24
83	144	32	25
85	143	33	24
89	142	33	24
91	142	34	25
96	141	34	24
99	141	34	25
103	140	35	27
109	141	35	27
114	140	36	29
120	138	37	31
125	137	37	32
130	134	38	34
136	133	38	35
142	131	39	37
147	128	40	39
154	126	39	40
159	125	39	41
165	123	39	42
170	121	38	43
175	120	39	43
178	120	38	43
183	119	38	44
188	118	38	43
191	119	37	43
194	118	37	43
196	119	38	43
199	118	37	44
201	119	37	43
202	121	37	43
203	123	35	43
202	124	36	44
201	124	37	45
199	125	37	45
196	127	37	44
196	130	37	43
192	132	37	43
188	135	38	41
184	137	38	41
180	141	39	39
174	143	39	37
168	145	41	36
161	147	40	35
155	149	40	33
151	151	39	31
144	152	39	30
137	152	38	30
132	152	37	29
123	154	39	28
118	152	37	30
112	151	37	29
107	151	36	29
102	149	36	29
97	149	34	29
92	147	33	29
89	145	35	29
87	144	33	28
85	143	33	28
83	141	33	27
81	140	32	26
81	139	32	27
81	138	31	27
81	137	32	27
83	136	33	27
85	136	31	27
87	136	34	25
89	136	33	26
92	135	34	27
95	137	35	26
98	137	36	28
102	138	37	30
106	138	39	30
112	137	40	32
117	137	41	33
122	136	43	34
127	136	44	34
134	135	45	35
140	134	45	34
147	132	45	35
153	130	46	36
159	128	47	37
167	125	45	38
173	124	46	39
179	120	45	40
184	117	44	41
189	114	44	44
194	112	41	45
198	110	41	46
202	107	39	47
207	106	37	47
210	105	36	48
212	105	36	47
214	105	35	47
217	105	34	46
218	104	33	43
217	104	36	48
214	105	37	47
213	104	37	48
212	106	36	48
209	107	38	47
206	110	40	47
203	112	41	46
199	114	42	45
196	118	42	45
191	121	43	44
186	125	45	42
182	128	45	42
175	133	45	39
170	136	47	38
163	139	48	36
157	142	48	35
151	145	48	33
145	148	48	30
139	150	47	28
131	151	49	26
125	153	48	24
120	152	51	23
114	151	51	22
109	149	51	22
104	147	51	22
101	147	51	22
96	145	52	23
93	143	52	23
91	140	51	24
89	141	53	23
85	136	54	25
84	137	55	28
85	135	53	24
84	137	57	24
85	135	56	24
87	136	56	25
89	134	55	25
90	136	56	25
95	137	54	26
97	139	57	24
99	140	57	24
102	142	59	24
107	142	58	25
112	143	59	25
116	145	59	26
122	145	58	27
128	146	57	28
134	146	57	30
141	146	55	32
146	146	55	35
153	146	53	36
159	145	52	39
165	145	51	40
171	144	49	42
177	145	48	43
182	145	46	43
187	146	44	45
193	146	42	44
195	146	42	46
200	146	42	47
203	148	41	48
205	150	40	47
207	150	39	48
208	151	40	49
209	151	40	50
210	152	40	50
208	156	40	48
207	157	41	49
206	160	40	46
203	161	41	47
200	163	40	46
197	165	41	45
192	167	41	44
187	169	42	44
182	172	44	42
177	174	44	41
170	176	46	40
163	178	46	38
158	181	47	36
150	184	48	34
143	185	48	31
136	186	49	29
129	187	51	27
121	186	54	25
114	185	53	24
107	185	53	23
104	183	52	22
97	183	51	22
92	181	54	22
88	180	52	22
83	177	50	23
79	178	55	22
76	176	53	23
74	173	54	25
72	174	55	24
72	173	53	26
71	175	51	24
72	176	50	25
70	173	50	26
72	174	49	25
71	175	52	25
74	176	52	25
76	178	54	25
80	179	55	24
83	182	56	23
87	185	55	22
93	187	56	22
99	188	55	22
103	192	57	21
111	194	54	22
117	195	53	23
125	197	52	23
133	198	51	24
139	199	51	26
149	200	49	26
154	200	51	28
162	200	49	29
172	200	47	31
177	198	47	33
185	196	44	35
192	194	44	37
198	193	42	37
203	191	41	39
208	188	40	41
214	187	37	40
217	184	37	42
221	182	36	42
224	179	36	42
227	175	35	43
228	175	35	43
229	174	34	41
231	170	34	44
230	170	35	43
231	168	34	43
229	168	35	43
229	168	35	42
226	168	36	42
224	169	37	42
222	170	37	41
218	171	37	41
215	173	39	40
211	175	39	41
207	177	40	40
203	182	40	39
196	184	43	39
191	189	43	37
184	193	46	36
179	199	47	32
172	203	47	32
167	208	47	28
159	213	49	26
152	217	50	26
145	221	50	22
140	224	50	20
133	226	49	20
126	228	50	19
121	228	49	20
115	229	49	19
110	229	48	19
104	229	49	20
100	228	49	21
96	228	48	21
92	226	47	21
91	226	46	21
89	224	45	22
86	223	46	22
85	221	45	23
85	218	44	24
85	215	43	24
87	214	44	25
88	213	44	25
89	212	45	25
91	211	45	25
95	212	46	25
97	210	47	24
104	211	47	24
107	212	47	22
111	212	50	21
116	211	50	20
120	211	50	20
126	210	50	21
133	210	51	22
139	209	52	22
147	208	51	22
153	206	51	24
160	203	49	28
167	201	47	28
174	200	47	29
180	198	47	30
186	195	46	31
193	192	45	32
198	189	44	32
204	186	44	34
208	183	42	35
213	178	40	37
217	176	39	38
220	172	37	41
224	170	35	41
226	168	34	42
227	166	33	42
228	166	32	41
231	163	30	42
229	163	32	41
228	162	32	43
226	162	34	42
225	164	35	42
221	165	37	42
218	165	38	41
214	165	40	42
210	167	42	41
204	171	44	39
201	173	44	38
195	177	46	36
189	180	46	35
184	182	47	34
176	186	46	33
169	188	47	32
163	190	47	31
155	192	47	29
147	193	48	29
140	196	47	27
133	197	46	25
127	198	46	23
120	198	45	22
113	197	47	22
108	195	46	22
101	196	46	22
98	194	44	22
94	191	45	24
91	191	43	23
86	189	43	23
84	188	43	24
82	186	44	25
82	185	44	28
82	185	43	26
81	184	43	25
82	182	42	26
84	183	42	24
86	183	43	23
89	183	43	23
93	184	42	23
96	185	44	22
100	185	45	22
104	184	46	22
109	186	47	22
113	187	48	21
119	188	49	22
125	189	50	22
132	189	49	23
139	190	50	23
146	189	49	25
152	187	49	25
160	186	47	28
168	184	46	30
173	182	46	31
180	178	46	34
186	174	45	36
191	171	43	37
197	168	42	39
202	167	40	38
206	166	39	39
211	162	38	40
215	159	37	42
219	158	37	40
221	154	37	41
222	153	37	42
225	152	34	42
226	150	34	42
228	149	31	41
227	148	31	42
225	147	34	44
224	147	34	45
223	148	34	45
220	149	35	45
217	151	36	45
214	152	37	45
210	155	39	44
206	157	40	43
201	159	41	42
196	165	42	41
188	168	47	40
183	172	48	39
176	177	50	37
169	183	51	34
163	190	50	30
156	194	52	30
149	198	52	28
143	203	51	27
135	204	53	26
129	207	53	25
123	209	53	24
117	210	53	23
111	211	54	23
106	211	54	22
101	210	54	22
96	211	55	21
92	210	55	22
87	207	55	23
84	207	54	24
82	204	53	26
80	201	55	27
79	200	56	27
79	200	55	26
79	197	54	27
80	197	54	27
80	196	58	26
81	194	60	26
85	194	60	25
89	194	60	24
92	193	58	23
94	192	60	23
99	191	60	24
103	192	60	23
109	192	60	25
115	192	60	24
123	191	58	25
128	191	60	26
135	190	60	27
143	189	59	27
150	188	59	28
157	185	57	30
165	181	54	32
172	177	52	37
180	174	50	39
187	170	47	42
195	167	45	43
200	163	44	46
206	160	41	46
211	157	40	49
216	154	39	50
220	152	38	50
224	151	37	49
228	148	37	50
230	146	37	50
232	147	37	49
234	147	36	48
235	147	36	47
234	146	36	47
231	148	36	48
231	149	37	49
228	150	39	50
226	150	39	50
223	150	40	50
219	155	40	49
215	158	41	48
212	162	42	47
205	166	42	46
200	170	43	45
193	173	45	44
186	177	46	42
179	183	48	40
172	187	49	37
167	194	49	35
158	198	50	33
151	202	52	31
143	207	53	28
136	211	53	24
130	214	52	21
123	216	54	22
116	216	55	22
111	217	54	22
107	217	53	21
101	217	54	22
95	216	54	22
90	215	55	22
86	213	55	24
84	212	53	24
82	209	53	25
80	208	55	25
81	206	54	25
80	205	54	25
82	201	53	25
83	200	55	26
84	199	55	25
87	198	56	25
89	195	56	25
93	195	56	25
98	194	56	25
103	194	56	24
107	194	59	24
112	192	60	23
119	192	59	24
126	192	60	25
129	192	58	24
138	191	59	27
144	189	56	28
153	187	54	30
160	185	51	33
168	181	50	36
175	180	49	37
182	176	49	39
188	174	48	40
195	170	47	42
200	169	46	43
206	166	45	44
211	164	44	44
216	161	43	45
221	161	42	46
