0.006127
0.028871
0.031004
0.030131
0.022644
0.183442
0.031367
0.036277
0.020939
0.027279
0.289875
0.015416
0.015588
0.016233
0.016081
0.016190
0.015552
0.015937
0.018856
0.024078
0.284711
0.015158
0.022483
0.021827
0.017033
0.015183
0.012137
0.015428
0.015026
0.016081
0.016097
0.013966
0.016946
0.014962
0.014518
0.015461
0.015767
0.017078
0.023690
0.016133
0.285691
0.025542
0.021494
0.017262
0.011917
0.016151
0.014103
0.014986
0.016539
0.015964
0.014993
0.016300
0.015279
0.012242
0.016584
0.017493
0.015951
0.021635
0.017178
0.020056
0.306203
0.016675
0.014388
0.015574
0.012441
0.013432
0.013987
0.012988
0.012707
0.012750
0.012641
0.013649
0.015863
0.012763
0.016114
0.014998
0.017422
0.020348
0.020396
0.021406
0.212388
0.014529
0.018877
0.020229
0.018382
0.021635
0.017008
0.015458
0.016358
0.015513
0.014693
0.015879
0.015904
0.014446
0.013048
0.014784
0.015562
0.017875
0.017414
0.022377
0.337762
0.013655
0.016464
0.014299
0.012783
0.016073
0.013205
0.015465
0.015552
0.018574
0.015144
0.016276
0.016511
0.022274
0.023414
0.020397
0.020129
0.020854
0.018576
0.018559
0.276093
0.013024
0.013671
0.015630
0.016439
0.015093
0.015637
0.015939
0.015890
0.016851
0.019984
0.023192
0.022648
0.022154
0.018778
0.023437
0.018154
0.018787
0.018680
0.023027
0.252637
0.012625
0.012976
0.016537
0.016298
0.016714
0.018025
0.020091
0.022200
0.019634
0.018173
0.021565
0.020072
0.019730
0.016882
0.019492
0.020344
0.020473
0.019420
0.022736
0.231588
0.014271
0.015313
0.015532
0.015879
0.014251
0.018694
0.016447
0.019561
0.019921
0.018197
0.022020
0.024050
0.017022
0.021256
0.020933
0.019792
0.021179
0.018558
0.020871
0.230715
0.013562
0.016739
0.016291
0.016035
0.014728
0.016312
0.022150
0.022146
0.017291
0.020091
0.017764
0.020885
0.019650
0.019048
0.019474
0.018806
0.020265
0.018589
0.019052
0.237594
0.013062
0.012643
0.015759
0.012663
0.015036
0.023329
0.023690
0.019376
0.021117
0.020295
0.020334
0.018165
0.021838
0.017889
0.020705
0.017292
0.021291
0.020859
0.021801
0.231258
0.015370
0.013102
0.016777
0.017834
0.019555
0.017378
0.021477
0.016582
0.022495
0.018053
0.019330
0.020501
0.021472
0.017487
0.021158
0.015579
0.021895
0.017942
0.021678
0.155399
0.013849
0.017004
0.016560
0.013186
0.015226
0.015324
0.014035
0.014062
0.014252
0.012505
0.012570
0.015649
0.016272
0.015630
0.015452
0.015840
0.013410
0.014040
0.015381
0.152197
0.012954
0.016597
0.015825
0.015685
0.012212
0.012655
0.016033
0.015550
0.014772
0.015934
0.013698
0.015077
0.015738
0.015075
0.014912
0.014870
0.016681
0.015100
0.013327
0.152773
0.013150
0.016292
0.018844
0.012431
0.011914
0.012663
0.016050
0.015419
0.016505
0.015764
0.016210
0.015539
0.015519
0.015625
0.015205
0.016104
0.011606
0.013053
0.013949
0.152528
0.014279
0.016325
0.020761
0.016925
0.016043
0.020148
0.018633
0.017948
0.019905
0.021426
0.020625
0.019161
0.020353
0.016719
0.015722
0.015249
0.015568
0.013281
0.016008
0.155168
0.013038
0.016577
0.015021
0.015039
0.016870
0.014489
0.015784
0.015363
0.013548
0.012434
0.015654
0.015396
0.015666
0.014010
0.015126
0.015831
0.015638
0.013831
0.015862
0.150245
0.013442
0.016187
0.015230
0.015548
0.016138
0.016074
0.015186
0.015585
0.016288
0.014251
0.012946
0.015481
0.016450
0.016253
0.015793
0.016156
0.015692
0.012773
0.014448
0.152707
0.013003
0.016476
0.015248
0.015839
0.015213
0.015518
0.015064
0.015636
0.015739
0.016430
0.016009
0.016537
0.016554
0.016365
0.015115
0.012901
0.013597
0.015640
0.014913
0.150941
0.013024
0.014278
0.015918
0.015698
0.015554
0.017502
0.015939
0.014791
0.015743
0.015743
0.016126
0.015235
0.015685
0.015319
0.014780
0.013752
0.015839
0.017328
0.016982
0.154780
0.014905
0.016396
0.014962
0.016409
0.015702
0.015791
0.015823
0.015504
0.016076
0.015569
0.015161
0.017049
0.017176
0.015356
0.015550
0.015037
0.016396
0.016436
0.015617
0.156898
0.013247
0.015379
0.015934
0.015851
0.015943
0.016055
0.016045
0.015831
0.015803
0.015630
0.014818
0.013726
0.015927
0.015033
0.013396
0.015387
0.014843
0.015842
0.015276
0.154053
0.013464
0.015290
0.015545
0.015260
0.015290
0.013911
0.015672
0.012007
0.015103
0.015201
0.015627
0.015890
0.014721
0.015661
0.015534
0.015226
0.015003
0.015225
0.012841
0.149628
0.012219
0.014700
0.015862
0.014634
0.013400
0.014477
0.014029
0.014108
0.014761
0.013792
0.016022
0.016336
0.015272
0.015772
0.014756
0.015094
0.015409
0.015510
0.016643
0.151142
0.013156
0.014317
0.016296
0.016070
0.015954
0.015790
0.015494
0.015128
0.015023
0.015790
0.015358
0.014966
0.016336
0.015830
0.015772
0.015386
0.015646
0.015575
0.014966
0.153820
0.013013
0.014600
0.013693
0.013047
0.014639
0.016970
0.015490
0.015829
0.014774
0.014677
0.014253
0.015416
0.016055
0.016130
0.015708
0.016846
0.016040
0.016130
0.016258
0.154043
0.012437
0.018726
0.018504
0.019683
0.017990
0.017884
0.018781
0.017826
0.018083
0.017706
0.018034
0.018033
0.015712
0.016166
0.015795
0.015302
0.013087
0.015434
0.013133
0.150467
0.012267
0.015691
0.016235
0.015887
0.016492
0.015611
0.012592
0.012543
0.012920
0.016443
0.013408
0.016031
0.015989
0.015625
0.012662
0.012877
0.014538
0.013105
0.015841
0.156044
0.013645
0.016635
0.015716
0.016350
0.015342
0.016448
0.016651
0.015775
0.014944
0.016810
0.016113
0.014491
0.012368
0.016205
0.015680
0.015002
0.015431
0.015412
0.015386
0.151107
0.012456
0.016115
0.016398
0.017026
0.015502
0.015465
0.015538
0.015683
0.015064
0.016868
0.014020
0.012424
0.013394
0.016826
0.015581
0.015649
0.015776
0.015759
0.012877
0.142843
0.012684
0.016286
0.015140
0.016139
0.015126
0.015810
0.015657
0.015633
0.016173
0.013356
0.015868
0.015831
0.015909
0.015522
0.016079
0.014340
0.015430
0.015124
0.015945
0.156664
0.013045
0.014887
0.015999
0.015192
0.015175
0.016015
0.015178
0.015739
0.015287
0.015623
0.014967
0.015116
0.015592
0.014948
0.016047
0.014701
0.014949
0.011958
0.016139
0.153250
0.013256
0.014359
0.015549
0.015606
0.013408
0.016187
0.015958
0.016738
0.016896
0.016860
0.015922
0.015502
0.015622
0.016298
0.016750
0.016254
0.013191
0.015371
0.013181
0.150784
0.012575
0.016360
0.016537
0.016284
0.016512
0.015283
0.016598
0.015498
0.016585
0.016115
0.015512
0.015745
0.016218
0.014888
0.015447
0.015945
0.014944
0.012887
0.015429
0.152085
0.013381
0.016155
0.015882
0.019150
0.015882
0.015559
0.016118
0.015862
0.015515
0.016825
0.015716
0.016245
0.015870
0.015511
0.015916
0.015493
0.016365
0.012301
0.012975
0.153628
0.011334
0.018633
0.018821
0.019699
0.018866
0.018609
0.020201
0.016138
0.015683
0.015972
0.015776
0.015769
0.015776
0.014488
0.014066
0.012852
0.015401
0.013075
0.015082
0.149139
0.012906
0.016561
0.014745
0.016355
0.015282
0.016174
0.015496
0.015736
0.015176
0.015256
0.016494
0.016068
0.016289
0.016628
0.015697
0.015720
0.013188
0.015458
0.014061
0.151692
0.011912
0.016397
0.015303
0.015336
0.016278
0.015444
0.016371
0.015679
0.015131
0.016010
0.015533
0.016241
0.015023
0.015541
0.014899
0.015970
0.016128
0.015016
0.015518
0.152071
0.013252
0.016286
0.015738
0.015460
0.015231
0.015496
0.015295
0.015476
0.015176
0.015371
0.015222
0.014368
0.015661
0.015403
0.015250
0.016786
0.015539
0.014807
0.015357
0.157217
0.016425
0.016168
0.015594
0.015586
0.014489
0.014991
0.015740
0.015364
0.015557
0.015325
0.015763
0.015961
0.015514
0.015295
0.015372
0.016040
0.015018
0.015452
0.015248
0.153550
0.012890
0.015217
0.015709
0.014792
0.015579
0.015371
0.015090
0.015890
0.015044
0.016163
0.015021
0.015373
0.015786
0.013712
0.014572
0.014292
0.015415
0.016028
0.014676
0.149026
0.014286
0.015465
0.016269
0.017105
0.015138
0.016412
0.016042
0.014874
0.016076
0.015819
0.015525
0.015579
0.015290
0.012596
0.012678
0.016476
0.011485
0.016151
0.015340
0.152732
0.013937
0.016727
0.015577
0.015998
0.017028
0.015803
0.014863
0.015821
0.016676
0.015139
0.016315
0.016344
0.015537
0.016205
0.015995
0.016208
0.015317
0.013354
0.015466
0.151368
0.013916
0.015583
0.016107
0.019442
0.013011
0.013392
0.013460
0.014573
0.016040
0.015697
0.015967
0.016258
0.015601
0.014695
0.016293
0.015485
0.015480
0.015763
0.015387
0.152631
0.013131
0.015759
0.016127
0.014172
0.012848
0.015577
0.014006
0.015709
0.015779
0.016726
0.011590
0.015354
0.016373
0.014706
0.016746
0.015738
0.016006
0.016164
0.015924
0.154312
0.013960
0.016539
0.016535
0.015975
0.015841
0.016368
0.015162
0.014934
0.015801
0.015398
0.014805
0.016037
0.015510
0.015574
0.015452
0.014770
0.016375
0.015415
0.015822
0.155495
0.015647
0.016408
0.013942
0.015841
0.017134
0.014758
0.013898
0.016931
0.015466
0.016677
0.015722
0.016706
0.015344
0.019590
0.015889
0.016115
0.017304
0.019482
0.015734
0.157716
0.014004
0.016035
0.013361
0.016056
0.015586
0.016144
0.017154
0.015678
0.016107
0.016126
0.012684
0.015448
0.014329
0.016506
0.015831
0.015955
0.015511
0.016163
0.016680
0.155513
0.013091
0.014521
0.014030
0.013315
0.016003
0.016204
0.016643
0.016829
0.016232
0.015964
0.016485
0.015290
0.014156
0.014086
0.012524
0.013050
0.016181
0.016313
0.016630
0.154014
0.013134
0.013973
0.016341
0.016364
0.012768
0.014511
0.014604
0.015152
0.013121
0.015595
0.016075
0.016466
0.016249
0.016289
0.015734
0.015878
0.016701
0.014607
0.013544
0.152998
0.016005
0.012738
0.016521
0.013323
0.015702
0.017971
0.014455
0.015542
0.015193
0.013078
0.015229
0.015909
0.016934
0.016583
0.015003
0.016257
0.016228
0.013431
0.015680
0.153772
0.014232
0.016801
0.015623
0.016481
0.016571
0.014677
0.013090
0.016383
0.016135
0.014097
0.016328
0.015989
0.018019
0.016496
0.016098
0.016474
0.016578
0.016845
0.016638
0.156375
0.013102
0.017378
0.015933
0.015742
0.016372
0.015987
0.016849
0.017238
0.015505
0.015988
0.015614
0.016382
0.015620
0.015646
0.012872
0.016012
0.016374
0.016547
0.016778
0.151377
0.012676
0.017169
0.016274
0.016120
0.017365
0.015503
0.015376
0.017310
0.014846
0.016702
0.016529
0.016829
0.016499
0.016381
0.016643
0.016403
0.017157
0.015765
0.016270
0.155627
0.013877
0.014485
0.016240
0.016696
0.015256
0.016422
0.016783
0.015166
0.016841
0.015359
0.016970
0.033160
0.042454
0.089961
0.040724
0.013231
0.013359
0.014076
0.012417
0.154671
0.014961
0.016818
0.015529
0.015701
0.016410
0.017205
0.015509
0.016266
0.024223
0.022459
0.022140
0.023504
0.020822
0.023235
0.022347
0.022331
0.022152
0.022840
0.022568
0.156364
0.019057
0.021643
0.021674
0.021260
0.020456
0.017589
0.017148
0.016032
0.017994
0.016746
