37	146	62	70
69	57	44	48
83	24	35	44
73	63	39	64
42	144	60	79
0	197	41	60
5	190	44	63
4	193	38	60
2	180	46	67
1	197	47	56
4	188	42	61
8	185	39	48
13	180	38	54
10	173	43	39
21	179	38	36
21	174	34	49
1	181	42	55
0	160	44	70
0	165	45	61
0	175	42	57
3	166	36	59
0	187	45	53
0	170	40	64
0	177	39	56
14	171	27	43
9	186	27	53
16	163	20	46
14	163	19	51
9	161	24	55
6	161	23	54
3	161	24	50
1	160	25	54
0	171	21	45
0	162	22	53
0	164	18	48
0	166	18	46
0	163	17	48
0	162	15	41
0	161	16	46
0	165	11	41
0	166	10	40
0	174	10	35
0	172	10	34
0	174	10	31
0	174	10	30
0	174	10	29
0	175	10	28
0	173	10	28
0	188	20	21
0	175	10	28
0	185	21	21
0	175	19	28
0	175	10	26
0	178	18	24
0	169	17	30
0	170	10	26
0	180	13	22
0	178	14	25
0	178	10	24
0	187	10	19
0	190	10	17
0	186	10	16
9	179	15	15
21	168	29	22
38	166	32	31
31	164	52	37
70	160	56	31
49	163	73	30
60	163	59	32
8	143	84	55
10	151	88	49
13	110	49	75
23	96	31	60
14	107	49	62
22	97	42	54
27	98	40	48
53	100	23	40
57	102	29	50
66	97	27	47
73	95	25	44
76	92	34	62
85	90	26	43
81	98	42	59
58	143	58	34
62	139	59	42
75	135	55	41
76	129	62	36
82	121	68	47
100	116	64	49
107	115	67	40
83	102	99	54
106	94	91	58
92	106	106	55
108	97	80	62
119	94	79	68
126	91	64	64
133	86	71	67
145	81	72	64
160	78	68	63
171	56	71	78
162	49	89	90
157	44	89	86
155	49	94	72
197	39	56	80
217	20	63	64
211	49	41	57
216	30	40	73
214	12	52	88
214	5	58	91
207	23	40	71
217	0	56	70
215	23	28	49
206	17	36	72
209	17	42	64
201	17	47	61
197	16	58	63
192	22	63	53
179	38	60	65
186	38	55	38
166	57	61	52
163	68	65	28
158	78	60	40
152	86	54	40
143	98	49	39
130	106	48	42
122	118	43	34
113	126	39	32
104	128	33	36
97	140	28	35
83	149	25	35
73	153	31	38
55	156	35	37
43	164	38	41
35	169	36	38
21	174	44	34
11	177	45	38
3	177	49	36
0	179	48	38
0	182	47	34
0	177	44	37
0	178	39	37
0	174	41	43
0	174	36	44
0	176	40	49
0	159	31	49
0	167	36	54
0	168	42	55
2	169	48	56
0	166	53	58
0	157	52	60
0	157	61	66
7	154	63	69
13	152	67	70
27	165	66	56
29	158	75	52
44	152	71	60
41	153	82	51
57	151	84	51
76	137	97	68
98	125	94	71
117	129	94	61
116	117	108	64
120	124	122	52
145	113	99	59
155	99	107	61
172	109	99	49
198	101	86	50
200	95	90	46
210	99	83	36
213	97	86	34
231	95	74	32
227	88	82	31
235	79	72	33
232	77	78	32
233	71	80	36
240	69	74	34
238	69	80	36
238	67	79	40
234	69	75	41
231	72	73	47
233	73	75	47
231	84	69	44
222	87	82	41
225	90	79	29
242	93	64	28
237	96	61	28
233	100	62	34
218	102	71	44
211	106	68	42
195	107	78	53
200	114	64	60
188	113	67	56
168	115	76	60
166	121	73	64
150	132	82	61
137	137	84	50
127	148	98	63
120	151	91	63
109	160	94	61
106	166	89	61
98	168	92	65
99	168	81	74
97	169	72	81
103	179	59	80
90	170	60	72
100	177	48	78
92	165	45	66
102	189	43	69
106	181	40	74
98	171	49	86
94	166	60	90
105	174	55	82
105	170	69	89
111	177	74	82
111	175	87	84
132	186	88	73
134	181	103	65
150	182	102	62
154	173	117	59
175	170	108	57
213	163	85	58
226	152	90	56
224	139	102	44
218	131	114	47
232	125	109	46
235	122	106	43
237	126	100	38
248	115	88	41
254	112	85	37
262	109	78	35
266	104	77	36
273	95	72	39
278	101	56	34
281	93	63	37
277	96	62	32
283	93	58	31
287	86	58	27
282	88	62	25
283	88	59	24
283	86	56	25
273	85	63	34
265	83	57	34
269	84	50	38
256	80	54	44
262	85	42	41
253	87	42	43
242	90	46	46
237	92	41	50
220	92	48	55
222	94	38	54
213	95	36	55
204	103	36	54
194	105	34	57
187	107	32	60
181	110	30	52
170	113	33	57
161	115	29	55
154	117	27	57
143	124	37	60
138	124	25	47
128	129	32	51
122	128	24	51
113	129	25	56
105	132	28	50
79	140	44	58
90	138	28	53
73	140	36	61
82	136	24	49
75	140	26	53
63	144	30	53
55	139	32	49
50	141	36	46
49	140	32	44
39	148	41	44
36	148	43	38
39	148	47	44
36	149	57	40
37	150	57	37
45	147	55	34
52	147	52	41
67	145	49	31
80	138	56	46
106	134	45	53
121	139	57	54
145	138	38	50
162	134	38	55
180	135	45	52
192	138	48	44
215	135	37	44
228	134	42	46
242	131	35	48
249	131	42	46
260	130	34	46
267	128	34	49
276	126	29	51
282	123	31	52
288	126	28	48
292	123	28	48
296	117	26	46
302	110	22	56
299	105	23	56
299	94	24	53
293	101	24	59
293	92	28	57
288	93	29	60
281	89	30	60
276	85	29	65
274	92	28	53
267	83	30	60
258	79	35	64
254	82	30	58
240	78	44	60
238	76	37	59
231	79	40	56
222	83	36	51
214	82	45	50
202	79	63	52
189	88	57	45
188	84	66	43
174	88	75	39
175	95	69	29
151	96	82	34
143	101	81	30
128	102	84	32
121	102	89	31
142	108	58	29
122	110	71	33
102	111	80	31
108	112	66	36
101	113	65	32
100	118	56	31
98	116	51	33
74	116	63	38
77	108	54	40
71	113	58	37
54	102	65	42
55	103	56	48
53	109	61	43
71	102	45	47
72	102	41	42
67	90	51	47
74	80	48	39
72	63	57	58
72	66	55	55
75	48	63	60
90	34	66	47
91	34	78	70
106	30	71	68
116	27	76	65
121	20	93	74
129	17	90	79
133	14	88	91
148	13	98	85
160	10	93	84
177	17	99	78
190	17	85	69
211	18	76	66
213	22	64	67
227	21	59	66
237	23	53	63
248	18	57	63
255	16	55	63
262	12	58	60
273	5	62	60
279	10	36	63
281	10	37	62
289	1	42	62
291	5	32	59
292	0	38	62
290	0	42	65
290	0	44	64
289	0	44	63
291	0	38	60
289	0	47	60
291	3	28	55
290	1	33	42
290	9	35	54
285	9	39	55
282	14	37	54
276	17	39	52
271	18	38	50
264	22	31	46
254	27	35	53
241	34	45	59
229	35	43	65
219	44	48	66
197	51	59	71
180	54	69	72
163	64	72	72
134	65	93	79
124	73	91	78
112	71	89	80
104	84	85	83
88	85	93	83
80	94	87	83
100	109	57	63
89	107	54	64
80	106	56	70
78	106	52	71
50	97	66	71
44	94	65	71
71	107	41	62
51	92	54	71
44	82	55	64
58	86	44	76
66	87	45	66
73	80	39	71
71	75	45	68
79	75	40	56
83	72	38	68
89	71	35	66
102	70	29	56
117	69	27	46
121	68	30	46
126	68	38	43
137	66	32	43
149	60	29	43
150	61	37	38
158	57	38	36
171	53	40	37
181	52	34	35
193	53	33	35
205	49	29	36
214	48	26	35
227	45	29	38
236	43	26	40
248	43	24	41
258	46	21	40
265	45	25	45
274	47	26	44
278	48	19	46
286	51	20	52
294	55	25	54
297	55	25	55
299	60	30	62
304	59	32	61
308	61	30	73
309	66	31	76
312	63	33	68
309	75	34	64
300	93	39	69
315	88	30	57
291	109	45	65
283	111	60	70
270	124	53	62
271	130	61	48
261	131	80	51
236	133	97	63
228	146	95	54
210	149	103	56
194	155	97	52
179	157	79	45
164	163	88	43
177	157	79	42
157	156	89	43
140	156	68	41
119	147	76	58
127	150	51	43
118	144	49	48
106	139	37	45
102	132	31	43
73	133	40	42
61	114	36	40
57	110	36	51
63	108	29	50
63	105	26	45
61	102	27	42
56	97	34	40
60	85	32	50
70	79	27	50
73	75	29	45
75	70	31	47
82	64	32	51
86	63	31	53
97	60	29	47
103	56	28	52
110	52	32	54
118	55	30	56
122	53	32	55
126	52	36	54
135	53	38	51
146	54	36	48
144	54	45	48
155	50	44	45
162	50	47	43
171	47	49	39
183	47	44	42
191	44	42	41
198	43	42	39
205	41	41	39
213	38	40	42
217	37	43	39
222	33	38	39
227	32	41	41
232	31	40	42
238	29	39	41
239	29	43	40
239	29	44	40
239	31	44	38
240	32	50	38
245	33	45	38
243	38	47	36
238	43	54	33
243	46	51	33
236	56	54	31
220	62	72	32
224	70	69	30
220	76	74	35
204	86	86	31
204	88	82	35
205	92	79	41
196	97	83	40
176	104	96	45
170	108	90	41
162	109	95	51
160	115	83	53
159	117	73	51
137	119	81	52
138	119	69	55
128	119	63	55
113	119	63	51
110	122	58	59
108	124	48	66
92	125	49	66
79	120	52	72
83	128	37	73
63	117	43	69
63	123	39	78
63	122	32	81
52	120	35	86
47	168	41	53
58	123	30	80
58	138	27	65
55	133	32	73
64	139	30	76
64	139	32	70
71	154	32	63
84	165	23	58
89	169	21	54
93	172	21	59
104	173	25	59
102	178	29	59
116	179	27	58
121	181	28	59
133	185	31	54
145	185	34	47
159	183	28	56
174	184	33	55
188	179	26	55
199	175	28	52
212	172	26	48
224	163	27	48
232	157	28	45
243	149	26	41
253	130	25	47
256	122	26	48
261	112	26	54
270	100	24	53
272	98	23	48
274	90	21	45
275	79	23	51
278	72	24	47
279	62	23	50
277	56	24	51
277	51	23	49
271	44	25	53
271	39	25	51
268	37	26	54
264	35	29	53
259	33	34	47
256	32	34	46
246	31	38	47
241	31	38	46
233	32	50	49
227	31	55	47
221	34	51	53
209	37	63	53
200	50	52	45
194	47	69	48
191	52	71	42
175	60	74	41
166	65	81	39
154	70	84	43
164	78	65	35
145	78	82	43
127	87	90	42
126	98	82	34
128	106	72	27
120	110	71	32
107	117	73	34
109	126	70	35
106	134	57	34
87	135	76	35
91	146	66	37
78	148	74	37
77	150	57	37
69	150	52	39
68	154	54	39
58	154	56	42
56	151	60	42
78	160	42	43
75	161	43	40
74	154	54	48
82	156	53	41
79	153	59	41
81	147	66	43
88	146	67	46
101	146	60	45
102	146	77	48
117	140	67	29
120	142	77	40
133	136	76	45
142	136	80	45
152	134	76	45
163	137	87	42
180	136	72	40
188	136	84	41
189	137	76	37
203	137	79	40
210	134	84	41
220	132	86	38
230	129	75	42
237	127	72	40
243	120	79	43
249	116	74	43
254	109	66	49
258	103	62	48
262	101	63	50
268	87	62	56
268	84	57	53
272	76	58	55
276	75	53	50
279	66	58	54
282	58	41	61
279	52	43	63
277	46	53	58
276	44	44	61
273	40	36	65
270	37	44	59
268	32	38	64
259	23	41	68
256	26	36	71
249	28	34	74
239	28	36	72
230	37	40	74
220	35	41	77
204	37	51	76
188	44	62	70
175	46	70	74
155	53	80	72
153	56	71	75
127	57	86	74
130	72	81	69
115	75	86	67
106	75	90	75
107	85	80	67
108	93	68	68
104	90	65	71
85	96	77	72
100	98	56	73
91	101	59	71
87	99	58	73
91	101	49	65
74	95	62	80
110	123	31	60
90	158	50	47
100	105	38	66
93	101	45	65
80	92	61	85
102	112	45	57
98	97	56	77
94	91	64	83
104	99	64	76
101	93	71	79
84	83	91	81
120	100	69	73
137	102	66	67
140	101	72	68
151	100	71	63
142	94	95	68
144	97	90	59
156	100	87	52
147	99	112	51
152	95	111	53
170	97	112	50
185	99	114	47
214	102	74	42
236	102	66	38
194	96	107	39
211	99	103	37
250	101	61	29
224	89	99	36
215	84	87	35
243	84	82	30
222	81	90	31
245	79	72	28
228	76	89	30
220	73	89	32
230	70	80	33
232	67	84	29
220	66	85	31
216	67	80	30
217	66	76	32
227	65	68	30
221	64	65	38
220	68	58	33
192	69	79	35
211	76	60	34
198	75	59	38
181	79	66	40
176	82	62	44
170	85	60	50
177	91	44	53
156	90	50	56
146	97	51	59
133	98	51	67
124	102	49	63
118	108	43	68
112	112	42	67
102	118	38	66
100	126	33	61
88	128	37	64
87	136	34	65
75	136	37	61
68	144	36	65
54	145	42	62
59	151	32	56
42	150	44	75
51	152	33	68
42	155	37	70
48	160	32	72
52	157	29	58
47	157	39	77
54	153	38	71
66	162	43	76
65	159	41	70
75	164	38	73
77	164	48	79
89	168	43	83
99	167	46	84
98	174	57	77
121	181	47	70
125	181	58	74
137	184	62	69
151	186	66	66
160	186	75	62
177	189	73	55
205	189	62	53
209	184	67	55
210	184	76	52
227	180	72	51
222	174	89	47
228	170	88	44
235	164	89	42
235	157	91	37
249	149	85	36
252	142	84	38
249	135	86	33
246	132	94	33
247	128	87	31
245	117	86	30
242	106	86	31
238	103	85	29
231	92	84	28
227	84	83	31
225	77	80	32
217	65	78	33
211	61	72	32
205	63	72	33
201	54	68	31
199	53	63	30
191	50	61	34
195	49	51	34
188	48	51	40
184	48	48	42
169	50	56	44
169	51	46	47
138	54	69	41
153	53	51	56
141	59	49	56
134	58	50	62
121	61	52	60
112	63	54	68
113	67	50	73
96	70	59	73
72	85	76	64
63	93	77	62
59	89	75	64
57	100	76	60
60	103	70	61
50	103	68	54
47	111	71	52
40	113	66	55
42	116	66	60
25	121	82	65
36	119	67	65
44	126	53	61
55	129	50	66
34	125	65	57
25	126	77	71
62	130	52	69
73	135	53	68
54	124	79	76
61	125	88	80
70	125	89	79
68	119	99	74
85	115	99	78
75	103	114	77
101	103	94	70
117	101	102	64
136	90	94	69
129	85	115	69
136	77	115	72
149	79	100	64
165	73	106	65
184	72	100	63
203	67	93	62
218	65	81	59
234	70	75	50
250	65	63	48
262	66	56	42
276	62	46	42
284	60	43	35
290	60	43	37
297	58	37	37
297	56	37	37
296	54	37	36
295	52	38	35
294	50	36	34
292	50	37	34
291	48	35	33
287	45	35	37
281	50	37	39
279	51	36	42
269	57	43	24
255	60	45	34
237	67	56	32
228	73	62	37
224	84	61	30
221	89	58	30
195	92	73	38
202	99	56	39
167	107	81	39
158	117	77	38
130	122	96	44
153	136	69	42
138	141	67	41
109	141	82	48
113	150	65	57
99	142	69	66
72	161	84	53
55	157	91	59
49	131	87	73
61	158	65	53
31	158	80	49
53	166	53	47
53	163	48	50
11	141	83	67
7	139	81	67
5	131	78	70
6	130	81	71
18	86	56	58
13	121	46	36
15	115	56	69
20	103	50	59
21	101	52	72
22	103	60	65
27	106	62	70
25	101	69	70
28	100	74	74
51	99	60	72
60	101	63	74
53	101	80	73
60	100	90	74
65	95	77	62
84	104	68	60
102	110	81	66
101	113	77	54
104	113	96	57
113	111	77	54
132	120	94	53
131	121	109	48
148	125	104	47
153	131	102	41
167	130	96	42
181	128	94	41
200	135	89	39
199	125	92	37
220	128	86	37
224	125	85	33
227	117	83	36
229	112	83	34
227	103	85	32
222	94	87	33
233	88	88	32
223	73	90	40
211	59	91	39
225	60	89	40
214	49	87	35
213	45	94	39
217	38	85	36
205	36	94	37
213	29	87	38
194	27	103	43
185	20	103	40
178	20	99	41
179	21	102	39
191	24	86	41
174	27	97	41
179	31	84	47
153	39	104	38
156	43	94	44
145	47	95	47
124	51	104	50
132	58	88	63
109	69	103	75
95	77	104	73
92	82	93	76
80	91	91	79
66	101	94	75
66	112	83	70
73	121	66	74
54	121	80	73
51	126	66	61
42	132	77	73
26	119	96	91
48	145	67	75
30	146	80	69
53	154	55	67
19	121	79	87
36	142	67	76
13	131	78	69
12	132	71	65
29	139	83	85
50	144	52	50
81	152	47	82
70	147	65	88
74	147	61	65
90	156	64	80
85	147	75	81
109	154	65	72
106	150	73	69
111	145	82	69
119	143	94	62
141	145	74	51
128	134	106	52
140	126	94	46
148	131	105	47
151	123	109	45
155	124	110	39
167	112	117	47
185	116	106	40
185	107	106	40
208	100	89	40
207	101	98	33
198	95	96	31
198	89	73	34
206	80	90	35
206	79	93	33
207	72	97	38
209	64	72	39
218	62	82	29
212	63	94	29
203	58	87	31
218	52	76	33
227	46	64	31
209	46	78	31
196	45	84	31
200	47	72	31
200	47	67	29
199	53	64	29
187	52	71	31
175	56	72	32
166	59	74	33
164	62	67	34
136	66	90	41
138	71	85	44
149	74	66	48
147	77	56	48
135	79	56	51
121	80	59	55
115	83	55	57
110	86	53	58
106	88	50	59
100	91	40	58
84	95	51	56
70	96	57	58
54	96	70	63
44	98	73	66
36	96	74	68
34	95	65	67
29	93	69	73
23	94	68	73
11	86	72	70
21	90	70	72
13	95	73	83
54	127	34	55
49	100	31	55
40	98	45	80
16	88	61	56
49	100	55	85
73	115	42	73
53	101	66	76
50	100	76	76
69	103	78	78
76	101	86	77
92	97	85	84
91	94	95	73
109	91	93	76
127	92	87	71
127	85	101	73
141	90	99	67
144	89	109	65
167	90	96	63
162	84	111	64
179	84	104	60
186	88	107	53
212	91	85	51
215	95	85	42
226	101	79	35
232	90	78	42
241	90	74	40
246	89	72	36
255	86	59	36
259	83	54	37
254	81	65	32
247	78	64	32
241	74	62	34
244	68	63	36
241	65	65	34
234	60	67	35
235	59	62	33
220	57	69	34
223	54	59	38
219	52	61	39
217	49	52	42
197	50	64	39
193	47	60	43
174	48	70	41
157	45	82	47
141	47	89	47
152	53	69	46
136	50	75	55
121	49	78	62
122	54	61	59
103	53	69	68
88	56	68	76
83	58	54	82
76	65	51	82
50	64	61	79
52	68	45	76
44	71	51	78
19	61	69	76
17	70	65	91
10	70	56	87
8	70	63	90
24	102	50	65
8	81	63	89
2	77	66	91
6	84	52	77
7	86	48	79
20	107	44	61
30	97	42	74
26	95	48	74
29	85	56	76
23	87	72	86
25	83	75	85
34	87	80	81
54	88	71	79
61	94	84	75
69	92	74	70
85	93	81	70
106	104	81	67
120	106	86	66
122	104	93	57
144	105	87	52
152	111	82	45
187	103	72	46
196	91	68	51
205	99	62	40
220	95	54	37
226	85	56	37
227	84	58	33
227	76	62	33
227	70	62	35
232	68	60	31
242	64	52	31
237	59	54	23
231	55	59	24
233	52	55	25
228	52	55	27
221	50	59	28
222	47	58	30
212	48	63	30
206	46	64	32
199	44	68	31
199	41	66	32
184	39	75	32
199	40	60	28
188	41	62	30
188	43	57	31
174	40	66	37
161	46	70	32
145	48	76	35
130	47	79	43
121	51	79	45
109	49	77	56
102	53	73	62
98	61	62	64
80	73	66	70
65	75	67	74
63	83	56	71
51	85	57	71
33	91	59	69
32	97	51	67
24	106	46	69
14	105	53	76
16	111	40	69
4	113	46	73
12	123	38	71
0	122	49	68
7	133	37	65
5	126	43	73
6	121	46	79
16	121	44	85
12	118	51	83
29	121	65	85
36	122	51	80
30	116	63	81
39	117	63	91
49	118	63	89
52	123	73	86
72	130	74	83
64	132	98	81
94	139	86	82
108	141	89	77
113	141	96	66
126	145	105	61
187	163	63	43
184	153	82	55
168	157	108	39
198	158	94	33
195	159	106	36
209	154	103	35
229	154	89	32
235	150	85	32
244	142	89	32
244	137	89	32
245	132	90	37
251	127	86	39
245	131	86	33
249	118	85	36
246	117	91	34
255	115	83	34
251	107	86	33
250	104	87	33
251	106	82	33
242	99	82	38
234	95	99	41
265	96	72	33
258	97	77	37
219	106	103	38
219	107	105	40
243	114	83	25
229	122	92	35
210	133	103	33
216	147	95	25
206	161	92	27
160	178	118	36
165	193	110	37
146	197	114	49
130	200	106	53
133	207	90	52
85	210	122	49
93	217	82	42
74	214	85	45
50	213	82	31
48	219	83	40
31	217	93	42
38	218	76	41
24	210	82	48
33	212	67	42
25	214	77	45
19	201	79	55
7	185	86	68
4	175	73	65
4	167	78	73
19	168	66	79
19	165	70	79
17	158	75	91
24	160	77	94
15	148	75	84
17	140	76	69
21	137	71	55
44	142	83	80
70	160	59	63
65	152	76	74
68	146	88	81
61	147	104	71
74	147	97	64
71	145	113	68
58	144	124	60
115	150	90	47
119	146	96	43
124	144	98	43
127	140	103	43
143	140	89	38
147	136	97	44
153	128	97	46
163	131	89	37
168	121	89	42
171	122	88	37
179	115	81	37
195	115	70	35
191	108	76	33
195	108	77	30
198	101	72	29
201	96	74	29
208	91	66	28
208	89	68	26
212	84	66	27
211	77	62	28
212	72	64	28
209	66	65	30
209	60	63	26
210	53	60	29
208	46	59	30
205	44	64	29
203	38	65	33
205	34	60	31
199	30	59	30
199	30	65	34
202	27	61	36
198	29	63	37
193	23	66	42
196	25	59	39
187	23	63	44
185	23	63	47
177	21	69	50
176	23	68	54
162	24	74	54
164	25	66	55
164	26	60	61
159	30	58	58
148	28	64	73
141	30	66	76
142	35	56	74
127	35	66	78
118	36	66	77
115	37	61	78
110	40	58	74
102	40	61	71
101	44	56	70
108	42	41	66
102	43	37	58
96	41	39	59
92	33	50	60
92	35	43	62
95	37	37	62
79	25	43	64
83	29	39	55
85	37	32	62
88	41	35	56
86	44	40	62
86	35	36	54
92	38	40	63
93	41	42	62
97	41	42	66
103	53	39	59
105	56	37	52
105	57	44	54
116	66	37	45
119	70	44	47
119	72	51	44
123	73	51	44
121	75	56	41
145	86	44	36
147	84	48	37
155	86	47	37
163	87	48	36
171	91	47	37
182	91	43	37
190	92	44	37
198	95	45	37
212	96	39	36
217	98	41	36
232	100	32	36
241	101	29	37
248	99	22	37
252	102	28	35
256	103	32	38
261	103	27	38
265	103	26	38
267	106	28	39
273	99	26	37
265	106	28	44
264	105	25	43
265	105	26	41
262	104	27	43
254	103	30	43
245	98	33	47
234	97	36	51
220	96	45	50
211	94	48	53
198	87	56	59
184	79	58	67
171	81	64	67
167	81	57	68
147	79	59	69
137	79	63	71
122	78	66	75
115	79	60	78
100	75	66	86
82	82	69	84
70	83	67	80
66	88	65	82
50	89	66	77
53	97	60	71
32	95	70	81
29	102	74	72
27	104	73	73
19	106	75	76
19	114	80	84
16	115	88	82
25	121	76	65
32	130	83	78
87	157	37	52
57	134	66	66
51	127	81	74
52	129	86	76
115	154	41	50
99	134	65	73
82	120	97	76
97	114	97	74
109	115	84	65
114	115	98	63
127	115	102	61
135	113	107	59
138	114	109	50
161	111	97	49
164	112	96	42
181	108	96	40
192	109	88	38
203	108	83	34
221	105	69	30
209	100	81	36
215	96	77	33
219	94	76	34
215	89	65	34
221	80	75	32
216	75	77	32
216	69	80	36
216	69	78	36
213	67	82	36
201	70	68	27
206	61	80	31
204	57	76	32
184	59	83	32
188	59	80	31
179	61	78	30
198	62	65	25
199	69	61	29
193	73	65	31
174	80	78	30
159	84	82	30
153	88	82	33
144	91	82	34
145	91	70	47
117	96	84	46
118	104	71	53
115	113	61	52
88	117	73	52
94	123	50	55
82	128	50	50
71	131	50	60
58	139	45	58
47	138	46	65
24	134	54	74
14	129	55	81
11	135	50	71
19	138	39	73
6	135	43	75
8	134	41	73
11	138	36	79
12	138	35	76
0	132	37	68
0	124	51	85
15	129	39	78
17	121	48	88
22	118	44	91
20	109	55	82
22	110	59	88
31	109	61	80
41	105	64	92
64	104	62	87
67	107	74	90
92	114	76	87
100	112	80	90
106	115	95	75
120	119	98	70
137	118	91	64
133	121	125	58
167	129	104	53
206	137	83	38
172	124	107	43
199	133	114	37
202	124	118	42
210	134	111	40
237	123	100	35
250	114	88	34
250	105	85	34
249	99	84	34
259	92	71	32
264	84	63	34
267	73	67	37
265	69	76	38
274	65	69	31
277	63	61	29
272	59	64	30
273	55	65	32
280	47	60	34
278	46	56	30
269	42	65	36
266	42	68	38
270	40	60	35
262	35	69	39
276	37	58	34
259	37	67	29
266	43	55	34
248	41	69	36
250	49	61	33
226	47	81	43
223	54	74	43
193	55	83	45
185	59	93	61
184	63	83	65
151	67	106	76
141	73	96	72
126	75	96	78
121	85	85	75
116	85	79	85
110	95	76	82
95	103	80	77
86	109	75	74
43	96	98	76
55	96	81	77
62	92	70	88
65	123	63	54
84	134	33	43
62	130	45	48
22	84	69	69
51	119	51	64
130	69	32	76
140	71	29	75
143	68	29	77
156	69	28	75
164	67	28	74
172	66	28	73
181	65	29	74
189	66	29	71
196	68	31	67
201	67	33	64
206	69	34	64
107	82	56	77
111	81	65	78
96	68	93	85
102	72	96	75
127	81	77	68
134	74	75	75
129	78	95	73
172	85	72	65
154	82	93	68
164	84	93	60
177	85	80	61
189	89	80	60
189	89	85	56
181	89	78	54
230	93	60	45
239	91	56	47
251	90	50	44
253	85	51	45
266	81	41	48
268	80	40	42
269	81	45	39
270	75	45	43
270	72	41	48
267	66	45	47
265	68	44	50
264	65	43	48
258	65	47	52
252	60	51	55
251	60	53	54
238	61	60	56
232	58	57	59
217	61	63	57
214	64	62	59
190	67	77	54
189	72	72	58
177	74	76	56
169	79	75	56
153	89	81	52
142	88	82	59
127	98	87	55
120	95	79	70
99	109	92	57
100	115	81	61
95	122	72	56
80	128	80	68
68	137	86	61
67	141	81	63
56	146	81	66
61	145	73	61
56	151	70	63
30	145	92	66
47	146	81	67
65	154	63	57
48	139	42	34
34	139	76	42
46	136	77	64
29	129	74	40
53	127	86	67
34	114	102	74
46	102	108	88
53	103	109	90
58	92	117	95
67	91	123	87
75	89	116	86
86	80	121	91
100	81	100	85
108	82	99	85
116	80	101	83
120	80	108	81
136	88	112	76
136	83	110	67
151	86	112	66
163	84	106	71
179	84	85	64
189	89	91	60
201	87	91	62
195	82	96	63
226	75	77	58
246	79	67	54
256	77	60	50
259	75	64	51
265	77	62	50
268	73	60	51
273	75	62	48
272	73	61	44
279	69	58	45
260	71	76	39
267	72	66	40
269	65	58	46
254	64	70	45
235	64	87	40
255	64	67	41
258	67	60	42
214	65	93	41
231	65	75	47
195	63	97	45
216	68	78	48
189	71	98	51
201	77	77	48
184	80	84	50
175	84	84	52
171	85	79	59
146	88	87	60
130	90	90	62
133	92	70	67
108	94	86	72
109	95	73	75
95	108	76	66
85	112	74	66
88	118	59	61
69	113	66	65
76	115	54	66
79	121	40	62
64	127	49	58
69	123	45	64
45	96	48	61
48	95	56	83
51	105	47	60
65	111	41	69
57	95	60	85
69	101	69	78
112	95	33	70
126	99	36	69
139	98	31	71
148	100	33	75
159	101	34	72
168	102	35	69
180	101	36	69
193	103	36	69
199	104	35	70
206	103	36	69
212	105	35	63
208	101	46	69
142	104	78	64
139	97	86	65
144	101	104	67
141	96	110	58
143	102	96	48
160	97	114	57
163	100	124	56
180	96	117	59
204	98	97	56
202	100	106	52
195	97	96	52
191	94	85	53
177	91	98	57
227	112	96	33
238	110	88	30
239	92	93	39
250	95	90	36
279	94	59	30
247	92	72	29
264	86	81	27
249	81	90	31
243	79	89	34
249	77	86	33
258	73	87	30
274	68	64	37
266	66	75	40
244	66	92	41
241	68	85	43
256	75	65	39
237	83	81	33
222	86	91	36
212	89	94	39
201	92	95	40
191	94	93	49
171	104	105	52
173	109	95	51
147	116	98	47
134	123	103	54
156	129	68	75
125	133	82	72
119	138	80	75
100	137	83	78
101	143	75	82
93	143	72	83
78	144	75	83
73	148	75	84
87	157	51	69
68	148	59	79
71	152	54	76
67	163	53	67
52	153	56	56
68	163	48	68
42	135	65	76
59	151	52	73
55	151	53	72
38	128	61	66
58	130	71	79
75	139	39	82
64	125	56	85
57	122	66	88
59	118	71	92
66	126	68	86
75	121	77	92
187	62	55	67
198	69	45	61
206	75	46	55
105	114	76	68
113	117	77	64
131	119	69	56
120	113	94	57
135	117	96	54
133	100	101	69
127	106	125	59
147	100	115	65
141	95	130	65
194	103	94	58
159	80	116	74
174	80	117	73
175	86	122	68
179	105	121	52
163	89	127	53
151	84	112	54
136	79	50	56
132	81	40	53
124	86	37	53
118	87	36	56
109	86	31	52
90	87	39	53
92	84	32	52
87	84	28	52
77	86	29	36
67	84	37	50
65	80	23	34
63	79	19	31
48	86	24	43
50	79	18	31
14	80	32	47
16	84	28	40
22	78	20	29
18	76	23	28
18	72	18	29
5	71	24	30
8	72	21	23
3	70	21	22
0	69	22	21
0	67	24	23
0	67	22	22
6	67	20	22
5	67	22	27
10	68	22	26
18	67	20	30
20	68	18	30
25	66	18	32
29	64	20	32
39	60	21	39
36	66	30	56
46	71	24	56
28	107	55	44
75	71	27	51
90	62	25	58
96	74	34	59
105	72	34	68
115	73	31	69
124	75	37	68
139	73	33	69
145	76	34	67
156	80	37	62
164	80	39	64
175	85	35	58
180	86	37	57
184	84	40	58
191	84	42	55
199	90	34	50
198	85	37	54
198	83	40	54
134	134	86	61
118	125	104	55
141	124	94	53
142	114	93	48
158	105	89	59
169	100	82	62
185	96	77	63
192	92	75	63
196	89	77	61
221	78	57	64
226	76	49	59
236	75	47	58
246	69	43	60
255	65	34	59
260	54	35	61
258	49	32	63
262	38	30	63
257	34	31	61
255	32	29	63
252	30	31	64
248	27	33	64
242	19	33	65
239	28	34	59
233	19	35	60
230	24	34	60
224	26	33	51
211	27	40	51
203	32	42	48
199	38	41	52
194	46	35	50
194	55	33	47
186	64	34	44
163	71	48	48
152	84	49	45
150	92	48	48
136	98	52	48
139	104	42	52
119	112	55	52
124	119	41	50
105	131	55	45
105	141	48	44
105	145	43	44
103	146	41	46
97	152	45	47
87	155	46	38
89	155	46	45
85	155	47	44
79	155	50	42
83	150	45	48
78	147	48	49
82	132	44	60
84	124	48	51
86	109	45	73
92	95	46	77
91	90	46	81
97	82	49	81
110	80	43	87
112	69	50	97
118	72	59	95
127	70	54	95
130	50	65	104
143	43	56	116
167	42	53	105
176	40	49	107
192	37	44	104
204	42	47	99
210	50	50	91
226	40	52	90
231	45	51	93
235	46	59	94
242	48	72	81
253	46	56	91
256	50	56	87
255	50	68	89
261	47	61	89
272	53	62	56
266	56	57	64
263	55	55	69
250	53	72	73
259	54	51	73
251	55	64	68
253	48	50	67
248	52	59	71
244	49	61	69
243	47	66	52
236	51	55	62
230	50	64	47
222	48	65	63
217	50	67	55
208	51	59	60
202	55	70	51
198	60	67	50
192	65	64	49
187	67	54	45
177	75	58	47
169	83	59	41
160	80	57	46
156	90	56	38
144	96	58	42
132	101	55	42
125	107	56	38
120	110	47	43
114	120	47	42
105	119	49	43
105	122	39	43
90	129	48	39
99	129	38	46
79	128	47	47
82	139	53	37
84	124	50	45
84	125	47	37
86	123	48	41
85	119	46	47
81	121	62	48
83	114	60	43
83	107	62	45
99	113	58	48
91	102	76	67
95	101	84	67
87	100	98	68
90	94	105	69
95	96	92	63
100	87	121	70
111	96	99	64
119	87	119	73
127	81	105	82
161	75	122	78
158	86	79	78
170	88	68	72
181	76	125	76
193	83	92	70
210	81	74	67
222	85	64	67
228	78	68	75
241	81	73	70
242	73	68	84
246	83	54	81
253	80	54	83
259	75	65	90
260	92	50	71
263	72	71	92
262	78	53	81
258	85	57	73
249	105	42	57
250	92	56	68
247	81	66	72
248	81	63	72
242	79	62	68
236	89	53	67
233	87	64	66
218	86	72	67
221	93	65	59
197	91	83	70
203	95	74	56
177	107	74	62
167	105	80	62
148	103	102	64
144	107	96	61
127	108	106	60
125	116	104	49
108	125	107	41
106	129	100	40
114	134	87	38
102	134	84	35
118	139	66	34
115	139	59	34
101	139	67	34
102	141	55	33
72	139	76	39
47	139	88	39
47	139	88	41
16	138	93	42
6	128	74	47
47	127	64	50
25	129	86	48
14	118	76	37
54	131	57	31
58	127	57	43
57	124	63	43
63	116	60	53
67	108	61	54
75	107	67	60
87	104	65	61
101	102	63	58
111	95	69	65
118	92	74	64
83	77	115	72
115	38	105	107
91	57	146	90
103	39	114	102
109	79	112	74
127	79	137	77
140	75	129	85
147	76	116	92
180	71	103	91
209	79	73	81
222	84	58	80
240	80	51	80
249	83	53	84
258	81	45	82
265	83	45	73
274	81	39	75
283	76	46	78
285	87	41	64
288	72	42	57
291	72	35	66
289	72	36	69
287	67	43	62
281	79	32	62
282	69	32	65
276	61	31	76
267	57	40	78
266	57	47	74
263	57	37	79
256	59	42	77
245	58	43	75
235	57	50	77
222	66	56	74
208	65	60	77
198	65	63	76
185	70	66	71
175	76	75	63
160	81	83	61
141	87	95	54
128	92	98	55
129	98	88	45
116	106	87	43
105	106	92	46
89	105	92	46
109	116	70	42
111	120	63	31
109	123	58	34
104	125	54	33
95	125	56	36
83	128	57	36
83	133	55	31
49	131	77	43
83	134	47	37
78	134	48	42
75	135	48	41
58	83	23	50
32	83	41	50
53	78	34	56
68	133	60	40
79	133	55	44
89	132	48	44
87	132	59	43
91	127	62	46
66	120	94	50
96	110	77	60
60	75	99	82
52	118	131	64
72	110	122	52
78	123	112	68
113	129	111	50
111	128	96	61
137	134	75	61
145	138	82	63
164	137	74	66
182	139	76	66
198	141	86	67
206	139	86	70
215	141	76	79
229	139	72	81
246	137	77	77
252	134	63	78
260	132	64	79
269	136	51	78
272	129	69	85
275	125	70	86
285	117	60	72
281	128	55	78
280	132	40	63
272	124	62	78
267	137	43	67
268	128	61	72
255	147	54	57
261	132	58	59
251	135	60	52
240	130	78	59
234	131	78	59
216	132	92	58
212	141	79	52
205	139	93	51
199	138	89	46
180	141	95	56
164	143	102	51
170	146	92	40
142	152	93	51
149	157	78	44
149	157	82	39
149	162	68	37
102	170	90	43
94	176	84	29
120	175	63	40
80	178	87	43
91	176	66	47
56	174	88	47
41	172	103	49
72	174	68	52
33	173	100	53
78	173	58	46
46	164	79	57
71	163	58	48
71	159	58	48
68	150	66	47
87	146	54	46
95	139	53	44
79	127	69	43
106	123	57	42
109	121	65	37
82	107	102	40
99	108	94	36
101	92	99	47
112	85	93	53
125	83	95	48
122	86	107	45
129	74	90	57
141	76	91	55
151	71	74	58
167	68	63	59
178	65	52	61
186	58	80	72
198	54	57	65
205	54	54	66
216	48	56	68
220	51	48	68
228	42	59	63
230	44	58	67
235	41	54	70
237	45	53	67
242	47	49	52
243	46	39	52
241	52	42	63
235	48	59	68
232	55	56	73
231	57	46	67
225	60	62	65
228	79	50	59
228	73	39	64
219	83	42	61
214	92	44	59
209	91	61	63
196	95	70	65
185	115	70	61
153	95	99	74
152	100	96	71
172	121	71	53
150	111	85	69
173	134	60	34
159	148	63	40
135	151	84	49
132	99	42	78
127	100	54	82
123	171	63	37
84	164	84	44
110	88	34	60
105	88	36	60
100	87	36	60
47	158	89	52
9	144	111	55
8	143	109	54
7	136	98	57
2	124	92	51
10	135	84	46
5	122	75	52
6	125	80	43
9	120	84	54
15	114	75	55
10	110	74	57
42	118	64	51
52	119	57	43
66	121	45	38
22	113	94	44
17	117	103	45
36	116	96	44
58	116	79	36
96	118	63	37
73	116	92	44
81	118	75	44
94	116	85	43
105	118	91	47
117	119	90	45
127	120	89	50
139	124	88	51
155	117	66	55
164	123	76	57
175	121	68	55
193	123	72	50
202	121	62	53
215	119	60	54
225	116	55	55
235	113	52	59
248	114	33	56
248	110	43	61
256	107	38	65
262	105	35	64
266	102	32	65
270	100	32	62
275	94	35	66
282	83	33	31
272	98	31	64
270	96	35	73
261	98	39	73
255	101	44	73
255	108	40	64
250	102	45	68
246	105	57	67
229	108	60	67
228	108	62	61
216	112	73	58
202	116	80	52
188	118	89	57
173	124	98	50
199	123	66	34
152	121	106	54
149	126	98	46
143	115	97	62
139	117	92	70
107	97	103	87
116	108	82	73
104	117	87	69
113	105	77	86
53	151	125	49
85	113	68	67
76	142	78	60
29	140	116	64
60	107	69	66
14	121	108	71
56	114	81	61
48	109	85	69
52	116	84	61
49	114	83	55
70	116	68	53
73	115	72	51
58	108	84	48
81	100	69	46
88	97	67	45
104	93	57	41
100	90	69	40
