109,127,63,66
111,134,57,59
114,129,58,63
114,133,64,64
119,134,64,67
122,136,64,67
128,140,63,66
132,144,67,64
136,150,68,62
140,154,69,59
145,160,69,56
153,161,70,56
154,165,72,53
159,165,74,52
164,163,74,54
168,163,75,55
172,161,74,57
175,159,73,58
178,160,72,59
180,159,70,57
182,150,71,60
187,147,67,63
191,143,65,65
193,139,65,67
196,136,64,66
199,132,60,68
195,129,63,69
200,129,60,68
193,127,66,70
192,125,64,70
188,125,66,69
186,122,67,71
181,121,69,71
178,123,68,69
174,124,68,70
168,124,68,72
161,124,70,73
157,124,70,72
152,124,72,73
146,123,73,71
139,126,75,68
133,128,79,64
127,129,80,62
120,127,78,57
118,130,79,55
118,129,76,54
109,122,75,56
100,118,77,57
93,112,78,57
87,104,79,60
83,99,76,61
76,103,76,55
70,97,74,56
63,92,73,61
62,89,72,62
58,91,70,64
54,86,66,69
54,88,66,70
56,91,63,72
53,88,62,75
52,91,62,78
53,93,61,79
55,93,59,81
57,96,59,83
60,99,58,82
63,103,57,83
63,106,63,84
69,110,63,82
76,112,65,83
83,115,68,83
90,122,68,79
97,125,71,75
105,127,77,76
112,133,79,73
125,138,79,71
135,140,82,74
148,145,76,71
157,151,72,70
167,159,67,66
173,169,76,57
181,174,75,56
185,178,74,53
192,176,72,55
199,174,70,59
201,172,71,61
207,170,67,61
214,166,62,63
218,167,61,60
222,164,63,60
225,163,60,60
230,161,60,59
234,164,58,59
236,158,55,62
236,155,53,65
233,153,54,65
235,150,52,63
232,150,54,64
230,145,55,65
226,144,57,62
222,140,60,63
213,140,61,60
211,138,61,62
203,136,63,61
195,135,59,59
189,136,59,58
181,140,58,54
179,140,55,52
172,140,55,48
173,141,50,49
165,134,51,57
161,133,48,54
153,125,48,59
147,121,48,59
137,116,50,62
127,112,50,64
119,109,54,61
111,105,50,62
101,100,56,67
92,96,58,69
88,96,56,68
82,95,57,69
78,92,56,71
72,98,58,69
71,89,57,76
64,87,57,73
63,89,58,74
59,84,60,77
59,85,62,78
60,85,59,76
62,83,60,78
59,91,55,70
52,87,70,74
53,93,75,72
57,98,73,74
54,104,75,77
53,126,82,63
61,118,73,82
62,132,73,82
64,152,94,66
76,150,79,74
82,166,92,64
91,177,95,61
98,170,86,70
103,174,99,66
120,175,97,64
130,179,92,54
155,172,83,65
190,169,65,65
201,167,57,61
215,147,58,75
215,137,64,80
217,138,65,77
212,143,75,74
224,153,57,57
251,132,42,77
252,154,42,59
219,168,62,40
241,164,47,45
243,127,49,66
247,122,41,61
246,125,43,60
242,124,44,58
236,127,47,57
234,126,44,63
214,127,60,66
208,132,61,64
204,131,64,62
202,122,69,68
195,124,72,67
188,122,75,66
182,120,77,65
177,117,77,63
167,110,85,65
161,103,84,65
153,97,86,63
149,89,71,65
138,84,79,61
127,68,69,65
111,64,69,62
102,59,71,62
88,54,87,62
77,52,87,63
72,50,78,65
64,51,72,65
49,60,77,70
41,69,75,73
34,81,74,70
31,84,70,76
28,93,67,76
26,97,69,78
25,101,71,80
23,101,70,84
25,102,74,88
29,106,76,88
35,103,75,91
42,108,75,87
49,106,80,90
54,106,84,91
61,109,88,90
69,115,90,83
79,124,92,75
85,118,92,81
95,117,87,84
101,116,89,83
111,114,84,79
120,106,75,80
130,108,85,79
133,107,86,71
137,107,93,74
146,111,91,69
152,113,94,66
156,116,95,63
163,122,91,63
166,126,91,63
176,130,82,59
180,133,77,62
187,144,74,64
195,142,68,70
190,158,80,61
190,169,85,59
215,174,71,60
202,206,68,51
213,182,79,63
222,184,73,65
219,186,83,70
240,163,68,77
239,177,69,47
247,185,58,65
244,181,68,73
236,164,76,79
236,168,74,78
231,166,76,76
230,153,73,76
224,148,75,72
216,143,77,69
200,132,85,69
183,122,88,65
164,113,88,65
158,106,85,61
154,100,86,59
146,96,84,55
131,84,84,64
125,82,83,65
121,82,78,66
115,81,77,71
108,83,73,75
96,87,71,81
88,105,74,72
83,109,68,76
76,118,76,77
73,128,72,75
72,133,72,76
72,142,72,77
75,151,68,73
74,165,69,69
77,162,68,73
80,170,66,72
87,172,63,72
90,175,62,74
96,179,62,75
101,181,65,77
109,189,71,69
112,184,68,74
119,184,68,68
126,180,70,68
129,173,69,68
132,166,72,67
138,159,69,70
141,152,76,71
145,154,80,66
147,148,87,68
151,148,90,65
152,146,88,63
166,144,78,65
177,138,68,71
177,134,69,71
163,147,78,58
166,155,75,54
179,134,75,75
173,130,85,81
172,133,86,83
172,135,87,88
193,140,80,90
193,145,82,93
207,145,75,93
204,153,77,84
227,154,61,79
225,156,66,79
227,159,67,82
242,159,61,90
252,154,55,79
260,156,51,76
236,199,68,55
235,174,80,78
256,148,65,98
250,151,67,86
247,138,66,90
237,124,77,92
186,130,101,77
185,105,112,88
163,96,113,86
148,90,103,83
131,81,90,84
117,77,79,79
114,75,84,78
97,68,109,82
87,56,88,90
73,57,100,88
62,59,110,92
57,56,91,101
47,66,101,93
34,68,93,97
37,87,91,88
33,86,88,97
27,84,94,99
29,94,94,100
32,98,90,105
40,105,83,103
46,108,82,105
55,114,75,98
63,123,71,98
70,125,72,101
77,121,70,101
83,117,72,106
95,113,70,103
96,110,80,104
104,105,89,101
115,97,92,98
119,94,96,96
129,87,96,97
136,90,98,90
140,91,93,86
140,95,96,81
150,95,94,85
152,95,83,86
150,99,77,80
153,97,66,81
143,97,82,79
144,111,80,76
148,120,69,72
161,129,73,68
167,135,70,71
173,138,68,81
182,142,65,82
189,141,65,93
193,152,65,89
199,153,66,98
203,159,68,96
210,164,65,92
222,169,61,87
231,173,61,85
241,173,58,86
249,181,60,77
257,180,63,75
270,180,55,75
283,178,49,72
301,170,44,69
299,180,46,59
298,181,47,62
210,197,84,47
205,188,92,64
190,180,98,71
214,153,97,99
184,133,110,95
182,122,105,106
178,120,95,102
147,87,104,117
135,80,105,125
119,74,101,123
100,65,103,124
88,61,99,123
69,59,108,120
48,52,130,122
29,56,152,110
24,61,154,106
14,63,157,103
17,60,138,100
6,84,131,86
10,82,115,87
0,61,93,105
4,75,89,97
12,127,89,64
0,118,86,75
0,131,80,73
2,132,74,73
0,95,66,102
0,96,57,101
0,101,62,103
0,107,75,103
1,112,83,99
8,116,87,101
20,122,84,96
27,124,84,95
42,130,82,92
58,133,80,88
72,135,85,81
85,141,78,74
96,144,76,69
104,145,76,65
105,145,77,63
108,147,80,64
114,142,79,67
117,143,76,68
118,143,77,70
123,140,72,74
123,132,67,76
118,131,70,75
116,133,67,74
117,135,66,75
115,136,61,76
112,141,55,70
111,142,64,69
140,126,47,71
119,163,61,48
123,141,56,71
125,137,57,76
135,137,56,78
118,142,66,73
142,145,63,75
147,144,64,74
155,148,62,72
168,147,61,74
173,148,55,73
187,150,47,69
182,152,57,67
178,155,68,66
176,156,70,65
176,159,69,62
177,164,68,60
173,160,70,61
174,155,67,65
175,155,65,69
176,153,64,72
182,161,59,65
179,162,58,63
175,155,57,67
172,149,61,76
162,141,63,78
155,139,65,81
151,137,65,82
136,136,62,79
123,131,57,78
126,131,59,77
120,133,65,81
114,141,62,67
119,144,49,62
122,145,43,57
121,148,61,62
119,142,71,61
124,136,68,70
123,139,77,69
127,130,85,74
129,121,84,79
129,121,87,78
133,122,99,76
132,115,96,79
135,111,90,82
138,111,94,79
136,102,95,82
139,110,91,80
145,111,90,74
146,111,85,71
149,107,84,72
149,104,89,74
150,102,94,77
149,97,90,78
148,97,86,76
156,94,77,80
156,94,68,80
155,96,67,75
154,97,79,77
155,98,86,74
154,114,83,68
158,113,88,69
161,123,86,65
164,128,84,64
166,133,86,65
167,139,85,64
169,142,87,65
172,146,89,68
182,151,81,66
187,154,83,69
197,160,78,66
194,166,81,67
189,166,82,66
191,163,86,68
190,156,91,68
194,150,89,65
193,146,83,63
192,137,83,63
187,130,86,62
180,120,90,66
164,114,90,65
151,109,82,62
141,102,92,64
138,98,89,63
131,99,74,58
120,99,64,53
113,99,66,51
104,97,71,53
92,93,62,55
81,95,58,55
75,98,70,57
67,102,73,59
61,104,80,63
60,114,83,56
58,117,83,60
50,131,92,51
53,125,88,56
61,117,82,71
62,118,80,68
61,119,76,74
63,117,74,79
68,121,67,75
72,123,71,83
75,123,66,84
78,122,72,87
81,118,65,88
83,121,74,87
86,115,75,87
89,108,73,93
92,105,74,94
94,104,75,96
98,105,76,91
99,122,81,73
97,104,83,84
98,112,93,80
101,109,95,82
101,105,94,84
104,104,98,82
103,106,87,80
108,111,72,81
112,118,62,76
120,129,56,74
124,134,61,75
122,147,68,70
123,154,76,64
123,163,84,62
134,168,87,60
136,173,91,61
149,176,78,62
168,176,70,69
176,180,66,69
180,184,67,66
159,215,77,44
197,184,58,67
187,184,73,66
211,178,60,70
220,176,55,73
205,206,59,47
215,205,56,52
233,169,51,69
248,154,45,79
240,147,54,72
248,145,47,72
246,135,45,72
244,130,47,69
242,121,49,70
228,115,56,66
211,116,71,61
209,111,69,59
196,112,75,53
195,112,73,53
180,111,77,52
170,113,83,50
165,114,76,49
158,116,75,49
155,114,75,54
146,110,71,64
140,112,67,68
128,111,51,69
123,119,66,67
116,123,71,61
115,125,72,65
113,128,71,65
114,124,67,66
111,123,65,72
118,127,60,68
121,126,68,72
126,124,69,73
133,123,67,74
139,122,68,73
146,117,68,72
151,112,69,72
158,108,67,73
161,103,67,69
164,94,66,69
165,86,67,69
164,81,69,66
163,77,70,66
161,71,74,69
155,66,60,70
157,66,54,71
150,70,63,69
143,69,59,74
140,73,67,70
137,72,64,69
137,78,68,71
131,76,66,77
132,91,72,72
127,96,79,73
127,110,82,68
129,117,79,69
133,126,76,67
143,141,85,62
145,147,84,66
149,154,88,67
159,164,86,61
159,171,85,60
175,173,81,65
173,176,86,73
190,175,80,75
189,181,82,67
192,192,82,67
209,187,84,71
198,198,86,56
208,205,81,54
217,199,71,59
204,229,64,30
235,193,57,58
237,188,59,66
236,185,61,70
233,188,58,64
230,174,60,70
231,169,62,69
224,156,59,71
223,144,58,70
211,137,68,69
202,127,71,73
186,116,82,72
182,114,77,65
167,113,75,59
160,109,70,56
150,108,79,51
126,98,81,54
115,95,78,58
104,89,80,61
95,86,75,64
90,83,68,66
69,80,86,63
65,76,82,68
59,77,86,70
52,76,86,73
47,69,79,77
44,69,82,80
39,67,81,80
45,68,70,75
44,62,68,80
40,60,74,83
37,60,80,84
37,54,78,92
40,54,78,94
48,56,74,97
53,56,81,101
59,61,85,103
67,69,84,103
79,77,77,102
83,86,78,95
89,92,77,95
98,99,74,96
108,110,68,92
121,122,72,86
130,135,69,85
142,156,61,76
152,171,66,77
162,178,52,75
169,193,72,66
169,200,75,59
161,212,97,47
170,220,95,39
190,222,87,37
185,220,94,39
212,201,74,58
221,189,67,70
218,182,67,73
213,178,71,73
224,162,58,81
195,200,80,59
195,192,77,61
199,174,74,60
211,151,68,68
207,146,69,69
205,144,70,63
203,141,71,60
201,137,72,55
201,105,67,78
199,101,67,75
193,95,73,78
188,100,73,76
185,98,67,72
173,103,64,70
179,108,50,67
161,115,56,63
144,121,61,61
141,129,57,57
134,134,52,55
130,137,49,59
125,139,42,59
106,136,47,64
97,133,41,70
89,134,41,72
81,150,45,55
86,140,42,64
80,135,37,71
73,136,54,63
69,136,50,59
69,134,47,55
69,134,50,51
69,132,49,51
67,127,52,52
69,119,51,53
72,114,53,55
74,109,56,57
79,104,55,61
86,100,54,65
90,98,58,61
96,95,63,64
101,93,71,63
106,86,67,66
116,88,72,63
117,88,77,67
129,92,77,61
135,92,77,63
141,93,78,62
146,97,80,61
158,99,85,63
162,104,92,63
180,110,83,62
187,110,84,63
204,110,78,66
207,112,80,69
226,114,73,72
231,115,73,73
240,115,67,77
247,116,66,78
249,116,80,82
254,114,74,84
260,119,72,76
242,140,85,67
260,120,52,76
241,132,68,78
251,129,50,82
248,140,45,70
244,139,48,73
236,139,51,71
225,140,60,71
225,138,55,75
223,135,50,73
216,137,54,69
209,143,54,61
204,149,50,51
195,150,52,52
204,146,42,53
195,150,45,51
197,147,40,53
194,148,39,57
183,147,43,61
179,146,46,62
180,145,45,63
178,145,44,62
174,147,46,59
169,152,45,54
168,156,44,49
167,158,45,48
167,152,47,52
160,152,55,52
162,151,51,56
158,153,55,50
156,151,51,49
153,153,51,47
149,148,55,47
150,140,55,49
150,139,58,50
151,134,54,53
149,130,52,56
147,127,51,56
144,124,49,56
141,121,50,58
139,119,49,60
134,118,50,60
132,116,50,61
124,118,50,59
122,116,49,61
119,115,51,61
110,117,52,58
109,115,48,58
107,116,46,59
109,117,50,61
113,118,52,63
120,122,50,64
119,126,54,64
131,131,57,62
143,136,57,62
154,145,61,64
165,151,67,62
188,158,62,61
204,167,66,61
223,177,66,52
216,178,83,60
237,180,74,61
266,179,65,59
281,177,62,61
288,182,48,53
288,182,48,56
288,177,52,53
292,170,53,53
283,161,53,49
265,155,62,43
282,147,56,48
281,135,59,49
275,128,55,41
267,121,56,42
259,117,60,44
250,111,62,37
245,98,56,45
235,101,60,47
227,93,64,45
255,70,55,68
222,80,75,57
226,74,68,66
212,80,72,67
198,89,74,59
201,92,76,61
168,110,83,53
187,104,75,59
151,113,81,54
146,120,70,53
126,118,80,59
104,120,80,54
102,116,79,56
91,123,82,52
81,122,81,50
74,119,77,54
69,119,77,56
70,118,75,60
73,117,73,66
65,111,73,69
61,104,72,73
63,103,73,70
66,99,63,76
70,97,65,80
77,99,66,80
80,100,74,81
89,98,73,84
96,96,70,84
100,95,73,86
105,94,65,80
108,93,67,82
108,90,65,80
102,87,66,84
100,87,64,80
96,84,61,80
97,87,61,77
100,111,57,59
101,114,55,59
111,129,56,52
123,140,56,47
144,144,51,51
158,158,54,43
175,161,51,45
192,166,49,41
207,170,50,41
215,173,52,41
234,171,46,40
250,168,39,42
258,162,38,45
266,156,38,50
268,147,42,55
275,141,45,56
282,132,48,60
267,129,63,58
271,120,67,62
272,118,63,61
261,115,63,65
270,99,64,63
259,112,58,61
274,79,51,67
272,77,47,67
264,92,60,62
247,110,70,57
256,91,60,56
246,105,55,47
244,96,58,53
242,95,54,56
237,99,55,55
231,106,59,49
225,106,64,52
225,117,60,51
219,119,66,48
215,120,66,48
211,120,60,54
198,124,68,49
196,122,65,50
193,122,62,48
187,121,64,50
179,123,66,49
172,124,67,51
158,118,73,59
147,116,75,62
141,114,75,61
134,113,74,67
126,110,76,70
116,105,77,71
110,102,72,69
102,98,69,68
92,96,79,72
91,97,75,75
87,97,71,69
89,94,71,67
92,91,56,73
94,92,48,72
98,92,65,72
104,94,64,71
108,93,70,74
112,92,74,73
119,91,70,73
127,92,68,72
135,95,73,70
143,90,68,70
155,93,70,69
161,87,70,70
165,85,71,71
170,84,67,68
172,81,66,70
174,90,58,60
179,77,37,61
174,81,50,62
176,86,69,67
167,94,76,69
174,95,66,75
172,108,70,74
173,111,66,77
168,119,70,74
170,124,61,77
172,138,77,67
176,149,64,63
176,150,76,70
179,154,82,66
188,158,75,62
189,159,75,65
197,159,67,67
207,160,61,67
208,157,61,72
210,164,62,71
218,162,58,77
220,164,64,76
234,169,58,75
241,172,55,73
246,169,57,75
258,168,50,71
277,149,47,77
268,154,53,68
259,151,51,61
271,131,46,67
262,130,44,57
265,112,38,68
250,109,48,66
243,99,44,76
236,94,44,75
212,98,53,74
203,95,50,73
196,101,44,65
181,102,50,64
170,109,46,57
157,115,45,53
143,123,50,54
140,128,48,54
137,132,48,58
133,144,51,53
127,154,54,40
126,150,53,44
124,149,57,48
125,134,53,56
126,129,54,56
128,124,54,56
133,116,52,56
137,110,52,58
137,100,57,62
136,93,58,59
134,81,59,64
135,76,57,63
133,67,57,61
133,65,54,61
129,59,58,62
128,59,57,58
119,57,64,61
115,61,56,58
110,57,57,62
101,62,54,58
92,63,59,59
84,67,53,59
79,69,56,60
80,77,51,60
81,90,51,60
79,100,55,61
82,115,58,59
87,128,61,59
97,141,68,55
105,150,68,62
119,158,67,64
135,162,67,65
150,171,66,69
170,176,61,71
186,181,65,72
194,181,68,78
221,185,58,74
230,186,56,73
242,212,42,47
254,189,48,69
257,168,60,63
259,178,54,81
248,186,57,73
255,170,55,81
253,154,54,86
250,156,51,76
242,143,52,79
233,125,53,88
220,115,59,86
207,105,59,85
195,107,55,73
151,115,63,55
155,94,69,70
148,91,62,70
128,81,74,75
115,84,78,67
103,92,72,60
94,89,80,63
90,88,84,65
82,90,88,61
77,95,83,57
76,94,81,57
74,95,80,56
72,94,78,58
69,89,79,61
69,93,81,63
69,94,82,61
66,92,82,68
70,87,69,72
72,88,74,75
71,89,73,76
83,89,59,73
91,91,50,75
92,91,51,75
95,91,53,75
96,88,73,79
98,95,68,75
100,95,75,76
95,92,78,74
95,88,80,79
99,109,75,73
99,95,75,69
95,91,76,75
97,90,84,79
100,108,79,69
101,83,83,83
105,86,79,80
107,82,80,79
108,84,80,76
106,74,81,80
110,76,78,74
116,87,77,64
115,86,82,66
106,68,73,82
109,68,68,84
109,76,70,80
108,74,73,79
106,86,81,73
101,87,86,71
115,97,85,64
113,98,90,68
114,101,91,67
109,108,95,67
105,116,100,66
129,120,93,67
154,122,82,70
159,125,77,70
160,131,77,67
163,137,78,65
181,140,76,65
179,148,80,60
192,146,87,65
193,149,85,62
209,148,76,61
208,150,78,57
215,142,73,62
221,136,68,60
230,126,67,62
227,116,63,62
224,108,64,60
220,96,67,60
216,86,66,58
213,75,65,61
204,68,62,60
202,56,63,59
200,51,61,57
189,44,61,57
178,37,61,60
164,31,61,60
156,28,63,58
147,24,66,61
130,21,62,60
123,18,64,61
113,16,63,66
102,15,64,68
91,13,66,72
84,14,65,73
76,15,62,77
72,18,63,79
69,26,60,79
66,45,62,73
62,46,63,80
63,54,58,78
67,79,58,61
69,82,61,67
72,87,58,67
79,94,60,68
87,111,58,62
96,116,53,62
107,130,56,58
117,133,51,61
127,147,52,56
139,149,51,60
147,153,54,59
155,153,51,60
163,154,52,59
167,152,54,62
171,150,57,61
177,145,58,64
179,141,60,67
182,139,61,64
182,141,63,57
182,135,63,57
190,129,63,59
197,126,49,56
199,120,49,55
197,110,52,54
199,106,44,57
196,89,44,63
192,86,42,66
183,86,50,62
180,84,51,62
181,84,52,62
176,85,49,58
166,85,52,63
163,86,51,61
147,87,62,63
142,94,66,61
142,93,65,64
142,97,63,65
143,102,62,63
145,107,60,63
160,110,49,68
152,115,60,64
158,123,59,67
177,126,43,62
171,132,59,66
178,134,56,65
180,134,58,65
184,134,58,65
190,134,55,64
193,129,58,65
195,122,59,68
200,121,56,67
202,113,55,72
202,106,56,76
201,105,56,76
195,102,59,76
190,98,61,73
183,96,63,69
180,90,57,69
170,80,56,72
161,76,61,67
149,64,58,72
134,58,63,68
127,56,62,65
112,53,66,68
102,57,68,61
88,60,72,59
83,64,71,56
79,65,70,56
70,66,70,64
64,69,63,62
57,67,65,68
53,79,67,63
47,81,65,62
50,77,60,71
64,74,53,72
65,81,56,65
68,81,58,68
75,92,56,56
83,86,58,62
81,91,61,63
93,94,69,68
94,101,63,61
111,105,60,59
112,111,58,53
124,111,61,57
128,117,58,53
139,121,59,53
132,128,70,57
163,134,50,55
166,138,52,55
168,137,56,65
171,146,58,65
191,145,56,70
199,149,54,70
205,148,56,73
224,144,44,76
223,139,53,80
224,138,58,79
226,139,55,71
222,123,58,82
214,122,63,83
203,120,71,85
197,115,71,83
186,116,76,82
181,113,76,82
178,118,75,78
175,121,73,79
173,119,72,80
169,120,74,80
165,118,76,78
164,115,74,79
160,117,73,79
158,122,71,75
156,126,72,71
155,128,71,70
148,130,71,69
144,130,75,68
139,131,76,70
135,124,74,81
132,122,75,81
131,120,73,83
131,116,74,87
137,135,72,69
136,131,69,68
141,119,66,85
150,111,58,90
155,107,52,89
161,106,43,87
164,107,40,84
165,109,34,72
165,121,45,69
159,114,50,77
157,119,55,81
162,127,46,80
162,124,43,89
164,141,45,79
171,145,40,84
178,164,48,69
187,166,47,69
197,171,55,68
210,174,58,60
219,171,58,58
229,164,61,61
233,143,64,82
239,139,71,76
244,133,69,78
245,123,72,83
242,125,83,78
238,126,100,79
235,123,95,73
233,120,97,76
233,124,94,73
222,136,74,67
213,146,76,61
210,152,74,53
207,158,78,55
180,159,78,51
217,136,64,70
230,133,59,82
216,131,69,82
227,129,66,83
186,160,87,54
204,152,78,55
203,145,80,56
223,116,66,78
222,118,66,66
200,129,86,46
199,130,83,40
214,101,65,55
170,109,80,36
162,99,82,39
177,89,63,51
176,65,63,77
150,90,69,60
141,87,80,73
126,93,96,76
99,95,110,83
88,103,114,86
84,110,108,88
81,115,106,94
84,123,103,96
93,130,118,93
88,116,95,103
92,112,88,110
97,105,103,116
100,95,104,126
102,86,110,137
97,84,103,131
90,77,111,127
91,82,113,119
94,80,105,127
103,82,87,129
91,104,96,113
95,100,85,113
99,106,73,105
107,108,58,96
110,126,62,91
112,123,68,98
118,113,74,108
130,113,72,102
138,115,86,95
144,122,85,84
140,117,91,74
147,94,84,73
144,88,100,71
142,77,98,76
145,66,100,85
153,71,93,85
150,55,70,105
151,59,70,102
152,71,70,99
146,87,81,91
141,103,88,81
145,117,81,73
148,123,98,72
149,126,98,74
152,136,80,71
154,132,87,81
164,130,75,84
185,115,64,89
184,103,74,87
180,88,78,89
186,77,69,86
188,73,70,80
186,70,76,73
183,59,77,72
184,66,64,66
161,91,78,48
164,91,67,58
160,98,58,57
151,112,59,50
151,114,50,53
152,120,49,52
130,135,64,44
131,126,61,52
153,111,44,57
149,100,47,57
153,85,43,59
149,71,50,63
147,62,50,67
139,53,49,72
137,51,56,69
129,44,57,80
114,52,65,78
111,66,70,70
102,76,66,69
98,87,68,68
90,97,66,72
84,114,70,66
83,112,65,80
83,116,58,84
86,118,51,87
90,124,53,79
93,135,46,67
75,138,62,62
95,126,65,64
131,113,53,62
144,111,51,56
151,109,52,49
155,107,60,53
127,100,86,69
137,116,82,68
138,83,59,99
143,95,56,91
150,104,53,90
155,113,50,84
149,123,65,91
157,128,65,90
163,127,70,85
167,125,73,82
172,122,75,82
194,113,74,85
194,106,82,87
195,100,83,77
191,92,86,74
189,88,83,72
176,79,82,66
167,80,69,63
157,82,61,58
152,82,63,51
147,81,53,51
142,78,48,54
142,86,50,50
137,89,55,54
128,101,65,52
122,118,68,48
113,129,71,37
131,106,62,55
131,97,65,57
130,89,67,59
127,84,65,56
120,72,62,60
113,65,63,65
100,57,64,61
84,53,70,62
77,52,64,67
66,53,61,69
54,66,59,67
57,67,51,68
57,76,48,70
54,77,50,67
60,79,37,73
67,77,42,68
65,72,71,78
59,63,56,87
63,52,42,87
56,53,33,86
47,46,40,86
44,46,35,87
40,49,43,85
39,56,54,77
37,61,63,75
43,67,57,89
39,68,67,95
41,53,76,97
59,99,66,77
55,104,68,68
71,106,59,56
82,107,59,48
88,109,58,43
79,101,69,48
61,107,89,43
54,99,86,56
83,51,51,93
76,64,70,96
81,80,85,103
92,86,79,100
101,96,77,96
100,97,86,96
116,98,79,94
110,102,83,87
110,132,79,61
128,110,73,73
133,100,71,83
136,99,71,79
129,99,74,75
95,121,80,67
106,103,70,70
108,105,63,65
114,117,63,59
118,108,59,54
115,109,56,49
116,114,52,44
113,119,57,45
111,120,59,46
107,115,62,46
106,111,61,46
105,107,59,47
100,103,61,48
97,98,58,50
93,97,61,54
91,98,60,56
83,101,62,58
85,101,56,63
91,105,47,72
89,109,49,70
92,112,51,70
94,115,50,71
97,112,49,72
99,117,46,70
99,116,37,66
97,111,45,70
94,113,47,67
96,116,45,67
99,123,47,62
102,122,44,64
104,125,46,67
111,124,45,72
116,124,44,75
121,117,42,76
125,111,44,78
129,132,34,61
133,133,38,54
131,132,43,52
129,132,50,50
121,137,61,42
119,132,67,45
129,123,68,55
142,137,67,45
155,138,68,41
156,102,63,72
165,103,68,70
171,90,66,77
180,92,75,73
187,80,59,72
162,80,70,70
198,85,50,74
180,90,62,72
179,115,75,61
175,116,80,63
203,110,56,66
204,118,68,67
211,117,67,66
216,122,66,59
217,136,61,52
225,115,74,58
220,106,83,55
226,102,66,57
216,101,56,54
213,99,59,55
212,91,62,57
214,102,59,59
209,127,63,44
207,129,59,46
207,124,66,52
211,118,61,53
212,102,57,56
207,95,58,58
201,86,57,61
182,86,69,58
178,86,58,58
169,96,63,61
157,108,62,60
150,123,66,56
147,129,66,55
143,122,63,60
149,113,55,63
147,100,48,66
146,90,46,72
141,74,45,77
137,66,42,83
128,66,43,78
117,67,45,76
109,74,45,79
99,88,55,72
93,102,58,64
93,113,58,63
94,109,57,76
101,108,59,81
105,105,59,77
112,101,57,73
116,96,58,74
115,88,63,76
117,87,54,67
117,90,62,69
113,97,60,68
115,104,59,69
120,127,55,54
121,136,61,54
126,142,61,55
130,139,61,63
139,142,63,64
147,155,69,56
159,145,67,65
166,142,70,69
173,135,69,78
182,138,64,72
188,137,67,74
195,132,66,81
199,126,68,90
203,123,74,94
207,123,76,93
207,123,81,90
201,119,79,86
200,118,80,84
176,123,69,75
170,129,68,66
128,137,87,50
201,130,76,77
209,147,59,65
224,121,58,81
192,122,85,76
192,109,99,71
197,113,99,64
203,95,90,69
206,77,81,78
206,55,78,89
190,44,87,87
194,47,75,83
181,54,68,84
181,61,62,80
161,88,61,59
143,96,69,56
133,101,70,53
154,81,59,64
150,62,73,80
145,55,80,75
142,53,76,73
132,56,72,69
124,59,79,71
116,74,73,63
102,92,67,56
97,105,61,61
85,118,84,58
81,127,81,60
73,127,74,69
70,140,81,66
68,142,76,74
69,145,70,76
69,151,71,83
77,158,65,90
73,151,67,91
76,152,62,89
76,158,66,83
77,143,68,87
75,141,65,83
79,143,67,77
84,135,67,89
91,129,66,99
97,129,68,102
118,123,59,102
131,121,62,101
143,121,69,92
156,119,68,79
165,115,72,72
178,99,65,76
181,96,74,67
191,88,72,64
197,80,76,74
205,71,71,83
218,62,63,93
229,75,54,87
236,86,49,82
239,85,49,85
245,89,49,82
249,89,49,85
256,85,44,83
245,91,60,68
248,84,59,69
242,85,59,64
245,86,54,60
245,89,49,60
222,91,70,62
224,84,70,73
227,83,67,80
238,88,56,78
236,107,58,63
250,99,52,66
228,97,77,61
228,71,76,79
215,79,81,64
213,51,86,87
209,49,88,88
190,69,90,74
182,71,98,79
172,78,107,80
146,85,120,90
139,91,125,91
140,97,124,95
134,97,127,99
137,79,72,110
137,78,74,102
128,71,82,106
123,72,123,106
118,62,122,115
99,61,128,116
88,89,133,99
73,78,117,125
71,114,120,107
71,134,121,97
75,142,73,88
67,134,113,92
70,136,113,83
71,135,106,79
67,121,99,84
69,126,97,74
71,119,84,81
69,129,85,82
73,134,76,77
85,131,88,84
92,138,91,81
98,131,93,82
109,125,89,82
116,115,75,87
123,116,72,85
135,133,66,78
142,134,68,82
155,145,56,79
159,143,61,85
168,141,60,85
177,138,55,92
189,140,57,87
203,138,53,87
213,139,51,84
219,137,55,83
220,133,53,86
213,131,63,84
215,139,66,72
214,138,63,68
214,141,63,63
208,154,67,60
204,155,66,54
204,158,56,48
199,165,69,52
200,163,66,53
197,167,66,49
195,170,63,46
189,173,68,46
185,171,64,45
185,172,57,41
175,167,55,46
168,165,53,50
162,164,61,53
152,152,55,58
143,152,62,63
130,138,62,65
130,130,55,60
123,122,59,68
115,113,62,72
106,110,63,70
99,106,64,72
91,103,64,74
81,100,66,76
70,97,69,77
58,95,66,80
47,109,68,68
41,91,66,77
31,93,66,77
23,106,71,68
15,91,68,75
12,104,71,68
4,95,66,76
1,94,65,77
0,95,63,76
0,97,55,75
0,97,49,75
0,104,51,73
0,92,44,73
0,90,49,77
5,92,50,64
2,98,63,70
4,99,66,72
0,105,76,75
1,105,79,87
16,102,90,90
22,101,90,100
36,102,86,104
46,101,103,97
65,94,84,105
77,90,83,107
89,88,83,106
102,86,101,102
118,90,91,102
130,90,85,97
147,86,89,93
166,89,75,90
177,86,77,87
196,80,77,85
208,70,72,88
220,66,67,81
232,63,57,82
238,72,46,69
243,74,43,62
230,66,56,63
243,49,49,74
249,44,43,70
230,48,52,72
192,78,77,61
197,62,75,55
189,76,68,46
181,75,68,44
175,69,65,47
160,65,66,53
153,63,60,51
142,61,60,54
130,60,61,60
128,59,61,69
119,73,60,60
113,71,63,68
117,76,54,59
110,81,64,69
114,82,61,65
115,84,60,65
114,94,61,64
119,99,59,54
128,99,54,51
130,110,59,51
138,112,56,50
146,114,57,46
151,116,57,47
162,115,56,50
163,114,60,53
167,112,62,57
175,108,55,60
173,110,61,64
172,95,61,67
164,94,64,65
176,84,48,62
169,85,53,62
167,85,54,58
165,81,56,63
161,77,57,66
158,75,62,67
156,72,62,67
157,69,59,71
152,73,68,68
157,60,63,67
153,63,63,67
155,73,60,67
158,59,57,67
154,60,58,70
143,87,72,58
140,79,65,56
136,77,67,56
143,58,61,69
151,54,55,65
148,60,60,67
144,59,64,72
139,69,68,73
141,72,67,72
151,80,70,68
154,84,70,69
165,94,75,69
170,102,83,66
175,111,79,67
193,120,72,63
209,135,68,57
224,137,71,64
231,140,81,65
243,137,81,69
249,141,72,69
263,135,71,70
267,136,77,67
266,130,57,66
262,126,50,65
255,119,60,59
249,116,53,57
234,101,57,57
212,97,58,55
204,84,55,57
197,83,51,57
183,84,50,57
171,77,48,61
155,72,51,67
139,63,50,74
123,64,52,72
106,64,58,73
93,70,54,72
81,74,56,71
70,78,59,73
59,91,57,65
49,103,58,60
46,112,59,58
44,120,62,55
48,128,59,51
46,126,59,56
48,126,66,57
55,120,74,61
65,113,60,66
69,109,54,65
72,99,57,68
73,93,67,73
72,81,63,72
66,70,68,76
61,64,78,77
59,52,77,79
51,44,82,85
47,37,82,86
38,30,83,86
31,27,86,84
27,27,84,83
21,30,87,85
17,32,86,80
13,36,81,76
13,42,77,76
10,41,59,77
19,41,63,77
24,42,63,79
33,48,65,80
46,55,73,79
56,59,68,80
71,69,84,78
81,77,77,77
93,95,106,61
98,89,97,70
108,101,105,66
122,102,108,73
140,104,98,74
158,105,93,73
147,102,102,80
159,101,101,85
158,101,106,92
186,97,89,98
205,85,79,95
200,86,86,103
203,88,85,98
202,92,88,92
204,126,90,68
210,131,89,53
213,132,89,47
216,129,86,47
213,125,87,55
231,85,73,73
223,83,81,75
211,82,87,67
201,76,93,71
195,75,90,67
183,69,88,61
179,57,79,63
171,53,78,64
150,47,86,58
152,48,72,60
129,44,85,58
110,42,84,62
103,45,81,62
83,41,85,70
78,49,82,70
66,49,80,78
59,54,81,78
51,57,79,82
46,65,75,84
41,70,73,86
43,79,74,84
36,88,74,80
39,91,74,83
39,94,75,83
38,114,79,70
37,101,78,86
44,97,59,88
43,104,59,86
49,107,62,87
57,109,70,86
65,109,76,91
75,109,77,90
85,108,84,89
96,105,81,93
111,105,83,88
128,101,82,88
142,96,80,92
157,96,75,93
174,93,81,90
187,88,78,94
200,83,89,92
214,79,92,94
228,75,94,96
235,70,91,97
242,69,92,95
251,69,87,94
256,66,87,93
264,73,81,85
270,75,75,82
278,77,67,78
310,85,35,59
280,82,65,59
275,77,70,61
256,74,81,58
260,69,85,64
248,74,89,55
245,67,79,44
249,65,79,51
241,70,75,47
246,47,72,72
244,67,67,66
226,70,77,67
231,68,62,80
228,70,60,82
224,93,62,68
203,114,74,57
201,122,73,58
185,136,77,62
217,130,54,66
221,123,52,83
223,129,48,79
208,147,54,70
198,152,56,63
198,148,63,65
198,140,67,70
194,135,71,64
191,132,64,61
188,122,68,60
183,115,71,60
173,99,67,65
165,91,66,62
159,78,59,66
146,76,69,62
136,69,70,62
125,61,71,66
116,54,69,68
109,51,65,73
97,46,65,78
87,48,65,80
78,49,62,83
67,57,58,84
57,62,60,85
45,69,62,85
40,71,60,91
35,77,61,92
34,91,62,87
32,85,64,96
35,90,63,96
38,88,67,100
45,95,66,98
54,98,67,96
65,105,72,95
74,110,76,91
82,116,78,85
96,121,82,84
110,126,85,84
125,133,89,82
141,137,88,83
158,138,72,82
178,149,78,79
186,149,94,77
201,156,95,74
217,156,97,77
247,152,83,78
245,146,89,87
278,150,67,74
256,163,69,66
222,164,99,53
251,161,81,71
221,143,112,65
181,116,61,54
202,105,44,43
188,96,39,34
186,89,34,33
190,83,33,30
179,77,32,32
170,71,32,31
162,68,33,32
154,70,34,27
138,70,32,26
150,69,27,27
145,70,26,25
131,85,28,25
140,93,45,28
120,101,57,42
168,82,78,62
186,80,70,77
160,102,91,73
158,113,91,71
160,125,94,72
181,130,86,71
185,142,81,69
188,138,75,74
189,137,75,77
191,134,66,80
188,138,65,79
190,141,61,75
185,138,66,72
183,134,64,68
181,129,63,67
181,123,61,68
179,118,58,68
177,110,53,70
172,106,55,67
168,100,50,64
159,78,50,72
153,77,60,64
151,75,57,64
147,72,51,67
143,76,54,56
138,63,47,70
139,87,50,46
131,85,48,45
123,82,47,51
114,78,49,55
109,72,55,57
96,71,56,57
83,66,58,62
77,63,63,58
69,58,60,63
72,52,65,66
72,54,62,63
79,67,60,61
85,72,60,64
92,76,61,62
102,85,66,57
113,94,68,56
128,102,70,53
145,106,70,53
162,107,68,52
172,106,67,52
187,112,58,47
184,110,64,49
188,107,72,50
197,102,71,50
195,98,73,48
209,94,67,49
223,95,49,56
223,97,51,48
223,95,48,52
219,98,53,46
223,97,47,49
225,101,46,43
226,106,47,39
226,108,45,38
210,112,61,35
212,106,60,43
209,102,58,53
205,103,67,53
201,100,65,54
201,99,65,55
195,101,69,55
190,101,69,55
184,104,70,56
179,108,71,56
176,108,69,56
169,109,71,56
165,110,73,55
160,116,74,52
154,115,73,52
152,121,71,49
148,120,69,48
141,121,71,47
136,122,71,46
131,123,68,45
126,120,69,49
124,119,68,51
121,116,68,51
121,116,66,54
117,114,66,55
116,111,66,56
113,111,64,55
108,111,65,55
104,108,67,57
101,108,65,55
96,106,66,57
95,105,67,57
93,105,70,58
94,106,68,61
94,106,64,61
96,108,63,60
98,107,60,61
99,108,61,62
102,110,60,63
105,111,61,64
108,113,64,63
112,114,65,63
118,116,66,64
123,118,64,62
127,121,67,61
133,123,68,60
139,125,67,61
146,129,67,60
154,132,67,58
165,135,65,59
171,140,68,58
177,145,67,57
183,148,66,55
188,154,66,51
193,157,68,50
200,159,67,50
204,160,64,49
207,159,66,51
211,156,65,53
215,152,64,55
219,152,60,57
224,146,58,59
228,142,57,61
230,138,59,63
224,134,61,64
228,129,58,65
227,125,58,66
228,120,60,68
225,115,62,71
222,111,63,72
219,107,63,72
217,106,61,69
214,104,62,70
213,101,60,70
207,97,60,71
203,98,61,66
193,102,59,57
189,92,63,65
184,91,65,59
181,92,66,55
175,92,69,50
171,95,72,45
169,94,70,41
161,95,74,39
159,94,72,39
152,89,71,44
145,87,70,43
142,81,67,48
138,75,66,55
133,71,66,56
126,70,67,57
118,66,71,60
113,65,70,65
109,64,70,66
104,62,71,69
101,63,71,72
97,64,70,75
94,66,68,78
92,69,67,79
86,77,66,76
87,79,63,82
86,82,64,85
84,89,63,84
83,94,64,87
82,97,64,91
82,105,64,89
81,113,65,86
83,121,68,85
83,126,69,86
84,135,75,85
84,141,79,85
86,150,81,77
92,159,77,74
