0.050850
0.133360
0.104678
0.115452
0.105850
0.107299
0.100777
0.090570
0.096521
0.104967
0.066495
0.119144
0.066142
0.067131
0.073269
0.075540
0.085596
0.077294
0.092558
0.078010
0.037763
0.083361
0.077212
0.080235
0.072566
0.060233
0.044369
0.119522
0.105878
0.124478
0.096669
0.080330
0.106583
0.066478
0.081310
0.107304
0.079707
0.057505
0.066038
0.087097
0.063228
0.142647
0.116762
0.076716
0.081895
0.060033
0.034376
0.121618
0.091642
0.070130
0.095187
0.063213
0.076975
0.092586
0.090766
0.089217
0.085413
0.085639
0.100542
0.075218
0.091844
0.089769
0.080431
0.109671
0.120689
0.125782
0.111152
0.110293
0.118399
0.070489
0.046468
0.075298
0.057919
0.052773
0.061369
0.057654
0.071180
0.069413
0.089519
0.076755
0.099671
0.085507
0.074249
0.085917
0.070590
0.086909
0.078630
0.065150
0.089823
0.077760
0.083668
0.048582
0.126587
0.073874
0.057563
0.071272
0.110319
0.093928
0.082491
0.065363
0.061173
0.058112
0.118800
0.083953
0.081719
0.063442
0.066988
0.077983
0.067494
0.124573
0.115873
0.073601
0.093498
0.046452
0.052686
0.092473
0.091231
0.117042
0.096317
0.087135
0.084354
0.052488
0.113000
0.082505
0.103298
0.099059
0.093362
0.062691
0.100941
0.097355
0.085916
0.083856
0.080866
0.089374
0.111941
0.066482
0.071908
0.056369
0.058110
0.095726
0.049695
0.073152
0.080552
0.075082
0.081124
0.053756
0.086482
0.094916
0.094973
0.089593
0.077565
0.045150
0.069329
0.109129
0.083177
0.068595
0.055621
0.061212
0.059299
0.062939
0.077233
0.068940
0.085227
0.082834
0.062352
0.080348
0.086549
0.050267
0.060372
0.060195
0.064272
0.071873
0.077327
0.073356
0.087647
0.041689
0.079415
0.057074
0.062001
0.083658
0.087628
0.079203
0.085217
0.104266
0.082693
0.091835
0.124882
0.059487
0.066595
0.086903
0.119112
0.112761
0.119834
0.100662
0.048173
0.104084
0.106459
0.086193
0.110088
0.086154
0.095625
0.057796
0.081657
0.088248
0.033529
0.096846
0.090545
0.051576
0.053565
0.067854
0.069695
0.061705
0.079351
0.069528
0.072349
0.080829
0.070578
0.075131
0.081736
0.083026
0.089666
0.100029
0.089023
0.066985
0.041385
0.050241
0.070045
0.059405
0.067112
0.046159
0.105769
0.101729
0.083291
0.072107
0.100640
0.075295
0.097361
0.068607
0.070250
0.063237
0.049553
0.099933
0.073857
0.106460
0.084941
0.063954
0.090924
0.086218
0.087249
0.063372
0.082736
0.080719
0.074309
0.101612
0.042112
0.072252
0.083414
0.071198
0.078418
0.085987
0.059269
0.050690
0.082719
0.087058
0.058755
0.076501
0.071824
0.064502
0.095669
0.037592
0.090289
0.090884
0.055706
0.063123
0.039062
0.086170
0.061648
0.075932
0.076138
0.074125
0.061186
0.071906
0.095361
0.089276
0.053444
0.070491
0.056731
0.063766
0.067739
0.107110
0.100087
0.070071
0.062348
0.078135
0.029299
0.087178
0.060689
0.060529
0.088244
0.077888
0.068950
0.063321
0.073239
0.028880
0.063780
0.073280
0.098826
0.031376
0.105543
0.091907
0.086862
0.051807
0.105545
0.078000
0.082401
0.072468
0.072687
0.052282
0.059054
0.077362
0.088275
0.062064
0.105734
0.048925
0.085362
0.086745
0.052672
0.064575
0.046445
0.093193
0.066327
0.052118
0.089882
0.065073
0.070266
0.052925
0.049540
0.052301
0.044575
0.047729
0.083392
0.063064
0.073241
0.077268
0.081462
0.092896
0.080328
0.087922
0.073313
0.067047
0.063368
0.082333
0.056899
0.102896
0.071914
0.074715
0.085628
0.074642
0.053510
0.052072
0.061241
0.056135
0.069223
0.077966
0.077683
0.070284
0.087791
0.068247
0.067887
0.046611
0.099310
0.087021
0.047653
0.071972
0.055417
0.041437
0.107434
0.088676
0.104944
0.085021
0.107342
0.062378
0.083292
0.067311
0.058684
0.064140
0.083518
0.064847
0.094280
0.074521
0.038992
0.099956
0.066300
0.085241
0.068503
0.089017
0.077807
0.047540
0.082364
0.080046
0.043957
0.053670
0.032064
0.041263
0.130267
0.098936
0.074760
0.059865
0.066060
0.066306
0.066967
0.090661
0.086298
0.076611
0.068232
0.051905
0.045314
0.048966
0.090386
0.064357
0.084980
0.073785
0.082031
0.076815
0.067543
0.066366
0.103884
0.104450
0.066783
0.092783
0.083091
0.090717
0.093523
0.062362
0.065154
0.073296
0.062958
0.084229
0.069923
0.045214
0.050266
0.045753
0.097192
0.116410
0.053599
0.073854
0.053638
0.084435
0.077144
0.091065
0.054236
0.082710
0.077370
0.065814
0.058686
0.093182
0.071757
0.097575
0.090751
0.051389
0.053659
0.065500
0.104074
0.095618
0.099460
0.109989
0.109288
0.109446
0.035014
0.099451
0.100567
0.095669
0.104663
0.086094
0.100689
0.064815
0.099769
0.068478
0.070411
0.089244
0.063735
0.036366
0.124826
0.114532
0.104774
0.076866
0.080966
0.091883
0.078483
0.087671
0.061111
0.054615
0.087867
0.085385
0.090608
0.075282
0.066432
0.087490
0.057158
0.058521
0.078434
0.042290
0.059614
0.083622
0.071440
0.095029
0.112120
0.044873
0.088844
0.045666
0.067655
0.076297
0.051094
0.112957
0.085193
0.074296
0.074947
0.049667
0.073909
0.067821
0.081428
0.069480
0.054949
0.063943
0.074949
0.076746
0.086210
0.044787
0.064716
0.071906
0.092995
0.095012
0.083335
0.046942
0.032099
0.055720
0.048770
0.031754
0.057246
0.047983
0.036070
0.094473
0.070403
0.053498
0.080210
0.087245
0.075987
0.092624
0.089137
0.082027
0.111401
0.100220
0.055397
0.071881
0.076710
0.085450
0.069085
0.077213
0.093522
0.061458
0.092041
0.057933
0.104462
0.090206
0.089911
0.093352
0.089716
0.081938
0.083035
0.098862
0.062708
0.114145
0.105880
0.057151
0.099330
0.088872
0.082034
0.102599
0.093281
0.097266
0.084226
0.089811
0.094098
0.127271
0.067505
0.070002
0.043000
0.055549
0.093035
0.075505
0.062786
0.086882
0.053549
0.037294
0.114583
0.066381
0.062211
0.101628
0.067707
0.048584
0.056274
0.143167
0.133670
0.151078
0.133704
0.095310
0.066969
0.094920
0.093042
0.083032
0.046515
0.048451
0.073961
0.067960
0.072614
0.066147
0.057838
0.055860
0.049632
0.098191
0.080855
0.041216
0.048050
0.072845
0.049029
0.055112
0.058679
0.067680
0.062577
0.073664
0.083582
0.075577
0.060982
0.081812
0.073892
0.071282
0.064300
0.098835
0.086470
0.068769
0.079806
0.071299
0.073509
0.058265
0.076044
0.103699
0.089471
0.092808
0.059550
0.085703
0.112627
0.102796
0.080268
0.049161
0.092658
0.086373
0.084440
0.075040
0.082897
0.078105
0.075649
0.048012
0.057181
0.060489
0.099296
0.105775
0.083478
0.035053
0.070277
0.087522
0.075073
0.072939
0.068264
0.070261
0.063808
0.059380
0.105183
0.116950
0.085623
0.104749
0.138937
0.099090
0.086428
0.066610
0.080809
0.049586
0.068310
0.096489
0.063484
0.071479
0.065220
0.043039
0.072987
0.056248
0.100615
0.070112
0.083745
0.107587
0.094658
0.092143
0.085361
0.072467
0.039997
0.052710
0.056034
0.043077
0.074786
0.090093
0.101548
0.047361
0.069691
0.070410
0.084021
0.084200
0.089435
0.077814
0.081382
0.051578
0.069808
0.058639
0.036961
0.045817
0.039814
0.043859
0.051123
0.050823
0.052887
0.061618
0.085585
0.043534
0.086923
0.066642
0.065113
0.059125
0.035830
0.085495
0.066823
0.060323
0.100179
0.093577
0.116773
0.120266
0.053209
0.096529
0.076803
0.107357
0.077002
0.076652
0.094355
0.083265
0.100257
0.055725
0.082778
0.059995
0.061348
0.034450
0.109594
0.080290
0.095910
0.096374
0.103770
0.071065
0.078758
0.070092
0.116831
0.068898
0.089916
0.041422
0.073812
0.099463
0.087728
0.069301
0.053129
0.064591
0.064307
0.073577
0.075043
0.049803
0.058553
0.075948
0.049766
0.053437
0.059476
0.050233
0.052047
0.061634
0.039076
0.061229
0.057094
0.067806
0.086179
0.096061
0.087591
0.092479
0.036433
0.059870
0.048071
0.073824
0.069996
0.052290
0.056520
0.061964
0.078520
0.066849
0.069494
0.058088
0.069571
0.069455
0.066207
0.073951
0.057424
0.066340
0.065939
0.079932
0.076986
0.077294
0.082375
0.087138
0.087239
0.081991
0.116658
0.095684
0.098492
0.088171
0.077717
0.063195
0.082646
0.084815
0.076418
0.053277
0.044482
0.057858
0.062496
0.081271
0.090985
0.110128
0.109255
0.074586
0.108089
0.072953
0.080812
0.097281
0.090523
0.072742
0.072863
0.075597
0.078713
0.090253
0.052492
0.064446
0.087015
0.098176
0.063433
0.069879
0.080768
0.081194
0.073641
0.064866
0.083519
0.098310
0.076992
0.063148
0.077957
0.097861
0.087052
0.070761
0.105011
0.098567
0.105520
0.117686
0.102622
0.062030
0.072484
0.040902
0.096550
0.062405
0.079512
0.090929
0.081077
0.087543
0.066368
0.050829
0.092917
0.067519
0.054946
0.076592
0.101733
0.090348
0.099039
0.108388
0.098354
0.057457
0.062082
0.088080
0.086037
0.073005
0.045052
0.077961
0.041445
0.086680
0.075844
0.063724
0.080087
0.075166
0.072426
0.090505
0.074660
0.117847
0.060585
0.077024
0.046013
0.068835
0.040611
0.068834
0.082594
0.070659
0.070531
0.073652
0.061896
0.096882
0.071187
0.107517
0.046506
0.096555
0.091395
0.078586
0.075643
0.091390
0.081624
0.108142
0.106871
0.131200
0.043485
0.089411
0.090155
0.084459
0.054780
0.062416
0.098407
0.067988
0.068728
0.034257
0.077592
0.054808
0.061685
0.075463
0.083043
0.058191
0.063206
0.048494
0.091586
0.064336
0.051687
0.075019
0.054158
0.072799
0.062684
0.060107
0.050628
0.052146
0.085511
0.093017
0.086055
0.087112
0.088326
0.054846
0.090555
0.090010
0.053070
0.063985
0.073288
0.068105
0.078387
0.055819
0.103896
0.087079
0.070567
0.117808
0.085952
0.075706
0.072670
0.086610
0.074049
0.076777
0.088157
0.079399
0.098834
0.119562
0.061947
0.052626
0.074355
0.065436
0.064485
0.084221
0.063483
0.058894
0.054805
0.054708
0.067034
0.078183
0.063964
0.089054
0.041418
0.140426
0.104810
0.071083
0.040207
0.110899
0.036109
0.112346
0.101111
0.086181
0.040605
0.088436
0.067449
0.066510
0.092246
0.112798
0.163694
0.117362
0.117265
0.100302
0.073847
0.068918
0.096790
0.108608
0.061922
0.046946
0.079258
0.103020
0.119953
0.073966
0.090914
0.076276
0.088591
0.094201
0.107698
0.068727
0.096358
0.081387
0.062665
0.052121
0.049287
0.051445
0.070871
0.069549
0.056602
0.064843
0.088232
0.097601
0.068668
0.067915
0.090304
0.068028
0.078815
0.055384
0.063766
0.082144
0.046612
0.087277
0.071787
0.097631
0.078087
0.077117
0.071869
0.099070
0.055795
0.073539
0.069986
0.077444
0.049138
0.079828
0.057913
0.065002
0.061201
0.081727
0.070978
0.062322
0.069976
0.065224
0.044824
0.054747
0.037925
0.037733
0.046365
0.042766
0.051736
0.044531
0.067531
0.072010
0.054788
0.089344
0.047962
0.077040
0.088138
0.094817
0.098298
0.107055
0.068732
0.103788
0.082028
0.074394
0.051847
0.063988
0.066628
0.083245
0.056327
0.067063
0.058705
0.062356
0.058867
0.098420
0.071019
0.051095
0.064460
0.051049
0.064141
0.065553
0.074227
0.070230
0.049388
0.062398
0.061985
0.055670
0.046594
0.097837
0.067506
0.125031
0.092320
0.110541
0.084087
0.066180
0.072379
0.038054
0.080788
0.126149
0.100765
0.100207
0.103130
0.085750
0.061110
0.077704
0.078635
0.038960
0.104578
0.064713
0.087632
0.093077
0.066081
0.067663
0.039672
0.098140
0.088485
0.086717
0.067508
0.065617
0.092719
0.049002
0.063213
0.035435
0.119246
0.079309
0.137206
0.117828
0.081803
0.068478
0.049456
0.098620
0.049934
0.083291
0.067220
0.056456
0.045797
0.045436
0.051582
0.058789
0.068425
0.068056
0.035060
0.078928
0.080943
0.033586
0.081007
0.079365
0.084069
0.071658
0.053441
0.084306
0.073084
0.072930
0.084197
0.061169
0.046636
0.071765
0.072840
0.088857
0.059421
0.037197
0.078164
0.087297
0.081500
0.066429
0.063691
0.087632
0.112839
0.084574
0.068420
0.089485
0.089813
0.087897
0.081034
0.045737
0.074116
0.065550
0.066854
0.060689
0.056971
0.079317
0.082415
0.059582
0.065789
0.067641
0.065825
0.079002
0.068465
0.070760
0.068197
0.062284
0.069866
0.059897
0.103048
0.101598
0.081066
0.075237
0.073476
0.082986
0.063054
0.059473
0.071097
0.091826
0.124005
0.076756
0.047845
0.074504
0.101604
0.102237
0.119276
0.079045
0.045010
0.075534
0.062781
0.058138
0.041048
0.048300
0.048144
0.069051
0.064726
0.085818
0.061966
0.061313
0.083265
0.084722
0.085532
0.103698
0.055802
0.125134
0.073230
0.043406
0.106844
0.097708
0.087043
0.080829
0.104846
0.107093
0.112071
0.088011
0.085259
0.089804
0.101979
0.101451
0.111035
0.119365
0.080969
0.074332
0.064533
0.079091
0.097023
0.109170
0.087085
0.080754
0.112568
0.093367
0.083129
0.111409
0.125008
0.130696
0.095857
0.061220
0.061023
0.099998
0.085176
0.101179
0.075932
0.070608
0.067002
0.065727
0.082584
0.034478
0.091737
0.081709
0.070397
0.069430
0.077804
0.083391
0.085951
0.085251
0.081303
0.070185
0.063835
0.086779
0.109518
0.069409
0.056283
0.099449
0.074964
0.065501
0.089290
0.093317
0.083791
0.067199
0.084081
0.050286
0.044774
0.133669
0.114883
0.090564
0.098186
0.094644
0.092340
0.083020
0.080014
0.057263
0.114552
0.087908
0.053003
0.094837
0.128821
0.073750
0.043355
0.074312
0.092347
0.096811
0.068642
0.085913
0.062424
0.055162
0.089367
0.086373
0.070985
0.056011
0.094366
0.095009
0.088478
0.101303
0.088688
0.091850
0.081890
0.060652
0.087725
0.066853
0.072535
0.105776
0.086880
0.094845
0.085632
0.081404
0.076080
0.053711
0.077293
0.062495
0.071407
0.043203
0.103649
0.104703
0.095441
0.043100
0.048084
0.109540
0.078624
0.062293
0.074679
0.064304
0.078910
0.078609
0.081842
0.088489
0.090577
0.049677
0.055917
0.041359
0.110207
0.057493
0.062739
0.104040
0.076841
0.090520
0.089374
0.032901
0.080674
0.067676
0.063919
0.043492
0.082868
0.068012
0.076492
0.099951
0.070213
0.113265
0.104673
0.090505
0.090353
0.080669
0.061885
0.066686
0.041123
0.129743
0.077370
0.100256
0.105485
0.080964
0.069024
0.060444
0.052047
0.115597
0.103927
0.076577
0.072192
0.094857
0.058125
0.069103
0.072561
0.071570
0.078716
0.117530
0.055466
0.121082
0.100727
0.061181
0.078193
0.089006
0.080110
0.108768
0.076132
0.087143
0.107433
0.091371
0.102643
0.081055
0.063645
0.116957
0.081109
0.028893
0.082317
0.104264
0.085230
0.057922
0.113213
0.110588
0.065628
0.106821
0.115845
0.114480
0.104998
0.083334
0.083792
0.083745
0.110605
0.068912
0.055052
0.079692
0.079228
0.058814
0.079030
0.072040
0.081409
0.078872
0.058081
0.057883
0.088955
0.092883
0.097618
0.079179
0.073490
0.071646
0.050389
0.074259
0.105003
0.070015
0.064579
0.065445
0.045882
0.075653
0.091679
0.079826
0.084233
0.080202
0.083477
0.069364
0.060551
0.090365
0.063706
0.062323
0.091410
0.068199
0.080592
0.050575
0.045013
0.053303
0.057851
0.058295
0.064772
0.060408
0.075433
0.081143
0.089186
0.066779
0.080239
0.046138
0.064404
0.070599
0.038053
0.069797
0.036102
0.047050
0.057079
0.085033
0.080807
0.086576
0.106771
0.087449
0.062391
0.078205
0.077377
0.075339
0.085809
0.050421
0.103356
0.097730
0.088957
0.083968
0.077108
0.087762
0.060068
0.084641
0.080402
0.088144
0.047887
0.080209
0.060121
0.078083
0.075234
0.081698
0.080976
0.075245
0.081642
0.080777
0.079765
0.070115
0.066666
0.057860
0.039878
0.098758
0.074857
0.094045
0.108446
0.090077
0.068109
0.062363
0.070490
0.052812
0.047282
0.072451
0.088998
0.064707
0.061216
0.039456
0.045166
0.048266
0.071761
0.060773
0.047494
0.055069
0.053967
0.053926
0.080747
0.073862
0.082693
0.077676
0.034759
0.073312
0.058125
0.036693
0.058358
0.058760
0.058016
0.074250
0.104014
0.073071
0.082355
0.059096
0.077227
0.040122
0.070094
0.084611
0.049493
0.062601
0.042874
0.076593
0.068809
0.051393
0.072752
0.075511
0.091936
0.066150
0.092928
0.089395
0.086942
0.078768
0.058292
0.081625
0.062536
0.047682
0.061995
0.052333
0.068665
0.038734
0.085374
0.039487
0.058155
0.100054
0.093690
0.124965
0.093596
0.053365
0.062304
0.072148
0.081488
0.044838
0.076674
0.041122
0.105246
0.068020
0.055406
0.034696
0.063896
0.050748
0.046448
0.051311
0.078523
0.063051
0.080625
0.069502
0.053385
0.034402
0.051646
0.038650
0.072917
0.046869
0.072597
0.059506
0.041605
0.045539
0.066108
0.056513
0.048411
0.030169
0.045603
0.052145
0.050952
0.046633
0.041689
0.039816
0.051198
0.038262
0.054692
0.036190
0.071322
0.061090
0.031804
0.045708
0.058974
0.045949
0.050042
0.052805
0.053969
0.070263
0.081462
0.135540
0.093676
0.053421
0.051005
0.043797
0.067315
0.035232
0.075552
0.056267
0.031811
0.096796
0.087214
0.079222
0.096762
0.056100
0.134369
0.086566
0.115649
0.097651
0.116687
0.088893
0.079809
0.075223
0.093129
0.081579
0.057844
0.080389
0.050398
0.090909
0.074129
0.081529
0.059704
0.063420
0.066581
0.050283
0.070354
0.068480
0.065534
0.047359
0.065772
0.038607
0.053165
0.046211
0.056522
0.047063
0.030565
0.031780
0.039590
0.073046
0.048397
0.086861
0.092951
0.103132
0.096937
0.114090
0.094754
0.061713
0.083508
0.085291
0.092109
0.094923
0.079373
0.086473
0.082022
0.087856
0.088697
0.077193
0.125014
0.076521
0.073428
0.072120
0.069161
0.077422
0.091304
0.134306
0.075663
0.060884
0.085984
0.097485
0.043090
0.081160
0.092172
0.071394
0.084684
0.102797
0.054519
0.081263
0.068541
0.079441
0.066952
0.077893
0.049636
0.065804
0.063657
0.039172
0.102418
0.080721
0.119352
0.080238
0.060579
0.073356
0.104645
0.080269
0.039039
0.068491
0.111382
0.091198
0.056620
0.071535
0.085543
0.122810
0.123696
0.071757
0.059842
0.054303
0.111883
0.106914
0.106308
0.072746
0.061113
0.064103
0.108572
0.124225
0.119809
0.094065
0.080721
0.113315
0.077611
0.036657
0.093593
0.040295
0.077646
0.043761
0.062924
0.060176
0.037531
0.072285
0.083825
0.060540
0.063420
0.064183
0.047690
0.038221
0.062513
0.039657
0.072785
0.103138
0.051021
0.038043
0.050474
0.094221
0.061057
0.060822
0.041976
0.064729
0.063868
0.085461
0.077660
0.079328
0.042840
0.068149
0.089464
0.094458
0.094349
0.064770
0.082245
0.061924
0.046157
0.070024
0.052629
0.052526
0.110646
0.109680
0.129307
0.124548
0.073186
0.111231
0.118475
0.119759
0.079115
0.063814
0.063366
0.063194
0.067403
0.067138
0.072057
0.064565
0.100866
0.098814
0.077383
0.110104
0.054403
0.149703
0.136254
0.092396
0.099382
0.058203
0.090899
0.058807
0.060989
0.061937
0.054236
0.062757
0.081739
0.063819
0.062844
0.074433
0.090057
0.081173
0.073737
0.080982
0.119405
0.090280
0.081519
0.089977
0.099106
0.039198
0.094203
0.040137
0.090323
0.088232
0.070208
0.095133
0.049499
0.055538
0.053864
0.056333
0.071341
0.066069
0.050973
0.098300
0.090298
0.068300
0.055904
0.053746
0.043138
0.050372
0.056516
0.047731
0.037679
0.044169
0.057456
0.065918
0.072392
0.070971
0.104005
0.071368
0.046571
0.047748
0.070155
0.097868
0.074833
0.083498
0.086411
0.082502
0.050182
0.061702
0.059574
0.073314
0.066486
0.054725
0.107991
0.072445
0.076227
0.092172
0.056297
0.081796
0.090854
0.037474
0.070462
0.096392
0.085174
0.067402
0.084192
0.058885
0.079491
0.076606
0.068263
0.067191
0.091279
0.072411
0.060317
0.031329
0.076879
0.087912
0.090783
0.073791
0.063364
0.055416
0.059504
0.053821
0.085656
0.059593
0.076223
0.053156
0.051430
0.085270
0.106971
0.082958
0.054844
0.074271
0.078742
0.059639
0.047965
0.087643
0.061424
0.058390
0.073904
0.053276
0.075598
0.054535
0.069702
0.083122
