0.057935
0.113635
0.054842
0.097999
0.067222
0.065411
0.071431
0.080752
0.060618
0.065444
0.074863
0.076996
0.085155
0.085526
0.080999
0.084667
0.077219
0.079686
0.076910
0.069309
0.047840
0.044016
0.063691
0.090158
0.092267
0.049707
0.095193
0.122857
0.071466
0.080461
0.084749
0.102071
0.091639
0.079373
0.054644
0.071770
0.072246
0.083809
0.072364
0.091026
0.048632
0.087496
0.068511
0.046302
0.044460
0.048425
0.068734
0.057827
0.068299
0.061317
0.068244
0.066813
0.060259
0.054821
0.060756
0.043855
0.043048
0.081568
0.082555
0.094824
0.050764
0.045829
0.072039
0.073595
0.055758
0.047453
0.057508
0.060564
0.073092
0.057262
0.079182
0.081381
0.073077
0.080273
0.075497
0.072258
0.061232
0.088779
0.090624
0.072154
0.096313
0.085577
0.090053
0.090756
0.072757
0.085813
0.085618
0.077415
0.065155
0.094627
0.088011
0.051512
0.053159
0.064346
0.073851
0.051465
0.085528
0.032650
0.069602
0.074881
0.086607
0.109966
0.092661
0.054804
0.078666
0.087584
0.080556
0.085140
0.093022
0.094409
0.098450
0.055414
0.071561
0.080890
0.072236
0.055955
0.085548
0.097636
0.062214
0.088464
0.104960
0.066528
0.085728
0.088421
0.098017
0.068216
0.106376
0.082068
0.082506
0.053255
0.049338
0.055104
0.065359
0.074964
0.085260
0.077445
0.082990
0.076596
0.077321
0.075631
0.083508
0.077104
0.063220
0.061792
0.059170
0.059582
0.088178
0.083753
0.067942
0.093117
0.076810
0.095488
0.062920
0.048826
0.063705
0.043328
0.059533
0.061638
0.074857
0.050188
0.077658
0.092561
0.115817
0.100203
0.070215
0.071494
0.046533
0.049782
0.077038
0.073616
0.054162
0.056561
0.062605
0.034446
0.069013
0.059464
0.065147
0.070142
0.081392
0.054106
0.073345
0.073724
0.071680
0.066290
0.074225
0.079150
0.071602
0.074765
0.107263
0.103110
0.122615
0.119268
0.091599
0.040055
0.114341
0.053645
0.075150
0.061831
0.056742
0.073142
0.078946
0.069132
0.058339
0.076522
0.037711
0.067813
0.053497
0.059405
0.047078
0.070244
0.062038
0.073481
0.108452
0.061307
0.079205
0.062156
0.080266
0.068191
0.057735
0.054011
0.056353
0.064371
0.053667
0.054498
0.105848
0.100756
0.095851
0.077528
0.107438
0.083071
0.055174
0.043029
0.083224
0.115768
0.124284
0.074604
0.098884
0.065286
0.088522
0.078641
0.087473
0.088768
0.099876
0.077185
0.080974
0.080432
0.062350
0.070397
0.065130
0.087666
0.064088
0.090446
0.105853
0.107257
0.088377
0.063941
0.091326
0.074036
0.091886
0.055911
0.078634
0.079853
0.073201
0.086174
0.057550
0.085324
0.061660
0.073872
0.078518
0.063729
0.097230
0.092537
0.094149
0.093400
0.086259
0.059148
0.127864
0.139468
0.086478
0.131022
0.095866
0.077354
0.091906
0.129375
0.170682
0.105698
0.102928
0.090760
0.060943
0.059174
0.071502
0.074017
0.035196
0.058788
0.061367
0.061337
0.051141
0.079775
0.069827
0.073330
0.063202
0.092509
0.078574
0.071874
0.067025
0.074367
0.066231
0.069720
0.091469
0.086366
0.078852
0.120905
0.134395
0.106307
0.058251
0.072303
0.085599
0.086139
0.067910
0.107434
0.091632
0.088696
0.048220
0.089625
0.063277
0.111717
0.084520
0.094331
0.053186
0.078724
0.061964
0.100729
0.066482
0.058580
0.076620
0.098762
0.092660
0.070248
0.085064
0.069866
0.071698
0.065224
0.068392
0.077916
0.095352
0.071185
0.078953
0.059514
0.057605
0.071084
0.066251
0.103395
0.071184
0.085690
0.051636
0.072680
0.078805
0.067353
0.071126
0.088671
0.065609
0.068483
0.066048
0.049250
0.053067
0.057021
0.045350
0.075847
0.050600
0.074992
0.054652
0.065572
0.070570
0.055242
0.101412
0.075139
0.077590
0.081792
0.098505
0.075297
0.078384
0.093194
0.103478
0.092446
0.073234
0.076183
0.064708
0.066550
0.090161
0.100970
0.082771
0.069005
0.042051
0.056595
0.082773
0.065390
0.088876
0.057183
0.064541
0.055852
0.065827
0.065686
0.064813
0.084905
0.048540
0.064785
0.061776
0.035420
0.059459
0.075237
0.045589
0.083104
0.062562
0.104933
0.086504
0.112420
0.111605
0.072986
0.065291
0.069478
0.056124
0.074729
0.079288
0.070397
0.091298
0.046116
0.092757
0.028949
0.079256
0.043231
0.066158
0.032651
0.065372
0.046492
0.058150
0.047097
0.069407
0.071312
0.104865
0.061284
0.059345
0.064018
0.058985
0.069621
0.090060
0.110681
0.083631
0.101420
0.094979
0.079922
0.072026
0.077964
0.095526
0.077977
0.057741
0.079965
0.065931
0.082490
0.100535
0.098719
0.058407
0.061900
0.068890
0.083401
0.104619
0.088474
0.080429
0.073056
0.039692
0.071668
0.085558
0.071475
0.083707
0.051792
0.060121
0.062389
0.083409
0.090078
0.059468
0.071644
0.048756
0.055130
0.062869
0.069953
0.076659
0.057309
0.035998
0.031220
0.088640
0.058148
0.088025
0.073803
0.082396
0.097497
0.077261
0.086826
0.055767
0.092345
0.078927
0.086088
0.106750
0.083825
0.069332
0.100822
0.102859
0.077141
0.106467
0.043410
0.095618
0.104189
0.062816
0.082164
0.063116
0.051848
0.099097
0.049933
0.063055
0.058823
0.071056
0.063227
0.084385
0.079937
0.104656
0.056369
0.080534
0.104197
0.125780
0.175549
0.115126
0.067151
0.168440
0.087067
0.093562
0.115366
0.063376
0.143501
0.095414
0.083876
0.117439
0.129112
0.108948
0.079639
0.047390
0.077790
0.046417
0.071592
0.072706
0.047636
0.047448
0.044981
0.068275
0.059057
0.054659
0.140495
0.078079
0.077007
0.135530
0.084407
0.047302
0.119436
0.095614
0.077383
0.078411
0.077281
0.084748
0.059094
0.051474
0.045826
0.074993
0.078830
0.064296
0.082303
0.080152
0.073448
0.077215
0.080186
0.070001
0.083343
0.080626
0.057544
0.072414
0.066724
0.045786
0.028585
0.087112
0.051814
0.090591
0.082899
0.067642
0.072850
0.087268
0.076140
0.077061
0.070911
0.045956
0.058591
0.063110
0.048947
0.075643
0.067542
0.086203
0.077813
0.076255
0.075192
0.126547
0.076389
0.050498
0.058871
0.091261
0.087244
0.038716
0.061148
0.073435
0.056328
0.083313
0.065523
0.059486
0.088339
0.104542
0.090481
0.088454
0.080632
0.083809
0.079340
0.082443
0.079582
0.081225
0.072537
0.066930
0.075850
0.074151
0.067078
0.057516
0.073000
0.042695
0.051152
0.060550
0.033460
0.042793
0.103259
0.072697
0.090417
0.112493
0.076289
0.075975
0.063354
0.071188
0.077176
0.082973
0.072415
0.036960
0.067175
0.033381
0.091465
0.092283
0.102308
0.044509
0.080212
0.094620
0.055662
0.062464
0.058177
0.050532
0.074560
0.073803
0.051351
0.071134
0.066805
0.070113
0.065736
0.075191
0.055103
0.107790
0.109310
0.068222
0.068647
0.060086
0.078096
0.070297
0.062858
0.083329
0.086342
0.114131
0.082727
0.114959
0.063742
0.083834
0.076817
0.065583
0.077207
0.036099
0.079859
0.063629
0.090606
0.079869
0.076907
0.086973
0.047556
0.091124
0.094163
0.084114
0.090985
0.087300
0.079042
0.089703
0.092372
0.048630
0.050274
0.087205
0.061959
0.047947
0.072807
0.083933
0.067528
0.082217
0.079741
0.047495
0.078351
0.071699
0.096752
0.055640
0.043891
0.078353
0.073152
0.085100
0.064352
0.072022
0.096621
0.078882
0.095465
0.090591
0.060871
0.110878
0.138408
0.056100
0.073405
0.042293
0.058403
0.080277
0.094270
0.061457
0.053716
0.057582
0.124031
0.109105
0.048636
0.040543
0.042449
0.089431
0.062410
0.038918
0.050777
0.050370
0.064146
0.073827
0.104244
0.084257
0.068401
0.070666
0.087546
0.088890
0.117336
0.076978
0.111476
0.045892
0.098386
0.111523
0.098585
0.089546
0.098402
0.049069
0.100818
0.078459
0.082335
0.074501
0.092283
0.073620
0.040711
0.118970
0.054963
0.044711
0.086404
0.043110
0.041993
0.063828
0.055461
0.034048
0.056256
0.076460
0.080653
0.080832
0.072994
0.106537
0.072016
0.081918
0.086475
0.085850
0.063470
0.070005
0.061541
0.094104
0.079520
0.059149
0.076503
0.052420
0.068010
0.069057
0.070947
0.091196
0.066340
0.065316
0.105383
0.089257
0.072371
0.065584
0.090696
0.035300
0.095524
0.071503
0.079547
0.081380
0.083495
0.088781
0.080082
0.082578
0.106306
0.079576
0.082994
0.084036
0.044441
0.050685
0.058281
0.069285
0.058412
0.097387
0.086131
0.075475
0.067827
0.074872
0.063914
0.062502
0.075817
0.077760
0.074801
0.082799
0.094703
0.059675
0.074928
0.063270
0.063266
0.069314
0.078637
0.083777
0.063823
0.046874
0.044808
0.063963
0.099526
0.081078
0.083205
0.071733
0.078502
0.096801
0.045493
0.082866
0.067680
0.065668
0.063359
0.071609
0.099212
0.083985
0.069513
0.060920
0.043282
0.057395
0.064335
0.055940
0.073476
0.076365
0.101490
0.042160
0.083024
0.069448
0.092780
0.075060
0.058819
0.072879
0.064958
0.093293
0.091831
0.060395
0.063057
0.103642
0.070562
0.073924
0.101657
0.056466
0.084638
0.061027
0.065055
0.081194
0.075519
0.077567
0.087318
0.065950
0.081879
0.045256
0.048691
0.063044
0.076140
0.049683
0.087672
0.052410
0.073198
0.066557
0.047653
0.076460
0.086019
0.137916
0.132145
0.109910
0.050681
0.090454
0.068943
0.089032
0.106790
0.083570
0.047332
0.031858
0.034192
0.043965
0.051516
0.034831
0.039960
0.052246
0.042536
0.056065
0.046047
0.054771
0.028912
0.045030
0.045771
0.072235
0.062538
0.106650
0.040808
0.056417
0.034158
0.029421
0.056054
0.132819
0.085705
0.060468
0.048424
0.062365
0.039661
0.030993
0.059917
0.079338
0.035293
0.062082
0.064864
0.084860
0.044075
0.057627
0.054775
0.042980
0.039215
0.046891
0.045490
0.045859
0.045037
0.069482
0.050869
0.067499
0.023974
0.047895
0.053490
0.042588
0.044715
0.074999
0.098892
0.109504
0.072679
0.072095
0.046777
0.092185
0.091064
0.113840
0.051923
0.113316
0.142137
0.086138
0.100549
0.078036
0.068306
0.086467
0.103956
0.080948
0.070001
0.089985
0.070389
0.091581
0.078155
0.069743
0.089509
0.097930
0.088805
0.049132
0.063398
0.036283
0.067167
0.056971
0.089199
0.046267
0.076555
0.093774
0.069667
0.083082
0.096857
0.096485
0.075809
0.091607
0.114321
0.111704
0.118024
0.093887
0.096211
0.102925
0.088626
0.084470
0.063959
0.071734
0.025377
0.102649
0.067960
0.087099
0.100393
0.067122
0.064878
0.114810
0.038950
0.089074
0.080424
0.098382
0.095720
0.031339
0.087702
0.073131
0.117661
0.084884
0.075232
0.082189
0.111899
0.133627
0.111243
0.066867
0.114928
0.081983
0.095867
0.087396
0.077453
0.112858
0.102229
0.107647
0.078804
0.058637
0.065118
0.073454
0.085303
0.060804
0.044495
0.062429
0.056449
0.071415
0.079603
0.043772
0.123410
0.104986
0.108424
0.078570
0.066956
0.056170
0.055473
0.046502
0.062424
0.076993
0.065117
0.119201
0.089662
0.058267
0.115291
0.086651
0.083385
0.082046
0.064656
0.064586
0.068655
0.069900
0.084686
0.083520
0.091653
0.078721
0.081410
0.089228
0.094491
0.068026
0.116149
0.079130
0.085003
0.071904
0.056503
0.054184
0.075552
0.068072
0.074225
0.063518
0.068959
0.075935
0.089345
0.042973
0.076234
0.066494
0.059107
0.046653
0.084281
0.085460
0.078398
0.101031
0.102736
0.087729
0.110497
0.126925
0.099775
0.095026
0.046418
0.064466
0.078392
0.094665
0.103674
0.047450
0.062408
0.085833
0.065845
0.067196
0.067550
0.073597
0.056607
0.050734
0.049273
0.063232
0.061467
0.041528
0.098240
0.103749
0.092087
0.078492
0.060354
0.067937
0.084485
0.093504
0.039202
0.052943
0.050027
0.044968
0.080921
0.062083
0.100306
0.102844
0.083046
0.065667
0.061000
0.078372
0.079323
0.067527
0.086687
0.074858
0.074120
0.075862
0.096746
0.059793
0.072296
0.073905
0.111889
0.071091
0.101608
0.083639
0.066769
0.071370
0.060712
0.081230
0.073469
0.059730
0.065929
0.074233
0.089132
0.072316
0.044152
0.047048
0.063011
0.083732
0.087129
0.072109
0.071528
0.036789
0.042917
0.058099
0.039236
0.088200
0.086276
0.083234
0.059240
0.071946
0.080909
0.074568
0.071018
0.069848
0.061685
0.090191
0.043141
0.075191
0.081470
0.104934
0.097779
0.061842
0.069260
0.072708
0.051087
0.045840
0.035010
0.095285
0.072561
0.087093
0.070141
0.031856
0.068025
0.087208
0.051395
0.089539
0.071142
0.067401
0.061933
0.102319
0.064631
0.096918
0.070574
0.070445
0.085325
0.091179
0.099508
0.042763
0.044827
0.104179
0.121850
0.084992
0.042738
0.066900
0.114543
0.118110
0.043306
0.062241
0.041601
0.075270
0.081197
0.074920
0.072675
0.092641
0.110831
0.096209
0.081754
0.086938
0.064482
0.087101
0.063840
0.076324
0.060474
0.052495
0.058976
0.069920
0.036505
0.090462
0.053758
0.107063
0.063350
0.048898
0.051200
0.041685
0.065756
0.077637
0.063796
0.058035
0.069656
0.061658
0.076013
0.080613
0.074327
0.087680
0.101119
0.057900
0.106875
0.061777
0.071887
0.061436
0.080723
0.072502
0.080646
0.087207
0.054371
0.058109
0.072695
0.032447
0.067773
0.054462
0.047865
0.044352
0.084864
0.060085
0.087451
0.075228
0.085368
0.051980
0.052300
0.044948
0.041949
0.045877
0.050911
0.059538
0.041200
0.048392
0.062085
0.058680
0.053549
0.044966
0.084369
0.071757
0.079727
0.064310
0.041212
0.055260
0.059355
0.050728
0.062344
0.047551
0.042122
0.082625
0.063243
0.046925
0.045545
0.060671
0.080485
0.057819
0.065440
0.077501
0.084890
0.102190
0.079398
0.064675
0.067321
0.074574
0.087952
0.072180
0.080014
0.075264
0.092539
0.079721
0.078812
0.084731
0.062962
0.089006
0.102565
0.104725
0.124345
0.088076
0.092867
0.087903
0.090682
0.059844
0.100190
0.118279
0.089768
0.098388
0.041971
0.070003
0.052759
0.071665
0.082146
0.074243
0.068703
0.076602
0.094579
0.043469
0.103101
0.089616
0.107530
0.077297
0.094106
0.094967
0.128750
0.126240
0.093142
0.102147
0.074675
0.070270
0.054359
0.061831
0.082873
0.085266
0.067851
0.069969
0.078929
0.094423
0.099335
0.104067
0.124702
0.107677
0.092510
0.047285
0.069335
0.054315
0.067834
0.091107
0.088140
0.086238
0.088407
0.077164
0.070016
0.075830
0.060150
0.046612
0.081501
0.056857
0.118932
0.086300
0.081641
0.081059
0.090078
0.086497
0.108680
0.103124
0.086968
0.083553
0.087066
0.090152
0.086819
0.118388
0.096058
0.108612
0.035468
0.092520
0.068103
0.071538
0.093237
0.082983
0.105023
0.090353
0.070717
0.042722
0.077451
0.055042
0.046896
0.050748
0.050786
0.038474
0.064205
0.062001
0.034719
0.053950
0.053590
0.057254
0.043676
0.055870
0.048295
0.048802
0.071898
0.047329
0.038324
0.046515
0.045382
0.041163
0.042317
0.059363
0.053534
0.067850
0.027975
0.074860
0.054790
0.031365
0.053064
0.039461
0.053372
0.044487
0.037017
0.031862
0.064775
0.041664
0.058554
0.038848
0.061103
0.046993
0.060975
0.044821
0.090431
0.058919
0.074137
0.087465
0.104763
0.106570
0.098890
0.081517
0.075697
0.085961
0.086418
0.064516
0.068804
0.067995
0.069150
0.058228
0.044600
0.054496
0.060095
0.066519
0.042244
0.072506
0.046580
0.051117
0.065121
0.047543
0.074114
0.068331
0.040949
0.066444
0.094084
0.048568
0.060145
0.069911
0.073792
0.066114
0.117526
0.099576
0.082723
0.070536
0.038335
0.075141
0.057907
0.092903
0.070563
0.066328
0.075059
0.086901
0.067461
0.070920
0.086382
0.076608
0.068463
0.082318
0.088244
0.053080
0.061365
0.086553
0.089963
0.076311
0.104031
0.093935
0.080257
0.084222
0.078323
0.084129
0.081003
0.073989
0.078012
0.048546
0.071120
0.044988
0.078203
0.057711
0.076642
0.070519
0.071084
0.071727
0.062418
0.072775
0.068451
0.081741
0.058783
0.119946
0.090662
0.076521
0.071120
0.091200
0.086203
0.061435
0.074351
0.069629
0.086438
0.086603
0.050286
0.059962
0.091075
0.065554
0.079463
0.056479
0.064215
0.062016
0.074145
0.110441
0.064124
0.064375
0.089789
0.099387
0.086500
0.090824
0.108086
0.088651
0.074628
0.076588
0.059130
0.083085
0.074913
0.046787
0.056803
0.066557
0.094214
0.082683
0.035565
0.097391
0.106897
0.059784
0.047869
0.061717
0.073309
0.084113
0.092025
0.119286
0.093055
0.090809
0.086728
0.090181
0.080909
0.067595
0.073208
0.057708
0.069985
0.043287
0.077749
0.041990
0.064725
0.040334
0.077201
0.102159
0.063991
0.094521
0.063361
0.084685
0.093907
0.075257
0.089429
0.084215
0.076619
0.089349
0.072341
0.102135
0.096771
0.070530
0.115235
0.110559
0.076924
0.070075
0.077506
0.057269
0.050287
0.103039
0.121615
0.065214
0.090330
0.040324
0.118909
0.081255
0.092228
0.087795
0.089504
0.092144
0.072861
0.077489
0.082617
0.080435
0.077151
0.073451
0.084216
0.072447
0.098429
0.110347
0.116611
0.047031
0.099503
0.075277
0.087119
0.070564
0.092118
0.067101
0.050413
0.073155
0.078070
0.105958
0.068126
0.085367
0.059748
0.083335
0.091264
0.110130
0.060137
0.040207
0.084722
0.107417
0.068736
0.082798
0.081029
0.078979
0.083368
0.061721
0.064924
0.064719
0.058522
0.041141
0.058762
0.045182
0.043318
0.070830
0.045032
0.065253
0.048412
0.059752
0.050375
0.049523
0.038614
0.075964
0.046980
0.057045
0.059309
0.058870
0.074400
0.080065
0.094657
0.079271
0.039156
0.089634
0.060436
0.075389
0.083391
0.101782
0.068102
0.062978
0.073722
0.061221
0.064439
0.080233
0.110926
0.046503
0.077905
0.035684
0.041628
0.062241
0.051929
0.034760
0.078821
0.041350
0.065902
0.050391
0.047043
0.036496
0.063041
0.058703
0.045945
0.060165
0.066254
0.055604
0.038653
0.072277
0.041505
0.051833
0.063889
0.047986
0.033998
0.077131
0.043028
0.052989
0.066213
0.046207
0.077652
0.065237
0.056001
0.061990
0.050186
0.087861
0.043054
0.047895
0.051902
0.049438
0.047394
0.067180
0.051754
0.055437
0.071578
0.040808
0.048691
0.089045
0.087416
0.043964
0.069461
0.044789
0.042363
0.048886
0.069277
0.047602
0.041190
0.060102
0.052252
0.043986
0.028822
0.056733
0.054772
0.038804
0.051401
0.086370
0.058690
0.076449
0.079645
0.093549
0.079121
0.096952
0.079063
0.074222
0.056644
0.079937
0.101417
0.086192
0.080644
0.066546
0.077798
0.085514
0.066453
0.047967
0.083823
0.077522
0.100595
0.039611
0.108574
0.090422
0.051908
0.068144
0.094820
0.074557
0.091658
0.069828
0.072030
0.075721
0.069691
0.062782
0.078872
0.090835
0.095102
0.074825
0.070796
0.076890
0.098162
0.073801
0.071397
0.067759
0.091567
0.108423
0.061446
0.075706
0.078486
0.088715
0.038724
0.118668
0.106199
0.085452
0.055208
0.059793
0.069903
0.100057
0.068886
0.069729
0.040817
0.065534
0.092697
0.054292
0.068109
0.080447
0.038956
0.040695
0.069146
0.085048
0.054883
0.084305
0.057760
0.079872
0.085564
0.065472
0.100093
0.035911
0.063827
0.083464
0.079689
0.052081
0.041364
0.095036
0.095547
0.081907
0.097135
0.078636
0.091641
0.085728
0.082845
0.099218
0.076910
0.092190
0.097129
0.056150
0.073819
0.078110
0.066972
0.074268
0.072015
0.089521
0.096613
0.089851
0.101106
0.089427
0.096089
0.089884
0.103428
0.110196
0.083254
0.094500
0.066659
0.063122
0.077529
0.069905
0.059023
0.096166
0.062358
0.066954
0.097423
0.117136
0.076459
0.106479
0.088129
0.087261
0.051415
0.081644
0.064429
0.100089
0.107796
0.094585
0.066383
0.053283
0.067074
0.107668
0.042758
0.055717
0.111898
0.106095
0.081676
0.085408
0.112323
0.113891
0.104363
0.084181
0.088896
0.110484
0.088807
0.097375
0.093734
0.095348
0.079593
0.097158
0.078883
0.098656
0.072812
0.090551
0.076386
0.084951
0.089451
0.107177
0.083179
0.078647
0.056184
0.066666
0.054535
0.071907
0.068406
0.076412
0.047824
0.117048
0.051445
0.089790
0.089569
0.081563
0.080450
0.093489
0.100666
0.066436
0.052329
0.092818
0.064096
0.046665
0.059634
0.066760
0.031142
0.049359
0.061956
0.083210
0.080905
0.060257
0.070110
0.047650
0.064126
0.077106
0.066847
0.079282
0.084275
0.088803
0.067471
0.087089
0.061684
0.060238
0.062007
0.042311
0.093164
0.070302
0.065318
0.055241
0.065332
0.083245
0.080773
0.076681
0.033689
0.074944
0.098145
0.058262
0.064500
0.063176
0.061140
0.042824
0.050723
0.048062
0.055063
0.067443
0.065231
0.081393
0.108338
0.105116
0.103200
0.084811
0.083978
0.073464
0.079609
0.074484
0.086630
0.072640
0.076525
0.083147
0.071091
0.055723
0.052877
0.077174
0.106368
0.118175
0.052303
0.098062
0.078031
0.063381
0.095747
0.071412
0.097609
0.049506
0.066158
0.105785
0.105682
0.072832
0.085019
0.118466
0.097448
0.103934
0.092859
0.075624
0.075056
0.054767
0.054668
0.069548
0.081273
0.063190
0.098825
0.102427
0.072738
0.102946
0.090229
0.085435
0.088814
0.053455
0.079386
0.046774
0.077559
0.071260
0.080090
0.071174
0.081799
0.077781
0.083209
0.119093
0.039619
0.060082
0.072580
0.112558
0.080069
0.086488
0.061686
0.080357
0.064516
0.066935
0.075369
0.082531
0.070913
0.073565
0.069278
0.073941
0.073036
0.070020
0.067310
0.081925
0.070826
0.059180
0.068448
0.066357
0.029135
0.043318
0.050677
0.046508
0.098460
0.099632
0.081342
0.112310
0.115658
0.083055
0.112056
0.098718
0.097453
0.073033
0.108505
0.090577
0.091722
0.097229
0.103895
0.094639
0.100389
0.106720
0.067570
0.110922
0.074190
0.073696
0.053920
0.053524
0.057346
0.077271
0.041193
0.047612
0.072239
0.063602
0.053373
0.064211
0.050513
0.056275
0.054670
0.074043
0.043380
0.085597
0.090798
0.100293
0.066803
0.061743
0.073801
0.088113
0.059826
0.058946
0.074892
0.039386
0.098719
0.088795
0.101430
0.104410
0.088264
0.056129
0.056984
0.045778
0.060749
0.071488
0.064858
0.083730
0.069724
0.079523
0.049838
