0.052451
0.112540
0.089418
0.089404
0.051090
0.116949
0.115412
0.086078
0.122864
0.152351
0.104091
0.085045
0.074043
0.116011
0.094624
0.097883
0.099261
0.082182
0.059947
0.076097
0.039646
0.135309
0.059735
0.061449
0.074429
0.074611
0.070626
0.076412
0.053665
0.076462
0.087112
0.071491
0.065401
0.077138
0.089451
0.095176
0.088258
0.057530
0.061311
0.059696
0.051400
0.061402
0.074604
0.032698
0.088267
0.070137
0.089530
0.082926
0.082330
0.081149
0.062157
0.056697
0.064713
0.062342
0.077276
0.044372
0.092153
0.118549
0.050651
0.048598
0.053029
0.074092
0.044443
0.039205
0.068578
0.062951
0.070230
0.061654
0.077360
0.070748
0.071706
0.062367
0.094208
0.045043
0.061935
0.061553
0.084810
0.069470
0.082738
0.077630
0.041756
0.084488
0.087798
0.069975
0.059126
0.068714
0.073587
0.054111
0.083919
0.069766
0.077517
0.084954
0.042105
0.069026
0.079506
0.061921
0.069098
0.043617
0.094105
0.082916
0.098715
0.091208
0.094343
0.088593
0.050755
0.066292
0.046704
0.051181
0.045704
0.061517
0.040187
0.048601
0.044764
0.092779
0.050874
0.049426
0.071281
0.082840
0.085775
0.075893
0.057845
0.050445
0.047484
0.078076
0.068455
0.102349
0.077948
0.097920
0.087229
0.105669
0.106604
0.074621
0.064952
0.069856
0.081287
0.074968
0.079297
0.089620
0.101341
0.091794
0.092962
0.067636
0.058408
0.079589
0.083319
0.056823
0.044219
0.099554
0.071011
0.094805
0.089501
0.092868
0.091379
0.087473
0.115486
0.070837
0.072712
0.091439
0.066704
0.078651
0.056647
0.080062
0.084522
0.043856
0.094464
0.071750
0.058201
0.070036
0.056175
0.073854
0.041792
0.053013
0.041609
0.103930
0.074088
0.104033
0.110091
0.092839
0.089694
0.075778
0.054803
0.088694
0.069301
0.055477
0.066087
0.055904
0.052621
0.053511
0.063391
0.040681
0.046052
0.054586
0.042235
0.058949
0.063174
0.071759
0.073680
0.048164
0.073715
0.069821
0.051269
0.080369
0.055579
0.106381
0.084601
0.103344
0.078261
0.067116
0.080261
0.086659
0.079976
0.096208
0.098477
0.082384
0.092456
0.095791
0.115797
0.103764
0.127817
0.101449
0.094377
0.090153
0.092904
0.078348
0.087220
0.076466
0.074730
0.083523
0.072072
0.077602
0.074768
0.085190
0.059919
0.092714
0.088214
0.102979
0.076761
0.080034
0.106097
0.130769
0.077412
0.107658
0.120440
0.108997
0.094888
0.059010
0.091820
0.073730
0.067142
0.039998
0.076020
0.080436
0.102898
0.094384
0.088223
0.068484
0.094179
0.049807
0.083934
0.058100
0.089876
0.060521
0.070070
0.079840
0.094439
0.082171
0.103544
0.095273
0.094712
0.107738
0.090333
0.062641
0.077704
0.081923
0.063212
0.069829
0.079160
0.083786
0.081439
0.080515
0.078770
0.072764
0.103915
0.094740
0.101581
0.094173
0.093933
0.071690
0.102967
0.094170
0.062450
0.065673
0.100504
0.060679
0.102025
0.087296
0.041076
0.071993
0.031195
0.070056
0.042777
0.046108
0.095008
0.065514
0.040592
0.062553
0.061382
0.040061
0.058941
0.056539
0.040692
0.070825
0.083573
0.103221
0.051910
0.067250
0.051176
0.052533
0.028564
0.074276
0.056389
0.091976
0.097894
0.061851
0.072747
0.072532
0.099609
0.078947
0.075499
0.087881
0.069769
0.074244
0.091048
0.098824
0.112499
0.098856
0.067381
0.063395
0.095591
0.064459
0.077129
0.072749
0.119311
0.057502
0.086671
0.115735
0.077936
0.097075
0.113381
0.121016
0.064995
0.051302
0.060406
0.085554
0.101063
0.053131
0.089626
0.112730
0.101285
0.085348
0.062372
0.077651
0.087064
0.087947
0.082489
0.090357
0.043922
0.113912
0.122549
0.105633
0.066312
0.091921
0.082088
0.088808
0.099002
0.053874
0.079768
0.080874
0.085814
0.077011
0.080523
0.064500
0.080741
0.068526
0.078373
0.079293
0.075295
0.046729
0.073480
0.042384
0.128040
0.097545
0.097070
0.109897
0.086032
0.099585
0.116025
0.093729
0.105551
0.070146
0.090991
0.077747
0.084783
0.088945
0.076463
0.033482
0.068674
0.091969
0.043879
0.070380
0.101341
0.098748
0.081398
0.118376
0.126094
0.113724
0.122675
0.132401
0.114479
0.112938
0.108640
0.100606
0.106829
0.066973
0.038780
0.055077
0.079120
0.106732
0.089769
0.073583
0.094663
0.094127
0.091617
0.109379
0.113398
0.084080
0.088176
0.113744
0.068558
0.094957
0.080464
0.073563
0.080922
0.086211
0.082240
0.045152
0.076490
0.049102
0.055124
0.083499
0.045453
0.058074
0.054145
0.055597
0.056425
0.065895
0.053713
0.068798
0.064442
0.107507
0.062990
0.058721
0.052920
0.053311
0.067858
0.058456
0.055680
0.042058
0.037321
0.035147
0.077330
0.036208
0.045148
0.079694
0.044057
0.063231
0.057569
0.064437
0.060228
0.044083
0.045478
0.074424
0.045691
0.054054
0.035805
0.061147
0.067468
0.067448
0.047163
0.073962
0.067247
0.082225
0.073913
0.065912
0.080925
0.049017
0.099735
0.059365
0.063711
0.038593
0.089402
0.079879
0.055960
0.061163
0.061610
0.052605
0.051507
0.057184
0.054739
0.045138
0.052954
0.060428
0.054236
0.065323
0.042433
0.048932
0.044594
0.085626
0.057719
0.052461
0.050411
0.064892
0.057694
0.041009
0.077800
0.054221
0.047753
0.055038
0.058862
0.045328
0.057913
0.041040
0.080715
0.068751
0.066068
0.037083
0.083957
0.065301
0.053056
0.049904
0.063035
0.067188
0.063110
0.097052
0.126683
0.073717
0.060154
0.032845
0.051723
0.055853
0.054931
0.046631
0.055469
0.053823
0.068299
0.070180
0.070362
0.062292
0.076315
0.061844
0.061735
0.051822
0.053007
0.055614
0.056578
0.042753
0.066885
0.034381
0.126309
0.074140
0.079532
0.105180
0.060953
0.084820
0.058001
0.085927
0.077578
0.094883
0.091621
0.070693
0.047741
0.090567
0.082530
0.083266
0.083516
0.101753
0.084160
0.064533
0.079160
0.079166
0.082303
0.047724
0.079309
0.113403
0.071363
0.078235
0.071222
0.081802
0.093583
0.102141
0.102487
0.089525
0.066812
0.076404
0.097891
0.106411
0.055116
0.067887
0.104052
0.078599
0.091985
0.086645
0.081307
0.086185
0.102915
0.095824
0.072526
0.088940
0.097339
0.101045
0.092339
0.079385
0.093812
0.074007
0.091344
0.088263
0.083075
0.085949
0.092499
0.110981
0.123063
0.088838
0.072051
0.053496
0.112640
0.089028
0.077798
0.076503
0.093066
0.082095
0.075643
0.097060
0.100312
0.037087
0.077159
0.079920
0.082204
0.092288
0.093862
0.075157
0.104926
0.099893
0.070649
0.082043
0.086437
0.081901
0.087281
0.087054
0.050218
0.051212
0.069518
0.044635
0.060181
0.077638
0.073998
0.078750
0.098753
0.083859
0.090814
0.086089
0.106143
0.035660
0.059649
0.076951
0.060746
0.049965
0.072892
0.076681
0.044717
0.077244
0.082424
0.079327
0.081146
0.087425
0.097381
0.126016
0.119111
0.101950
0.096610
0.122923
0.083233
0.110476
0.079877
0.092961
0.089265
0.081619
0.088208
0.095820
0.080003
0.084268
0.088435
0.094344
0.054578
0.073738
0.068963
0.081175
0.081783
0.095487
0.098471
0.100999
0.103081
0.098152
0.087262
0.037609
0.057702
0.073991
0.072188
0.082103
0.042739
0.111207
0.088206
0.097439
0.086427
0.094102
0.130670
0.089157
0.114720
0.067356
0.080929
0.082579
0.053949
0.063891
0.083136
0.085423
0.070024
0.097887
0.066886
0.038768
0.082428
0.088352
0.096577
0.084354
0.091472
0.087355
0.086610
0.101445
0.102732
0.105858
0.054551
0.111108
0.096369
0.064478
0.094568
0.093244
0.089034
0.046762
0.082196
0.074559
0.087257
0.092087
0.092809
0.091978
0.094954
0.096936
0.062844
0.092298
0.101112
0.058520
0.085179
0.084439
0.065658
0.086046
0.072243
0.068687
0.076872
0.075578
0.087436
0.092700
0.089991
0.073682
0.098552
0.095507
0.034690
0.082458
0.079666
0.084687
0.069853
0.098123
0.098824
0.093201
0.077716
0.110174
0.111037
0.086110
0.085658
0.078691
0.073387
0.069878
0.103499
0.106182
0.095697
0.102235
0.087811
0.095984
0.096428
0.096030
0.090694
0.073371
0.094481
0.099925
0.096472
0.068448
0.069072
0.042682
0.093665
0.089126
0.081959
0.082716
0.074752
0.109193
0.101651
0.106942
0.044524
0.057573
0.095693
0.085486
0.051501
0.057667
0.069104
0.035110
0.061155
0.068904
0.065590
0.047594
0.039804
0.045271
0.072160
0.077610
0.077732
0.067225
0.067335
0.091480
0.105013
0.064128
0.095624
0.072681
0.069033
0.061944
0.075131
0.083313
0.063131
0.051518
0.051404
0.043027
0.085775
0.069250
0.083147
0.087682
0.074635
0.084297
0.074852
0.047442
0.103091
0.075687
0.074242
0.083832
0.084777
0.074793
0.076599
0.094897
0.069830
0.075429
0.085120
0.091045
0.077777
0.089127
0.114936
0.114834
0.064553
0.090290
0.051261
0.071806
0.079578
0.074519
0.082193
0.061665
0.103967
0.107111
0.105413
0.119755
0.102483
0.139150
0.134485
0.073246
0.082719
0.046672
0.067100
0.063674
0.059625
0.077829
0.067640
0.079032
0.086062
0.051065
0.088221
0.091532
0.050707
0.067839
0.057170
0.078450
0.073073
0.112588
0.068072
0.069553
0.039074
0.090416
0.067608
0.052510
0.064509
0.060057
0.056114
0.058786
0.060504
0.050884
0.043914
0.070529
0.079512
0.047551
0.078471
0.049320
0.028557
0.073817
0.071838
0.099972
0.099909
0.108474
0.089592
0.104482
0.081957
0.085433
0.116092
0.054590
0.058034
0.077632
0.083180
0.071880
0.081581
0.071548
0.060010
0.063340
0.077563
0.081180
0.081666
0.056386
0.053668
0.058766
0.069652
0.072282
0.072960
0.084223
0.084624
0.098898
0.092360
0.103538
0.099502
0.074143
0.076390
