0.040181
0.123252
0.043980
0.056379
0.090712
0.079064
0.071161
0.066628
0.073917
0.095497
0.085209
0.091424
0.075310
0.102103
0.083278
0.074811
0.088263
0.093132
0.082816
0.076723
0.087181
0.087037
0.056528
0.070536
0.046772
0.051850
0.061309
0.091833
0.077446
0.082031
0.057826
0.102026
0.073945
0.074203
0.076124
0.089651
0.065001
0.066574
0.056408
0.077670
0.104552
0.042206
0.084548
0.076303
0.079397
0.099613
0.079035
0.089303
0.106826
0.087361
0.065890
0.072867
0.086995
0.072031
0.077211
0.064230
0.090277
0.083921
0.059364
0.050703
0.076676
0.091235
0.076829
0.129063
0.083043
0.097625
0.090841
0.072069
0.079509
0.074099
0.076026
0.056804
0.099167
0.089270
0.079192
0.071811
0.067088
0.062992
0.086875
0.094871
0.088872
0.077566
0.089893
0.053091
0.044594
0.083241
0.062398
0.074627
0.036416
0.112126
0.103185
0.068259
0.070092
0.075118
0.076144
0.085684
0.098228
0.078524
0.080813
0.099553
0.049417
0.086348
0.080624
0.081853
0.113370
0.046709
0.072667
0.069630
0.065510
0.082638
0.087294
0.081646
0.098634
0.108590
0.097810
0.132088
0.131291
0.107377
0.134901
0.100368
0.099440
0.082916
0.088964
0.078198
0.075892
0.086109
0.038983
0.127196
0.087758
0.100354
0.095045
0.106938
0.085149
0.094870
0.086040
0.068426
0.070370
0.091401
0.068878
0.090103
0.079695
0.092946
0.056050
0.084599
0.091718
0.087771
0.094917
0.074252
0.111757
0.085871
0.082393
0.068844
0.077095
0.067556
0.047292
0.060309
0.061755
0.071217
0.101238
0.078974
0.056450
0.079468
0.098611
0.122567
0.088172
0.100152
0.106695
0.062926
0.063338
0.077968
0.036375
0.120576
0.096837
0.064727
0.065996
0.079692
0.084967
0.074463
0.077293
0.073939
0.101084
0.086141
0.148911
0.097454
0.115274
0.100308
0.070787
0.063710
0.099456
0.042011
0.064968
0.051540
0.035780
0.108484
0.083120
0.054033
0.104510
0.092017
0.069541
0.066092
0.099015
0.132401
0.106656
0.109160
0.107244
0.116669
0.133371
0.060263
0.090508
0.089623
0.061977
0.071867
0.065834
0.074290
0.072768
0.052747
0.088791
0.108711
0.045712
0.074663
0.087371
0.091929
0.108292
0.115226
0.061259
0.033798
0.116440
0.085360
0.086271
0.094820
0.099304
0.078889
0.068703
0.075430
0.052729
0.073843
0.046591
0.099049
0.094092
0.084597
0.075530
0.062848
0.062722
0.054855
0.075479
0.042628
0.071202
0.078095
0.085705
0.087229
0.085856
0.078806
0.100026
0.096813
0.098732
0.071370
0.050842
0.048864
0.045418
0.043709
0.060960
0.069564
0.042443
0.061858
0.062226
0.090593
0.090746
0.102185
0.080773
0.049658
0.073021
0.053836
0.069600
0.047862
0.030814
0.081155
0.063501
0.060411
0.034201
0.060806
0.071589
0.073766
0.035763
0.074885
0.073612
0.074415
0.050216
0.073841
0.073468
0.094277
0.108812
0.101130
0.062629
0.080382
0.080080
0.092014
0.116845
0.089390
0.103289
0.097811
0.076492
0.079784
0.090805
0.098392
0.076012
0.070738
0.063558
0.051852
0.069625
0.081307
0.089600
0.105102
0.110417
0.095998
0.091494
0.089434
0.104478
0.094584
0.080109
0.093956
0.091048
0.080148
0.082380
0.082704
0.081720
0.085708
0.067343
0.083581
0.065217
0.071776
0.076908
0.064180
0.070634
0.082003
0.095312
0.102867
0.052119
0.083657
0.048366
0.073249
0.077882
0.109190
0.123951
0.091645
0.073281
0.090366
0.091043
0.086069
0.066527
0.105820
0.116029
0.088895
0.059152
0.041174
0.094677
0.075152
0.073063
0.071946
0.106206
0.096360
0.053521
0.064547
0.103832
0.069597
0.065527
0.069444
0.063049
0.091248
0.076440
0.082316
0.084260
0.055615
0.121935
0.086814
0.064266
0.071498
0.089219
0.090706
0.046405
0.079405
0.087799
0.080102
0.069544
0.062064
0.095685
0.081509
0.063973
0.087210
0.080470
0.052895
0.084050
0.087689
0.090404
0.087297
0.089574
0.052390
0.078110
0.070179
0.060884
0.097420
0.089033
0.058522
0.077688
0.133538
0.092021
0.098443
0.064836
0.090065
0.104972
0.125568
0.103385
0.108022
0.086532
0.074136
0.069353
0.072882
0.071775
0.048824
0.080512
0.104561
0.121975
0.094743
0.098458
0.102937
0.054908
0.101555
0.082009
0.059942
0.066789
0.081351
0.078822
0.053221
0.098023
0.043836
0.052822
0.087052
0.090887
0.091600
0.065821
0.091950
0.094039
0.087483
0.091422
0.102108
0.091003
0.091932
0.071522
0.051567
0.079323
0.073588
0.070284
0.070207
0.089647
0.086272
0.086837
0.054556
0.089489
0.052485
0.073459
0.086321
0.085801
0.065351
0.114952
0.089336
0.092731
0.080020
0.073775
0.066964
0.085950
0.078949
0.101066
0.084885
0.082629
0.106881
0.053199
0.116278
0.053748
0.073803
0.091806
0.039483
0.129714
0.067946
0.086943
0.095352
0.089001
0.086853
0.087081
0.093703
0.091531
0.098515
0.105019
0.083801
0.090827
0.075216
0.091037
0.063972
0.094495
0.091266
0.077657
0.089828
0.072131
0.106029
0.040926
0.042288
0.052330
0.090841
0.127184
0.100417
0.117676
0.045879
0.099953
0.087576
0.101328
0.110619
0.086767
0.091506
0.100963
0.092665
0.093513
0.074913
0.053312
0.074059
0.063742
0.063252
0.091303
0.092544
0.092968
0.094264
0.079472
0.086572
0.117109
0.076792
0.079837
0.081196
0.081455
0.103219
0.095424
0.070870
0.076614
0.079473
0.049958
0.052998
0.062116
0.086573
0.088570
0.073334
0.080405
0.070761
0.085735
0.098498
0.114296
0.098967
0.113356
0.114895
0.043243
0.088194
0.067201
0.096967
0.094154
0.089108
0.101785
0.103143
0.094666
0.114667
0.096796
0.093168
0.101381
0.095179
0.092836
0.081624
0.073153
0.077511
0.036857
0.052832
0.064034
0.073550
0.080333
0.076609
0.075251
0.063950
0.076812
0.088089
0.084094
0.091850
0.082444
0.092145
0.107115
0.097524
0.067541
0.070449
0.082969
0.081265
0.066875
0.073501
0.060849
0.057653
0.067236
0.072646
0.078665
0.065231
0.059410
0.087229
0.073595
0.078830
0.076075
0.081860
0.101018
0.080307
0.073130
0.065652
0.072055
0.079412
0.085678
0.074502
0.093035
0.072172
0.094744
0.098190
0.074934
0.074228
0.082884
0.038270
0.089584
0.078693
0.105333
0.096209
0.100407
0.054544
0.072323
0.063638
0.080150
0.077372
0.083510
0.083159
0.082529
0.090056
0.078918
0.043937
0.071302
0.049588
0.078342
0.055241
0.051224
0.073956
0.029557
0.087261
0.115668
0.099042
0.126664
0.090633
0.068784
0.073157
0.061407
0.063628
0.069080
0.065578
0.081344
0.063794
0.077191
0.077624
0.091885
0.083701
0.082346
0.095213
0.108658
0.086765
0.095253
0.088103
0.104779
0.058061
0.074775
0.072835
0.077183
0.043814
0.103595
0.097861
0.043396
0.059987
0.082844
0.087032
0.054975
0.066593
0.071090
0.079565
0.076138
0.107718
0.123390
0.120231
0.140340
0.105181
0.118595
0.111181
0.049962
0.170228
0.109999
0.051978
0.082705
0.074414
0.072155
0.094784
0.035444
0.047705
0.055973
0.064740
0.058267
0.053275
0.039592
0.084975
0.063460
0.067427
0.082663
0.066953
0.094815
0.062447
0.045512
0.092393
0.052071
0.068487
0.059841
0.064245
0.070317
0.085043
0.090374
0.096277
0.098517
0.085854
0.072637
0.098686
0.103943
0.084250
0.090209
0.091795
0.092205
0.065000
0.072816
0.109918
0.075644
0.089206
0.101424
0.091628
0.090866
0.083294
0.083043
0.103983
0.085263
0.098875
0.041281
0.082430
0.041222
0.076271
0.088016
0.053825
0.069509
0.084858
0.080867
0.076604
0.089825
0.086605
0.090593
0.063312
0.093586
0.127145
0.070362
0.085176
0.074109
0.061531
0.104241
0.068768
0.086313
0.044907
0.081840
0.051423
0.053998
0.060435
0.043369
0.066660
0.074600
0.055029
0.054211
0.057646
0.071463
0.101312
0.085418
0.084154
0.095760
0.075196
0.086493
0.087621
0.070353
0.087887
0.086657
0.088198
0.088014
0.080183
0.073909
0.088934
0.084717
0.088295
0.111995
0.070537
0.097459
0.095828
0.043633
0.075289
0.076277
0.065458
0.088891
0.067403
0.068639
0.075484
0.055167
0.054399
0.076046
0.081684
0.073667
0.060863
0.086169
0.080689
0.097408
0.118945
0.085005
0.099544
0.085183
0.079738
0.091698
0.054962
0.121416
0.141204
0.076436
0.080952
0.092507
0.091778
0.081651
0.074781
0.041685
0.068134
0.095465
0.076852
0.087567
0.093244
0.051545
0.077832
0.117011
0.055304
0.095758
0.062242
0.073993
0.074042
0.041159
0.082190
0.084320
0.072620
0.044907
0.106590
0.086967
0.058203
0.082388
0.071009
0.091881
0.065627
0.081907
0.061690
0.045262
0.067507
0.076964
0.064651
0.076615
0.096267
0.093642
0.095503
0.082465
0.085882
0.071262
0.097603
0.095193
0.091724
0.103899
0.086516
0.058331
0.068582
0.081685
0.072723
0.058700
0.100352
0.074993
0.074762
0.082205
0.091161
0.099261
0.078027
0.095702
0.093319
0.096874
0.093450
0.086321
0.082724
0.087191
0.083263
0.090007
0.067158
0.049797
0.105155
0.098798
0.073318
0.096760
0.106872
0.087306
0.061382
0.112296
0.105691
0.109803
0.082802
0.083216
0.091910
0.110043
0.091892
0.088095
0.076019
0.058250
0.137609
0.042541
0.100715
0.111540
0.074511
0.039440
0.121979
0.060345
0.067397
0.058779
0.086245
0.061525
0.043373
0.046791
0.075853
0.046034
0.054468
0.039154
0.081204
0.037195
0.096262
0.081556
0.069520
0.071840
0.055581
0.054303
0.067872
0.103165
0.081997
0.103154
0.081975
0.095775
0.042934
0.098628
0.085428
0.096310
0.070013
0.083895
0.038585
0.080487
0.084958
0.059916
0.049076
0.081259
0.057674
0.076402
0.073827
0.097200
0.078824
0.112814
0.080129
0.069055
0.076834
0.086251
0.088332
0.041965
0.077393
0.067327
0.055923
0.049273
0.069402
0.069916
0.030907
0.126241
0.071323
0.085365
0.074329
0.054043
0.083692
0.061980
0.082133
0.074536
0.072278
0.092952
0.058533
0.114425
0.096617
0.096961
0.055943
0.085070
0.092407
0.091091
0.058345
0.065737
0.068551
0.078365
0.084776
0.077936
0.099909
0.074792
0.058349
0.092028
0.090718
0.088320
0.067406
0.072235
0.070862
0.094271
0.062647
0.037927
0.082332
0.053883
0.059513
0.062583
0.038366
0.068939
0.080628
0.064087
0.070009
0.081881
0.089627
0.095184
0.048078
0.048952
0.092549
0.076262
0.088691
0.071570
0.097315
0.087980
0.075990
0.095862
0.098052
0.045043
0.049165
0.081702
0.052561
0.061461
0.047177
0.041397
0.056939
0.077324
0.084115
0.090074
0.096139
0.096940
0.066577
0.090865
0.071118
0.075104
0.083330
0.106424
0.093348
0.043150
0.107206
0.093146
0.103867
0.061497
0.082321
0.047874
0.083136
0.072542
0.086432
0.076139
0.081401
0.070455
0.043915
0.077996
0.079560
0.049953
0.096066
0.097852
0.103880
0.108375
0.083749
0.079832
0.091558
0.085289
0.072589
0.080433
0.059618
0.045573
0.078510
0.071883
0.067019
0.068520
0.098516
0.082973
0.098045
0.116680
0.086084
0.082186
0.042556
0.093610
0.110095
0.090469
0.108395
0.115901
0.049150
0.110631
0.128631
0.110787
0.091075
0.081655
0.048584
0.053312
0.047518
0.061544
0.058494
0.078939
0.083824
0.077065
0.050292
0.110135
0.079382
0.080677
0.103660
0.114460
0.076140
0.079526
0.104511
0.072292
0.097761
0.089048
0.106185
0.058952
0.077510
0.098318
0.078343
0.101561
0.085913
0.078191
0.074329
0.088526
0.081635
0.104321
0.095052
0.051353
0.115049
0.107163
0.098556
0.072339
0.053315
0.066899
0.078738
0.054996
0.067615
0.049122
0.120074
0.107375
0.079056
0.096107
0.104259
0.111846
0.080564
0.076525
0.104243
0.107988
0.097485
0.093955
0.093533
0.062612
0.066749
0.034980
0.068129
0.069326
0.060000
0.076858
0.082494
0.071483
0.071219
0.075156
0.064975
0.088084
0.054808
0.109690
0.079198
0.090602
0.084759
0.070081
0.086838
0.080993
0.119135
0.093568
0.077895
0.092729
0.072610
0.067109
0.080428
0.072085
0.090294
0.074703
0.098757
0.083249
0.075224
0.067152
0.079485
0.081995
0.078974
0.071345
0.093529
0.112520
0.104576
0.078413
0.048947
0.052118
0.056024
0.069107
0.066172
0.074769
0.066094
0.070653
0.093958
0.071089
0.087660
0.080878
0.118542
0.088007
0.092077
0.045444
0.075207
0.105128
0.124756
0.071274
0.054938
0.041551
0.050433
0.056785
0.049731
0.059086
0.063704
0.073294
0.090611
0.081174
0.078759
0.067893
0.061641
0.071124
0.046329
0.091011
0.065528
0.082315
0.062519
0.087352
0.068298
0.107990
0.116276
0.096620
0.102888
0.089221
0.077852
0.096221
0.094741
0.060728
0.069006
0.070767
0.056230
0.101381
0.086463
0.099705
0.081054
0.102515
0.105895
0.096479
0.094590
0.084269
0.051072
0.105539
0.092866
0.045877
0.135773
0.093221
0.096525
0.075538
0.082210
0.068053
0.099155
0.055387
0.083704
0.057156
0.058862
0.047055
0.114019
0.051155
0.096129
0.037877
0.068444
0.098022
0.114504
0.084809
0.107788
0.100853
0.073437
0.083724
0.111819
0.042129
0.114038
0.098536
0.104204
0.079054
0.093256
0.077051
0.110498
0.097568
0.088738
0.085857
0.087944
0.083431
0.080368
0.106982
0.084895
0.116298
0.087507
0.056247
0.056872
0.093455
0.080886
0.075886
0.095026
0.088064
0.093723
0.076096
0.077913
0.063044
0.071729
0.087589
0.084187
0.065677
0.058107
0.072564
0.089968
0.060168
0.071605
0.084391
0.039019
0.077342
0.075555
0.081919
0.075133
0.072119
0.072631
0.069990
0.084155
0.063995
0.058456
0.075954
0.044675
0.077649
0.100651
0.076064
0.078614
0.042600
0.062118
0.062547
0.059388
0.075831
0.083327
0.061619
0.066885
0.082757
0.095290
0.064119
0.065671
0.069570
0.072962
0.104348
0.084364
0.095687
0.108924
0.053593
0.078395
0.093943
0.084268
0.073392
0.072210
0.097169
0.074858
0.071239
0.067758
0.058059
0.063073
0.075644
0.054222
0.068198
0.065734
0.069618
0.073563
0.082954
0.070426
0.072481
0.069312
0.054892
0.075228
0.049916
0.119054
0.044356
0.075389
0.081192
0.046607
0.061302
0.096662
0.102054
0.092447
0.056407
0.074550
0.062475
0.073586
0.041940
0.077455
0.105705
0.091687
0.085408
0.070412
0.073657
0.083025
0.117645
0.065891
0.072015
0.069433
0.057363
0.103656
0.092241
0.076357
0.090989
0.070137
0.062404
0.088531
0.075785
0.073317
0.119268
0.076028
0.092149
0.076964
0.096060
0.094684
0.070037
0.061150
0.034908
0.067660
0.072439
0.032187
0.075716
0.088613
0.059295
0.061126
0.102811
0.074368
0.072301
0.040306
0.051629
0.069817
0.055957
0.042158
0.054749
0.034103
0.061075
0.046166
0.046893
0.037941
0.083881
0.039838
0.045532
0.094639
0.057936
0.041554
0.063080
0.056425
0.081072
0.066872
0.072940
0.068614
0.063910
0.084573
0.084371
0.079030
0.043043
0.090049
0.082274
0.060627
0.082158
0.044612
0.077165
0.065826
0.058823
0.063628
0.064285
0.094216
0.103429
0.094377
0.062073
0.064821
0.062889
0.071716
0.086320
0.075312
0.091406
0.093504
0.083946
0.082855
0.056827
0.101973
0.072173
0.132919
0.089964
0.105860
0.090118
0.106402
0.169430
0.183460
0.073481
0.160401
0.096677
0.106759
0.133155
0.121269
0.124785
0.049546
0.079156
0.049255
0.090190
0.063855
0.092804
0.097682
0.087906
0.050674
0.139698
0.099161
0.046630
0.057896
0.060282
0.072695
0.079503
0.056872
0.035249
0.069624
0.043466
0.083910
0.071422
0.043885
0.044045
0.044634
0.099424
0.078455
0.091932
0.052327
0.066518
0.058815
0.089546
0.072273
0.084361
0.082706
0.089352
0.054294
0.049663
0.067300
0.090574
0.069293
0.107013
0.098356
0.082659
0.091081
0.077854
0.088738
0.080961
0.090261
0.086231
0.044543
0.097207
0.092703
0.077520
0.083112
0.044642
0.106875
0.072497
0.073485
0.062764
0.086034
0.087544
0.090491
0.076939
0.088937
0.094904
0.102246
0.083471
0.068755
0.064110
0.075535
0.047717
0.059115
0.074743
0.070262
0.062321
0.073366
0.081208
0.112725
0.084414
0.092809
0.069270
0.101600
0.074500
0.073832
0.046690
0.077696
0.104219
0.111054
0.082429
0.083094
0.093003
0.062875
0.039044
0.060360
0.058127
0.044703
0.087837
0.072590
0.044926
0.050597
0.094484
0.066175
0.093491
0.046770
0.053701
0.077078
0.041017
0.056455
0.028516
0.049000
0.038499
0.079492
0.086310
0.081945
0.081897
0.077687
0.053600
0.073089
0.053360
0.047573
0.053558
0.061387
0.086552
0.085917
0.094903
0.067191
0.063953
0.095185
0.055180
0.056122
0.056763
0.069673
0.045043
0.055469
0.063349
0.054422
0.067896
0.067635
0.068244
0.045448
0.077267
0.050124
0.093623
0.089272
0.105417
0.098361
0.068392
0.067004
0.086261
0.086910
0.080213
0.058019
0.083292
0.087369
0.113977
0.101807
0.090045
0.065524
0.093935
0.096587
0.110898
0.084658
0.094458
0.090546
0.107926
0.137573
0.107072
0.088201
0.066137
0.083829
0.063674
0.091259
0.095937
0.086402
0.090366
0.087004
0.067068
0.091335
0.083847
0.075457
0.120558
0.062065
0.109862
0.083693
0.088523
0.073617
0.082855
0.070364
0.064028
0.063573
0.071540
0.083407
0.101187
0.075999
0.071799
0.091583
0.142261
0.106401
0.108732
0.126196
0.102692
0.063936
0.058274
0.082808
0.073765
0.057268
0.065061
0.074812
0.070778
0.079284
0.072775
0.039604
0.091552
0.080986
0.062919
0.071757
0.075462
0.081300
0.061953
0.077860
0.084779
0.063671
0.077582
0.066894
0.041978
0.052086
0.055621
0.046057
0.127787
0.112114
0.062505
0.109733
0.076610
0.084650
0.074432
0.072200
0.061287
0.069054
0.057935
0.083181
0.095389
0.072732
0.095389
0.065572
0.071699
0.074349
0.057618
0.052971
0.072470
0.070281
0.057915
0.070470
0.077413
0.089693
0.093639
0.083122
0.077994
0.079327
0.047277
0.099204
0.081761
0.086153
0.046193
0.089214
0.047515
0.076034
0.061402
0.075984
0.066437
0.033459
0.118447
0.085654
0.080178
0.072219
0.066995
0.087503
0.066108
0.049774
0.041699
0.057405
0.132835
0.109329
0.057623
0.100258
0.077401
0.095374
0.084190
0.071846
0.080939
0.086740
0.127734
0.062900
0.067394
0.039718
0.091030
0.092151
0.042492
0.091664
0.118391
0.095327
0.087826
0.086170
0.067056
0.061178
0.068619
0.078830
0.089560
0.091887
0.085130
0.100785
0.085422
0.100477
0.121481
0.088872
0.067411
0.070421
0.077283
0.083515
0.048894
0.100753
0.039365
0.101213
0.090897
0.102657
0.050050
0.048365
0.065708
0.059387
0.076167
0.090752
0.087655
0.068775
0.081004
0.094577
0.081757
0.091546
0.087216
0.094682
0.086379
0.090665
0.106142
0.037523
0.086231
0.067622
0.089180
0.060166
0.085425
0.068115
0.082670
0.048557
0.093918
0.058116
0.059206
0.074567
0.080180
0.062624
0.074226
0.073531
0.064497
0.078574
0.108641
0.104124
0.100981
0.122216
0.077833
0.075509
0.052026
0.059510
0.055343
0.088295
0.068327
0.044688
0.088523
0.085114
0.082475
0.086398
0.081769
0.078255
0.079050
0.089262
0.089857
0.084560
0.072644
0.058090
0.074662
0.051010
0.080584
0.073891
0.065703
0.069808
0.070867
0.099904
0.088521
0.049971
0.071423
0.081343
0.085084
0.111614
0.057904
0.106174
0.081901
0.047426
0.085955
0.091359
0.103495
0.080848
0.089393
0.110893
0.052630
0.066104
0.057662
0.077160
0.059359
0.062791
0.062851
0.072135
0.087573
0.077500
0.077158
0.106757
0.084092
0.104778
0.073772
0.052278
0.081929
0.064279
0.061064
0.069782
0.054161
0.058529
0.078046
0.080277
0.068701
0.064157
0.091245
0.054343
0.060464
0.059490
0.057175
0.057908
0.067077
0.069108
0.046103
0.056929
0.070648
0.084414
0.056144
0.056922
0.055366
0.077760
0.070730
0.059826
0.048631
0.078350
0.053561
0.060159
0.078530
0.059984
0.034832
0.040578
0.065845
0.068292
0.076981
0.081796
0.060234
0.071645
0.095082
0.082114
0.073209
0.091366
0.089565
0.096673
0.095478
0.087179
0.080519
0.081691
0.084199
0.083304
0.054019
0.076281
0.109001
0.090200
0.089356
0.078930
0.077894
0.048440
0.096126
0.101722
0.099494
0.091275
0.064634
0.064382
0.061583
0.068286
0.077257
0.080720
0.090910
0.043597
0.128506
0.070808
0.062180
0.049951
0.064922
0.068715
0.063394
0.075827
0.055836
0.042260
0.085177
0.079736
0.072017
0.073946
0.094028
0.102911
0.061940
0.073269
0.068377
0.130951
0.070003
0.085985
0.066154
0.078221
0.058215
0.035742
0.100898
0.096022
0.079584
0.089072
0.073079
0.068073
0.068612
0.052326
0.066854
0.065943
0.068898
0.073781
0.071731
0.059096
0.064225
0.073550
0.077051
0.074635
0.060050
0.091332
0.041389
0.078455
0.045201
0.048826
0.083721
0.080966
0.078146
0.042717
0.052269
0.056728
0.076272
0.065679
0.069151
0.075877
0.077466
0.070672
0.095200
0.063890
0.064674
0.055370
0.070293
0.092396
0.091157
0.069546
0.081711
0.131047
0.088285
0.066368
0.075432
0.084624
0.103367
0.084760
0.090190
0.089368
0.071440
0.066813
0.075780
0.064395
0.060217
0.100823
0.092677
0.089306
0.130202
0.097413
0.086516
0.123679
0.088786
0.085125
0.054097
0.061644
0.063756
0.067156
0.073174
0.077286
0.058901
0.080328
0.063022
0.039545
0.087701
0.081144
0.059700
0.094863
0.067674
0.091607
0.076711
0.072484
0.058822
0.058119
0.088506
0.123287
0.123486
0.058004
0.075110
0.056003
0.067642
0.069639
0.099195
0.092461
0.079912
0.113495
0.108044
0.099457
0.058053
0.069457
0.100268
0.093388
0.088516
0.152066
0.060326
0.073676
0.083287
0.060758
0.057162
0.089694
0.101762
0.052999
0.074408
0.071084
0.084703
0.076037
0.081270
0.081188
0.081723
0.039279
0.072074
0.064692
0.094166
0.082026
0.097122
0.114573
0.085979
0.077008
0.096311
0.103593
0.057041
0.077355
0.068419
0.148265
0.053752
0.093171
0.102707
0.104266
0.116174
0.091687
0.070499
0.076915
0.075767
0.096548
0.078950
0.073900
0.076110
0.068620
0.070981
0.086232
0.097172
0.092362
0.093901
0.094777
0.065160
0.060524
0.053996
0.051462
0.065458
0.076430
0.086710
0.076686
0.076266
0.075546
0.086625
0.079520
0.101205
0.095774
0.089526
0.058975
0.100796
0.061330
0.042958
0.046860
0.092572
0.067827
0.088285
0.086623
0.070895
0.109916
0.093374
0.090539
0.086547
0.075465
0.091835
0.075633
0.058327
0.069725
0.066545
0.073765
0.063223
0.080298
0.072611
0.073217
0.067634
0.076523
0.065343
0.059218
0.065837
0.114105
0.100162
0.056332
0.079839
0.083383
0.111818
0.050569
0.099363
0.082696
0.073204
0.080127
0.088133
0.080862
0.065394
0.064885
0.094541
0.108147
0.085349
0.067544
0.062547
0.058157
0.046784
0.056835
