0.036971
0.129776
0.100432
0.105120
0.103423
0.146435
0.091126
0.059683
0.060059
0.059040
0.081903
0.130104
0.103003
0.086978
0.043505
0.095704
0.090711
0.090179
0.105936
0.047056
0.082663
0.055273
0.044104
0.068786
0.075508
0.073640
0.067606
0.067927
0.068277
0.062945
0.060734
0.068443
0.072603
0.066412
0.075104
0.074061
0.085408
0.085170
0.048214
0.044695
0.054568
0.037426
0.058346
0.111953
0.099031
0.077159
0.080893
0.097097
0.072308
0.062933
0.067443
0.066080
0.079696
0.043821
0.042018
0.084244
0.079397
0.093141
0.090935
0.082469
0.084031
0.102490
0.099844
0.094358
0.088211
0.085952
0.095921
0.104015
0.082346
0.055328
0.119719
0.081106
0.070487
0.055147
0.070392
0.103025
0.081994
0.066984
0.111704
0.097651
0.099533
0.120994
0.101901
0.127503
0.042675
0.076536
0.099132
0.071198
0.104643
0.091070
0.057188
0.056389
0.068023
0.074934
0.072077
0.082098
0.091735
0.053706
0.057735
0.099953
0.078873
0.101685
0.104218
0.138459
0.097805
0.046895
0.079777
0.150814
0.122765
0.079330
0.077585
0.050126
0.073471
0.084682
0.076523
0.056114
0.054739
0.078319
0.065001
0.050645
0.092471
0.053857
0.106815
0.094832
0.091109
0.070283
0.073550
0.100104
0.040524
0.083950
0.068055
0.068071
0.088175
0.082227
0.102292
0.095653
0.105576
0.076213
0.083498
0.071249
0.093446
0.098784
0.108037
0.060598
0.081387
0.099995
0.058538
0.089040
0.096518
0.078365
0.098109
0.102604
0.124747
0.098095
0.114091
0.080131
0.089172
0.122569
0.130254
0.086297
0.093946
0.073017
0.078171
0.101075
0.082356
0.109604
0.043793
0.110824
0.063831
0.076641
0.091785
0.107481
0.087157
0.101911
0.075363
0.095836
0.106375
0.091169
0.115100
0.099595
0.088168
0.066540
0.082683
0.078814
0.093923
0.097425
0.051682
0.076619
0.072656
0.093882
0.083833
0.090338
0.093813
0.085513
0.095067
0.099837
0.088625
0.094949
0.091241
0.092507
0.086680
0.091220
0.098607
0.084422
0.093998
0.132739
0.129634
0.107323
0.090940
0.101623
0.090755
0.083717
0.086890
0.083525
0.105986
0.080864
0.084494
0.092577
0.074620
0.105691
0.110780
0.105761
0.084669
0.073357
0.087960
0.093707
0.100537
0.100029
0.073705
0.085905
0.102602
0.086669
0.098401
0.049951
0.046730
0.062870
0.072893
0.100736
0.093868
0.067963
0.082813
0.063674
0.068472
0.059453
0.107000
0.096312
0.072258
0.067677
0.052428
0.064573
0.057048
0.081867
0.089405
0.099328
0.081545
0.099105
0.055526
0.089903
0.062042
0.082231
0.094468
0.090071
0.066210
0.078777
0.063987
0.062084
0.081148
0.110036
0.087323
0.089580
0.080574
0.060251
0.074242
0.085721
0.042896
0.076637
0.062719
0.041844
0.061075
0.109625
0.082274
0.086520
0.067773
0.081002
0.062220
0.076008
0.068681
0.050891
0.059559
0.055583
0.057185
0.073966
0.100047
0.097489
0.074098
0.087168
0.063688
0.039378
0.112062
0.097410
0.079674
0.080279
0.068259
0.063653
0.095062
0.114087
0.104054
0.098577
0.089914
0.046075
0.080063
0.086126
0.082937
0.072032
0.076707
0.091454
0.049901
0.079516
0.082612
0.095700
0.086122
0.072424
0.080106
0.083217
0.083359
0.095201
0.087156
0.080845
0.098450
0.111850
0.117505
0.095629
0.090437
0.109266
0.119577
0.049038
0.080062
0.075976
0.091966
0.097871
0.106891
0.093385
0.077513
0.059615
0.087693
0.066392
0.073694
0.042002
0.071730
0.058166
0.058784
0.051570
0.060056
0.067591
0.044672
0.046686
0.046504
0.061211
0.075344
0.078361
0.106311
0.049915
0.088686
0.055201
0.074060
0.098934
0.073021
0.100786
0.055402
0.070040
0.092590
0.043589
0.118275
0.078970
0.090842
0.068727
0.086569
0.028468
0.099679
0.084884
0.088038
0.092968
0.074236
0.070847
0.043915
0.060674
0.083966
0.062730
0.057276
0.058555
0.074985
0.075979
0.074863
0.069939
0.059504
0.089622
0.057150
0.090639
0.048765
0.106959
0.077679
0.085356
0.086470
0.100926
0.114319
0.084146
0.089086
0.087200
0.107480
0.116099
0.082073
0.078252
0.114370
0.082920
0.093011
0.046332
0.082556
0.071603
0.051216
0.068623
0.051991
0.047812
0.091782
0.082929
0.076794
0.079898
0.060263
0.075684
0.074888
0.086303
0.080607
0.104844
0.047455
0.086011
0.055773
0.114959
0.118658
0.117452
0.079756
0.097647
0.111729
0.139451
0.113145
0.118490
0.107435
0.093754
0.109765
0.056424
0.095870
0.081403
0.090502
0.081418
0.091050
0.086332
0.080601
0.083367
0.078857
0.062545
0.069084
0.075720
0.084527
0.090644
0.094175
0.054974
0.055969
0.074588
0.063188
0.069015
0.080383
0.081841
0.082957
0.094720
0.055717
0.071841
0.040278
0.097110
0.070910
0.043387
0.071550
0.067320
0.087060
0.083599
0.076412
0.095179
0.093032
0.092268
0.099430
0.082018
0.065482
0.075539
0.045331
0.076455
0.074653
0.051580
0.068074
0.069348
0.069263
0.059240
0.035435
0.055453
0.072184
0.073028
0.084450
0.070703
0.075185
0.068974
0.086174
0.077554
0.095456
0.082784
0.086711
0.063769
0.085256
0.100611
0.096736
0.081338
0.085828
0.079124
0.055193
0.051103
0.053846
0.063141
0.059641
0.038696
0.075143
0.051482
0.130889
0.049559
0.067539
0.065287
0.054547
0.062123
0.055154
0.058216
0.069628
0.041805
0.050923
0.085106
0.053832
0.048586
0.044897
0.077604
0.046979
0.053973
0.067085
0.058133
0.056039
0.060165
0.053707
0.074340
0.055529
0.040207
0.060381
0.049295
0.075918
0.071637
0.067453
0.050527
0.046417
0.069406
0.067690
0.048887
0.073981
0.070935
0.063375
0.054289
0.067209
0.080656
0.099427
0.105022
0.098281
0.077532
0.085543
0.099725
0.098121
0.055859
0.063812
0.080860
0.069654
0.076370
0.086123
0.070678
0.079222
0.084660
0.070733
0.088128
0.043358
0.077913
0.046510
0.103519
0.090709
0.079434
0.072985
0.097205
0.065886
0.074934
0.083899
0.072111
0.096284
0.080159
0.064965
0.078649
0.076081
0.076914
0.072717
0.073006
0.078637
0.131719
0.099684
0.107996
0.074972
0.095700
0.088115
0.071647
0.095459
0.045260
0.076662
0.097283
0.116293
0.083784
0.088733
0.079530
0.065882
0.058931
0.097230
0.072726
0.082503
0.108287
0.099814
0.099213
0.109373
0.104671
0.100206
0.076737
0.087017
0.088697
0.068431
0.116428
0.083957
0.093251
0.114401
0.129351
0.088696
0.095200
0.084498
0.064914
0.041407
0.110676
0.093024
0.083795
0.103739
0.090550
0.089019
0.082733
0.086233
0.049063
0.158925
0.096847
0.108566
0.086204
0.078875
0.099122
0.093669
0.057205
0.107307
0.115440
0.101971
0.103599
0.100673
0.079086
0.080355
0.048640
0.074876
0.077455
0.088392
0.084821
0.114063
0.077134
0.048225
0.086536
0.092890
0.073132
0.096302
0.075161
0.085544
0.068725
0.067225
0.065672
0.086374
0.097820
0.059279
0.069485
0.107579
0.096834
0.059996
0.079831
0.073821
0.084487
0.088758
0.082141
0.069771
0.079259
0.099784
0.045975
0.111003
0.096763
0.070046
0.082235
0.079757
0.075549
0.075691
0.067018
0.096757
0.051805
0.085260
0.064326
0.099029
0.114509
0.091979
0.113439
0.098694
0.095301
0.094716
0.070903
0.065127
0.044901
0.116052
0.087186
0.052153
0.066664
0.062278
0.070311
0.085605
0.081804
0.089396
0.067407
0.099890
0.101662
0.108223
0.095036
0.099836
0.085164
0.119494
0.105974
0.088601
0.077935
0.032707
0.090264
0.082466
0.066859
0.061466
0.058637
0.059046
0.101494
0.066606
0.078948
0.083716
0.083366
0.080642
0.091758
0.093396
0.098326
0.039490
0.067910
0.097565
0.102793
0.090013
0.067524
0.063602
0.072901
0.069982
0.080941
0.069873
0.084420
0.090070
0.059178
0.089774
0.106371
0.071369
0.079042
0.072908
0.075905
0.078019
0.086327
0.089999
0.087943
0.098121
0.102469
0.085944
0.107249
0.094959
0.103441
0.065917
0.067268
0.118806
0.087677
0.088890
0.072864
0.085471
0.061769
0.088559
0.090150
0.090395
0.084798
0.085268
0.048372
0.054601
0.094924
0.085470
0.060529
0.079365
0.115084
0.104421
0.075881
0.099366
0.066131
0.078701
0.084953
0.051455
0.090492
0.076842
0.093491
0.087819
0.057547
0.066812
0.073844
0.074910
0.057815
0.051906
0.078494
0.104160
0.087494
0.089952
0.083570
0.088015
0.096115
0.097745
0.073937
0.083853
0.082729
0.117377
0.113728
0.099391
0.101696
0.109395
0.077539
0.122534
0.064059
0.077204
0.083923
0.095646
0.087625
0.068051
0.076276
0.085321
0.076486
0.040307
0.108946
0.099693
0.104933
0.099233
0.077675
0.093729
0.086245
0.081898
0.082844
0.100889
0.097504
0.069569
0.065696
0.063636
0.068939
0.075792
0.085904
0.084514
0.059738
0.040349
0.062320
0.055532
0.050932
0.048522
0.046815
0.049615
0.072978
0.042142
0.052409
0.036407
0.046252
0.077357
0.085054
0.103918
0.075102
0.079673
0.085695
0.085154
0.063019
0.082101
0.090339
0.097259
0.095127
0.048112
0.093450
0.127748
0.120514
0.072355
0.089002
0.115928
0.136692
0.086941
0.095138
0.082183
0.064808
0.093977
0.088714
0.085095
0.092374
0.051704
0.084577
0.082850
0.086215
0.079254
0.063668
0.055110
0.072240
0.097260
0.062659
0.078424
0.042441
0.083873
0.073455
0.097631
0.047073
0.057420
0.098634
0.073668
0.100400
0.087422
0.067497
0.088825
0.057136
0.097743
0.067200
0.071917
0.076738
0.072032
0.089104
0.094877
0.103026
0.075967
0.042398
0.123863
0.075263
0.045792
0.075876
0.051126
0.080262
0.093173
0.080623
0.089797
0.078995
0.109509
0.090953
0.086215
0.098598
0.094262
0.050853
0.068614
0.072415
0.049822
0.053015
0.052790
0.053389
0.064804
0.035750
0.101607
0.095965
0.059604
0.064935
0.037856
0.088026
0.071926
0.062223
0.077660
0.085839
0.083398
0.060012
0.140863
0.034725
0.060611
0.048837
0.061770
0.098862
0.058761
0.048670
0.054033
0.070671
0.060211
0.072219
0.075005
0.065089
0.038734
0.066341
0.045493
0.060426
0.060357
0.044618
0.073791
0.067712
0.039736
0.064763
0.068881
0.050522
0.074146
0.098326
0.080877
0.085677
0.090471
0.090566
0.048286
0.057219
0.071116
0.054264
0.058984
0.070575
0.052873
0.092146
0.059429
0.076497
0.080261
0.083561
0.078195
0.066254
0.085591
0.038301
0.097598
0.082657
0.046592
0.094819
0.091471
0.099210
0.070742
0.110078
0.102790
0.059762
0.088583
0.093850
0.081482
0.060188
0.079680
0.087193
0.094312
0.080510
0.073573
0.091980
0.069624
0.076018
0.073592
0.076971
0.097391
0.072217
0.068388
0.079868
0.043603
0.148660
0.108546
0.058954
0.098533
0.075445
0.087355
0.081891
0.070081
0.075317
0.095288
0.109046
0.147959
0.125507
0.112793
0.070570
0.094752
0.050855
0.076567
0.098699
0.065467
0.078134
0.078919
0.078494
0.098104
0.096223
0.083683
0.068176
0.081538
0.053493
0.087247
0.097471
0.098364
0.075565
0.086483
0.081945
0.085704
0.073301
0.105255
0.082244
0.082050
0.080888
0.079451
0.055730
0.088000
0.129041
0.058778
0.051333
0.055921
0.040050
0.050018
0.074382
0.070086
0.050397
0.058014
0.042993
0.042179
0.044533
0.059974
0.054543
0.040241
0.046527
0.036989
0.050968
0.061959
0.041159
0.070341
0.050460
0.088066
0.048962
0.046639
0.052409
0.062139
0.053267
0.048868
0.086263
0.054861
0.041498
0.063518
0.041865
0.057786
0.041259
0.072944
0.053158
0.040507
0.071067
0.086032
0.086019
0.090031
0.104461
0.031919
0.073092
0.078235
0.079610
0.098393
0.033937
0.048189
0.046780
0.064936
0.028467
0.059812
0.107837
0.072167
0.085979
0.088375
0.077935
0.043664
0.112397
0.079683
0.090971
0.080924
0.082555
0.089875
0.078857
0.086054
0.082672
0.122209
0.042533
0.091971
0.103511
0.102037
0.111513
0.133270
0.090897
0.096445
0.084374
0.081684
0.073718
0.085882
0.059371
0.052408
0.097973
0.069081
0.145904
0.090190
0.066119
0.085424
0.095228
0.082880
0.101025
0.049292
0.039683
0.080395
0.063739
0.089369
0.077537
0.057347
0.068513
0.062040
0.055069
0.050559
0.055455
0.073367
0.067628
0.055104
0.047560
0.054782
0.058667
0.077449
0.064167
0.072389
0.068516
0.071918
0.074004
0.059281
0.057568
0.088278
0.088548
0.054336
0.057108
0.067400
0.071710
0.068231
0.046510
0.044983
0.054732
0.087089
0.069845
0.084136
0.080163
0.074879
0.077460
0.085947
0.083350
0.061256
0.067550
0.063727
0.087139
0.092345
0.080750
0.066652
0.095107
0.100099
0.128377
0.139354
0.135464
0.112464
0.126626
0.104281
0.069000
0.127403
0.104803
0.104987
0.109949
0.108391
0.132897
0.042115
0.080422
0.123371
0.080843
0.088469
0.090699
0.080863
0.079929
0.071562
0.076049
0.046782
0.060103
0.064720
0.077915
0.073924
0.112904
0.118338
0.076239
0.059346
0.045791
0.061308
0.056241
0.078418
0.101273
0.093607
0.068163
0.093171
0.091693
0.094157
0.089969
0.064633
0.095847
0.098890
0.092649
0.064164
0.056480
0.087858
0.083680
0.070321
0.043313
0.078806
0.046283
0.074904
0.080190
0.077341
0.068993
0.071568
0.071723
0.081906
0.079827
0.091576
0.082640
0.060138
0.066244
0.072404
0.065165
0.049394
0.071661
0.068155
0.070659
0.066254
0.074702
0.047830
0.065478
0.058777
0.045732
0.062429
0.066146
0.085723
0.082586
0.083286
0.105644
0.074252
0.097457
0.103269
0.108023
0.091143
0.081837
0.053414
0.064682
0.080139
0.050979
0.071483
0.058104
0.056754
0.055821
0.108212
0.075964
0.091837
0.086167
0.081178
0.103248
0.081651
0.093950
0.084628
0.042651
0.046477
0.069379
0.065727
0.081188
0.079502
0.044867
0.074745
0.067499
0.048800
0.069681
0.062478
0.076138
0.044173
0.072779
0.070429
0.087419
0.040547
0.069932
0.067682
0.065617
0.050009
0.046096
0.071124
0.054093
0.045847
0.054852
0.057103
0.054530
0.109405
0.048045
0.053126
0.104337
0.093232
0.042163
0.083236
0.076440
0.049491
0.071583
0.049336
0.077153
0.030868
0.049881
0.076383
0.041136
0.066912
0.075901
0.045809
0.123657
0.102068
0.089660
0.079706
0.054913
0.089996
0.100306
0.061444
0.073616
0.083486
0.043795
0.061378
0.045984
0.084088
0.083751
0.086692
0.082875
0.094040
0.085027
0.062215
0.054647
0.084316
0.096643
0.104610
0.099483
0.059141
0.064142
0.099864
0.091866
0.103866
0.105801
0.120451
0.074646
0.095457
0.117018
0.124242
0.062254
0.089391
0.097727
0.096476
0.095712
0.090273
0.078558
0.083868
0.094712
0.065880
0.046261
0.103369
0.100137
0.068215
0.055388
0.067354
0.085585
0.064177
0.063730
0.081542
0.109466
0.109717
0.061442
0.110158
0.120983
0.034575
0.102781
0.060566
0.070158
0.103828
0.040384
0.084110
0.037928
0.092923
0.081438
0.098883
0.095671
0.073608
0.061968
0.081206
0.080467
0.063497
0.071168
0.088803
0.125960
0.121431
0.109124
0.059063
0.055471
0.043649
0.058751
0.092534
0.081861
0.039845
0.057250
0.048773
0.071565
0.041281
0.091995
0.058388
0.045079
0.057081
0.053177
0.039410
0.038805
0.065186
0.061807
0.040996
0.060571
0.040815
0.060807
0.044395
0.053190
0.044867
0.088643
0.072388
0.073085
0.031282
0.053523
0.053848
0.059253
0.050723
0.048117
0.079428
0.065283
0.078899
0.102108
0.098389
0.096966
0.092349
0.099727
0.095886
0.078907
0.040340
0.095201
0.093525
0.078391
0.058680
0.068106
0.065743
0.054773
0.053633
0.057487
0.077654
0.093570
0.100117
0.070439
0.063160
0.090341
0.055697
0.119630
0.063934
0.082430
0.050346
0.067547
0.033274
0.067251
0.047822
0.084555
0.070791
0.076934
0.084700
0.070742
0.076303
0.118937
0.050006
0.090416
0.048016
0.060137
0.045167
0.054318
0.063738
0.101412
0.085258
0.059181
0.097311
0.096630
0.074172
0.088067
0.080893
0.090357
0.066124
0.077657
0.084006
0.088262
0.087753
0.095413
0.090078
0.064424
0.055589
0.049824
0.063429
0.070992
0.082927
0.083954
0.080966
0.085141
0.117560
0.044949
0.085151
0.075354
0.117429
0.116282
0.075753
0.091762
0.096859
0.058140
0.098618
0.084407
0.104502
0.089217
0.104466
0.054200
0.067076
0.055828
0.103471
0.085316
0.097902
0.068223
0.052989
0.062162
0.079056
0.085130
0.077561
0.089569
0.090475
0.064191
0.080163
0.061226
0.097039
0.075134
0.089800
0.104145
0.091422
0.092233
0.093607
0.103299
0.123074
0.071612
0.089938
0.119931
0.110086
0.091991
0.083704
0.079452
0.040002
0.118253
0.099943
0.085964
0.110461
0.092133
0.085537
0.091957
0.058962
0.085553
0.060484
0.053009
0.109171
0.084208
0.078981
0.120868
0.132373
0.110910
0.089577
0.088213
0.091740
0.076847
0.092983
0.083003
0.086305
0.079653
0.072350
0.083941
0.089488
0.067025
0.052949
0.051209
0.062350
0.051646
0.042125
0.069296
0.054820
0.069060
0.048912
0.061489
0.060252
0.076359
0.103972
0.072312
0.050574
0.041214
0.048736
0.031822
0.046533
0.064398
0.083437
0.106472
0.070634
0.087903
0.090616
0.096958
0.075038
0.069620
0.098063
0.077518
0.073226
0.087651
0.052457
0.075037
0.034480
0.076027
0.089099
0.080082
0.067297
0.079366
0.085383
0.097232
0.105911
0.077608
0.071471
0.076879
0.057648
0.073325
0.055259
0.067075
0.068368
0.098500
0.097946
0.089242
0.064602
0.072262
0.077797
0.038923
0.118856
0.091093
0.058779
0.090439
0.078054
0.082861
0.094297
0.081082
0.052926
0.066136
0.049284
0.035875
0.054867
0.035337
0.070065
0.060231
0.089454
0.084030
0.081139
0.057488
0.087277
0.096646
0.090732
0.082810
0.070644
0.088112
0.096766
0.076773
0.085529
0.088179
0.068825
0.056042
0.069340
0.077499
0.078085
0.104613
0.070887
0.082572
0.062326
0.078445
0.069649
0.074327
0.071348
0.089860
0.072781
0.035091
0.062895
0.041154
0.070316
0.031612
0.132306
0.124992
0.099976
0.074293
0.069535
0.054217
0.090947
0.080179
0.050358
0.091522
0.064237
0.103763
0.081619
0.044582
0.063883
0.059030
0.049437
0.065132
0.055757
0.048852
0.056267
0.055087
0.072478
0.078087
0.084073
0.082922
0.076944
0.094115
0.078467
0.073658
0.088394
0.073735
0.075244
0.059934
0.091636
0.064076
0.089316
0.067236
0.082083
0.080665
0.068280
0.053785
0.103582
0.072157
0.105356
0.084036
0.096500
0.082653
0.063941
0.083656
0.134543
0.108775
0.111616
0.098343
0.067997
0.080729
0.082678
0.095858
0.050143
0.100926
0.086426
0.094672
0.104167
0.062277
0.037764
0.073769
0.076005
0.103543
0.058196
0.059313
0.056910
0.068110
0.077129
0.106812
0.090742
0.045766
0.043845
0.071654
0.082307
0.109518
0.078499
0.071201
0.068075
0.103153
0.096543
0.090902
0.049712
0.106791
0.105856
0.109130
0.092640
0.076251
0.084978
0.124469
0.106367
0.102404
0.105548
0.082953
0.100477
0.105100
0.091458
0.080446
0.084952
0.087672
0.110943
0.090638
0.094701
0.056313
0.060550
0.047027
0.100075
0.050292
0.074196
0.041049
0.117475
0.063428
0.098958
0.045967
0.103391
0.097055
0.053606
0.157437
0.040628
0.106268
0.074269
0.080718
0.085863
0.107191
0.074018
0.082579
0.075959
0.089160
0.092396
0.082414
0.063198
0.059638
0.055539
0.061022
0.081854
0.074806
0.080379
0.090539
0.114702
0.122977
0.124729
0.117488
0.074318
0.083464
0.075914
0.060913
0.069806
0.043960
0.104338
0.093872
0.073228
0.093540
0.118055
0.093399
0.130007
0.121186
0.096222
0.075997
0.040395
0.103865
0.058344
0.056782
0.075046
0.082936
0.098679
0.106770
0.103056
0.071512
0.069930
0.111233
0.065605
0.082242
0.099633
0.092524
0.086723
0.088348
0.081058
0.070113
0.063095
0.056771
0.064807
0.072484
0.065266
0.092237
0.088368
0.082580
0.084544
0.074816
0.064197
0.069234
0.078999
0.089717
0.090096
0.083043
0.081371
0.062170
0.088824
0.049875
0.123892
0.105010
0.111556
0.103301
0.117807
0.086521
0.085939
0.097079
0.085686
0.098238
0.088315
0.105152
0.106545
0.056041
0.127689
0.042638
0.089357
0.084300
0.100243
0.101258
0.085604
0.103191
0.068847
0.066482
0.089837
0.045816
0.076357
0.044581
0.068691
0.060660
0.077572
0.098640
0.095708
0.078223
0.110742
0.092390
0.072101
0.046901
0.064918
0.059952
0.077898
0.045498
0.081240
0.082732
0.056317
0.075027
0.054957
0.059867
0.070478
0.081093
0.090577
0.065121
0.056588
0.065533
0.075965
0.086121
0.088304
0.045375
0.076034
0.076349
0.073138
0.100012
0.084948
0.075620
0.087379
0.072798
0.068074
0.091661
0.087347
0.068669
0.099970
0.072847
0.066231
0.063717
0.046482
0.119839
0.159630
0.080137
0.072821
0.091133
0.088871
0.064691
0.100539
0.137561
0.075197
0.102148
0.137474
0.102815
0.058732
0.082127
0.071065
0.091957
0.078656
0.081160
0.054373
0.077421
0.077569
0.094709
0.106241
0.099676
0.101407
0.096870
0.110311
0.073127
0.066098
0.080767
0.076169
0.073389
0.063362
0.068495
0.081468
0.059690
0.051559
0.070142
0.077783
0.055760
0.062637
0.075132
0.071662
0.088953
0.053788
0.052009
0.097822
0.100944
0.088073
0.104420
0.082755
0.096097
0.107911
0.086283
0.082650
0.094419
0.117001
0.116719
0.076353
0.084412
0.077713
0.084898
0.108851
0.076848
0.090752
0.081468
0.096478
0.118144
0.102930
0.085718
0.089601
0.056665
0.070073
0.076382
0.067780
0.065109
0.077105
0.059469
0.067230
0.066352
0.072601
0.075575
0.087835
0.100011
0.097217
0.143510
0.100482
0.085747
0.101942
0.052591
0.081414
0.053428
0.054533
0.065611
0.092420
0.084636
0.101239
0.123999
0.097985
0.075214
0.051728
0.090833
0.064410
0.078711
0.077155
0.081808
0.055975
0.065628
0.084901
0.107428
0.090163
0.072404
0.074393
0.083976
0.083728
0.072514
0.083135
0.085030
0.082838
0.063077
0.091590
0.088439
0.087317
0.070194
0.084308
0.055376
0.069361
0.091280
0.105591
0.087564
0.086930
0.055730
0.086329
0.069310
0.042533
0.080846
0.060894
0.046740
0.082948
0.087519
0.076249
0.058680
0.086413
0.078654
0.080148
0.073967
0.080386
0.072971
0.058050
0.068994
0.082917
0.057385
0.085751
0.068817
0.090808
0.094153
0.058794
0.072998
0.094595
0.074970
0.083869
0.048631
0.104362
0.073319
0.065125
0.048299
0.062336
0.088741
0.078347
0.075003
0.058190
0.089040
0.090051
0.082654
0.087602
0.071383
0.075152
0.078331
0.073222
0.063299
0.071687
0.078858
0.064834
0.081688
0.070313
0.074463
0.074340
0.107581
0.081277
0.071422
0.058879
0.070672
0.072732
0.098150
0.080681
0.058886
0.079419
0.074439
0.063149
0.051746
0.048577
0.066262
0.088409
0.096764
0.041014
0.054408
0.054266
0.047382
0.050144
0.075950
0.047690
0.082771
0.082212
0.056808
0.067901
0.063590
0.033683
0.046110
0.041371
0.038032
0.032199
0.030421
0.054507
0.085121
0.083039
0.083538
0.098391
0.060135
0.067466
0.042223
0.071139
0.066281
0.080412
0.080549
0.083639
0.067222
0.074805
0.102589
0.093508
0.093405
0.103873
0.110533
0.054289
0.091117
0.069990
0.086196
0.066451
0.065622
0.042997
0.115573
0.108735
0.105585
0.107064
0.093659
0.107185
0.087759
0.069963
0.062134
0.086639
0.090972
0.095267
0.079524
0.078242
0.088511
0.082765
0.091599
0.082025
0.087535
0.091870
0.080486
0.087157
0.129300
0.047721
0.077903
0.068082
0.074362
0.068150
0.063905
0.041203
0.076782
0.093483
0.095336
0.087334
0.059611
0.070242
0.066380
0.064173
0.079305
0.080520
0.070165
0.069915
0.070770
0.072117
0.086957
0.072547
0.068717
0.077377
0.061535
0.082144
0.110522
0.091464
0.076498
0.100040
0.092321
0.107225
0.077547
0.117681
0.090841
0.095408
0.098078
0.085880
0.097659
0.080541
0.108936
0.088616
0.077377
0.091932
0.050918
0.078844
0.094204
0.085062
0.084519
0.093356
0.081698
0.118372
0.095626
0.089192
0.088270
0.099408
0.098022
0.086601
0.093631
0.088590
