0.013376
1.402456
0.044900
0.075451
0.053387
0.033907
0.046114
0.048253
0.054385
0.047223
0.035857
0.036823
0.054682
0.053609
0.045608
0.053380
0.063807
0.062606
0.034016
0.050116
0.062805
0.033948
0.050834
0.048424
0.054203
0.052542
0.045294
0.056751
0.029606
0.039575
0.044341
0.034814
0.038558
0.029864
0.032045
0.050425
0.066263
0.051837
0.046659
0.051909
0.022412
0.039210
0.046268
0.038479
0.039099
0.063106
0.055015
0.042832
0.050593
0.042676
0.043140
0.050768
0.061330
0.052543
0.067499
0.049162
0.079885
0.062677
0.053917
0.036098
0.053245
0.036400
0.055703
0.050219
0.058201
0.057421
0.040943
0.069746
0.088250
0.079811
0.054778
0.038737
0.054634
0.037588
0.064983
0.049311
0.046584
0.062284
0.054279
0.035701
0.036250
0.054776
0.040488
0.055114
0.048546
0.059434
0.058808
0.069494
0.062672
0.039961
0.037966
0.041200
0.065933
0.059423
0.061103
0.038135
0.038941
0.046824
0.045507
0.044770
0.043398
0.052987
0.042849
0.050672
0.049217
0.044147
0.044226
0.039739
0.032073
0.042778
0.047276
0.047634
0.049726
0.051296
0.054308
0.061881
0.058850
0.047453
0.052668
0.037026
0.062551
0.051491
0.043983
0.031543
0.045273
0.051909
0.048285
0.050704
0.038578
0.031839
0.044731
0.036692
0.046102
0.049340
0.033676
0.050853
0.043857
0.053249
0.051949
0.052344
0.033434
0.049492
0.054570
0.049425
0.037042
0.066888
0.056967
0.039332
0.048112
0.043887
0.055904
0.046906
0.054860
0.039899
0.040709
0.065417
0.068877
0.044541
0.060440
0.057701
0.052104
0.047693
0.055542
0.042916
0.051788
0.046338
0.038155
0.040967
0.054012
0.057996
0.052981
0.074778
0.045346
0.057849
0.056574
0.043749
0.067335
0.046406
0.020544
0.043357
0.049400
0.027855
0.054708
0.064720
0.062870
0.039136
0.050536
0.046426
0.047750
0.039688
0.054438
0.042911
0.051806
0.046991
0.052480
0.056259
0.059391
0.045939
0.037657
0.028391
0.027054
0.037631
0.056738
0.042019
0.050050
0.050606
0.051458
0.033229
0.027050
0.046871
0.044120
0.050391
0.046634
0.041775
0.060282
0.056899
0.047422
0.043206
0.032365
0.052736
0.041925
0.039236
0.062702
0.047060
0.040269
0.046503
0.047728
0.062522
0.043250
0.040320
0.056002
0.060662
0.044539
0.053628
0.053918
0.037838
0.034015
0.034755
0.046009
0.047871
0.064778
0.051649
0.047802
0.049164
0.038772
0.048008
0.037336
0.049978
0.048005
0.035508
0.041695
0.076152
0.041600
0.042130
0.049319
0.032980
0.052658
0.045555
0.046022
0.037738
0.051761
0.043910
0.039638
0.032826
0.042295
0.042039
0.044948
0.052811
0.054870
0.044227
0.018836
0.066145
0.043224
0.066782
0.047580
0.044318
0.047281
0.046386
0.039885
0.049357
0.045163
0.038739
0.035346
0.049705
0.052850
0.057473
0.029745
0.042371
0.052504
0.061305
0.058658
0.037545
0.042114
0.027347
0.048381
0.047904
0.041860
0.037992
0.061538
0.055638
0.049965
0.037957
0.051620
0.054068
0.038204
0.024066
0.047190
0.052554
0.054638
0.052850
0.036978
0.036695
0.052711
0.040384
0.041538
0.031959
0.040392
0.049342
0.046845
0.047498
0.036364
0.046544
0.040157
0.039753
0.051519
0.048399
0.040037
0.047616
0.036160
0.047467
0.051049
0.029697
0.044082
0.049096
0.047428
0.048947
0.051151
0.042790
0.042492
0.050375
0.033184
0.040498
0.055056
0.052554
0.054919
0.041109
0.027149
0.063233
0.035576
0.037994
0.025520
0.044593
0.044285
0.049092
0.037933
0.057764
0.051972
0.044220
0.041729
0.048503
0.053531
0.023543
0.038638
0.064919
0.036654
0.051101
0.049002
0.040514
0.056909
0.043882
0.056817
0.045056
0.035781
0.037798
0.036716
0.036420
0.047004
0.059003
0.052769
0.048819
0.046672
0.059347
0.031218
0.037370
0.037323
0.035373
0.036661
0.049030
0.053959
0.050745
0.054158
0.054808
0.057673
0.061208
0.053425
0.047122
0.035995
0.048961
0.052773
0.041344
0.042770
0.048366
0.045067
0.055368
0.055382
0.054204
0.040338
0.048861
0.042152
0.054701
0.044176
0.044421
0.048490
0.050589
0.050982
0.054302
0.046150
0.047673
0.038075
0.055691
0.054855
0.053710
0.060821
0.074223
0.055222
0.051907
0.038657
0.070593
0.045122
0.028003
0.051808
0.040936
0.053144
0.048641
0.052346
0.045253
0.054916
0.051687
0.050075
0.033963
0.048834
0.038106
0.052507
0.045640
0.030181
0.035025
0.055654
0.032076
0.043477
0.055297
0.043854
0.052325
0.049299
0.043664
0.034342
0.042163
0.027830
0.049986
0.044103
0.048011
0.047518
0.053130
0.097506
0.045410
0.059309
0.035124
0.047033
0.052629
0.056176
0.056033
0.050990
0.051322
0.048795
0.045864
0.046507
0.037025
0.046547
0.056468
0.054330
0.045354
0.061803
0.036343
0.053028
0.046908
0.057460
0.039016
0.041900
0.043734
0.053697
0.040965
0.045452
0.035572
0.046173
0.041749
0.033890
0.053524
0.034978
0.046226
0.039885
0.051390
0.038552
0.042141
0.037989
0.045620
0.049013
0.026274
0.041889
0.038272
0.037303
0.034042
0.042590
0.052580
0.051796
0.044544
0.045947
0.055948
0.041344
0.041044
0.048899
0.054826
0.050654
0.039443
0.044388
0.048713
0.048297
0.063836
0.034355
0.042674
0.052152
0.041822
0.044420
0.035446
0.041590
0.041127
0.046171
0.047034
0.053534
0.040930
0.045917
0.047911
0.043167
0.043999
0.050456
0.035603
0.049798
0.046029
0.060283
0.037895
0.043950
0.044046
0.044888
0.044662
0.039991
0.049294
0.042832
0.042800
0.037363
0.036728
0.031640
0.036172
0.059711
0.049823
0.051736
0.055158
0.040514
0.039327
0.031910
0.048269
0.044485
0.043095
0.038267
0.033379
0.049022
0.044540
0.044191
0.031416
0.027339
0.039078
0.045238
0.037891
0.047830
0.050186
0.035027
0.053441
0.034936
0.054412
0.043942
0.045971
0.034496
0.026721
0.037694
0.042099
0.031183
0.047025
0.035420
0.048701
0.042361
0.051108
0.040189
0.037971
0.045665
0.051484
0.042828
0.033834
0.033681
0.036406
0.049382
0.033218
0.051675
0.044456
0.041683
0.044480
0.052309
0.057666
0.065222
0.045537
0.053545
0.046629
0.046996
0.056641
0.052709
0.042486
0.026899
0.041063
0.053638
0.037768
0.029140
0.055824
0.047306
0.045170
0.047626
0.049114
0.064483
0.047172
0.059228
0.050291
0.047382
0.045711
0.046799
0.050217
0.046774
0.042548
0.048025
0.036334
0.044907
0.044221
0.046867
0.050737
0.044081
0.023197
0.038275
0.047009
0.027673
0.057401
0.049240
0.040977
0.036107
0.047415
0.038156
0.037685
0.043345
0.043748
0.035861
0.050801
0.037322
0.044369
0.033347
0.044515
0.049880
0.043142
0.048437
0.040681
0.025261
0.041900
0.036731
0.040964
0.035955
0.054440
0.050137
0.060601
0.042341
0.032354
0.040029
0.041806
0.070106
0.065187
0.041527
0.045460
0.051347
0.040565
0.053993
0.044699
0.045764
0.046013
0.042693
0.032148
0.046313
0.054020
0.053048
0.038986
0.026060
0.046354
0.044252
0.031248
0.040420
0.050851
0.036610
0.036809
0.050875
0.044055
0.054291
0.055820
0.044274
0.053839
0.059556
0.036747
0.050169
0.055797
0.060539
0.054842
0.039463
0.051331
0.041070
0.038566
0.052611
0.044279
0.041986
0.038324
0.034453
0.040146
0.048055
0.042993
0.053174
0.054429
0.059524
0.055743
0.060270
0.039368
0.047774
0.035271
0.032526
0.062212
0.042090
0.036874
0.051275
0.056852
0.057570
0.057797
0.059931
0.082184
0.038836
0.045008
0.031677
0.065865
0.037431
0.048841
0.036519
0.035461
0.044216
0.063468
0.051592
0.038275
0.044583
0.057781
0.032695
0.032544
0.051717
0.048969
0.043527
0.047293
0.052728
0.055077
0.062255
0.052916
0.035648
0.054144
0.051577
0.045812
0.058224
0.042955
0.052760
0.043966
0.044787
0.047387
0.073009
0.037389
0.038261
0.036496
0.035871
0.027732
0.039514
0.053186
0.061040
0.058536
0.031615
0.051593
0.060678
0.036833
0.044658
0.045784
0.056317
0.029574
0.050878
0.029347
0.038279
0.047424
0.058116
0.049036
0.046927
0.069010
0.053916
0.055744
0.049594
0.052787
0.048859
0.036415
0.042576
0.054867
0.040375
0.050142
0.039927
0.048033
0.063167
0.056494
0.046620
0.042917
0.055816
0.104893
0.040028
0.039725
0.056278
0.065035
0.047044
0.033229
0.058815
0.038566
0.041151
0.049613
0.031817
0.037084
0.045997
0.053431
0.048532
0.058423
0.047431
0.051010
0.047334
0.041120
0.042488
0.052848
0.048605
0.055115
0.032062
0.043585
0.029884
0.050194
0.043916
0.048303
0.044682
0.037524
0.048484
0.046612
0.054989
0.055725
0.059908
0.059035
0.054054
0.056792
0.061397
0.042136
0.047441
0.034398
0.045689
0.036273
0.040560
0.050890
0.058919
0.051627
0.064784
0.050819
0.042457
0.026870
0.046544
0.051211
0.060874
0.053612
0.034827
0.034525
0.046038
0.047795
0.054302
0.046444
0.053077
0.049350
0.076554
0.048791
0.053683
0.043869
0.035037
0.044855
0.043312
0.057046
0.060347
0.055897
0.047622
0.056216
0.043240
0.047873
0.043257
0.039790
0.036434
0.041932
0.041512
0.053524
0.038978
0.037949
0.037863
0.042981
0.048175
0.035470
0.066406
0.055091
0.036108
0.041761
0.036485
0.038927
0.044335
0.039382
0.039226
0.070805
0.043582
0.061211
0.055650
0.049740
0.036215
0.031699
0.045066
0.041598
0.037541
0.042252
0.031174
0.042814
0.044880
0.045337
0.048903
0.042416
0.044675
0.038879
0.032558
0.044516
0.048802
0.042938
0.028437
0.057812
0.033528
0.070423
0.052159
0.044042
0.067791
0.061203
0.050626
0.055572
0.030191
0.051671
0.065145
0.042442
0.031353
0.055672
0.053728
0.047827
0.046736
0.045513
0.033105
0.062807
0.065189
0.042864
0.058388
0.042285
0.028496
0.065113
0.044848
0.061058
0.051156
0.028331
0.046169
0.045493
0.045299
0.050144
0.044370
0.054223
0.040893
0.066707
0.042053
0.046260
0.050638
0.056764
0.069198
0.042312
0.052867
0.037841
0.039653
0.067425
0.041284
0.030480
0.046852
0.063033
0.047290
0.060033
0.052641
0.036678
0.043384
0.053695
0.046622
0.055824
0.053033
0.054962
0.056754
0.045008
0.047170
0.047546
0.045723
0.047137
0.073134
0.068519
0.063067
0.058002
0.074228
0.041972
0.035261
0.050231
0.043668
0.057308
0.055648
0.030778
0.044313
0.045052
0.068936
0.050438
0.048208
0.068492
0.043831
0.060246
0.054791
0.073616
0.032833
0.065310
0.057623
0.045713
0.049827
0.039105
0.051271
0.028119
0.041529
0.043060
0.036469
0.038339
0.041643
0.043551
0.052931
0.039516
0.033333
0.051451
0.039452
0.046975
0.043257
0.043221
0.045879
0.044239
0.036465
0.036423
0.032900
0.056654
0.039966
0.058509
0.065151
0.031568
0.032243
0.031302
0.039163
0.053302
0.039436
0.037682
0.048544
0.046374
0.043642
0.053637
0.041327
0.046742
0.031695
0.028064
0.036566
0.037039
0.038367
0.035214
0.040492
0.050684
0.046428
0.051856
0.051127
0.044260
0.055696
0.056090
0.047549
0.044402
0.053560
0.045003
0.040161
0.056468
0.037856
0.049560
0.055772
0.049286
0.054407
0.053594
0.043643
0.052919
0.029655
0.039480
0.045909
0.035690
0.031172
0.039102
0.040106
0.033992
0.041644
0.060217
0.049645
0.036136
0.033577
0.032496
0.050610
0.050838
0.051280
0.047279
0.048103
0.046719
0.049215
0.054136
0.057719
0.040380
0.050863
0.039594
0.051225
0.047216
0.048045
0.043311
0.052937
0.061972
0.050701
0.058037
0.054225
0.054623
0.057276
0.050755
0.051359
0.051069
0.060196
0.042686
0.049988
0.040073
0.033487
0.030191
0.046234
0.043255
0.041133
0.051567
0.065526
0.066632
0.053333
0.048856
0.058742
0.044480
0.041902
0.046714
0.054256
0.058314
0.042700
0.024319
0.056581
0.049898
0.043915
0.062328
0.038011
0.037094
0.069094
0.056451
0.046809
0.042218
0.049924
0.037273
0.044556
0.040028
0.038680
0.053793
0.048511
0.046122
0.033851
0.047442
0.041103
0.042504
0.055766
0.049941
0.048556
0.054308
0.029928
0.042432
0.049525
0.051982
0.036826
0.035039
0.040332
0.041698
0.038178
0.045599
0.038242
0.044895
0.052085
0.039216
0.045554
0.044072
0.058362
0.061151
0.049624
0.056644
0.028321
0.032048
0.029300
0.042942
0.050192
0.038471
0.040749
0.032893
0.036350
0.038460
0.038663
0.037364
0.049207
0.039817
0.058691
0.036561
0.060726
0.059197
0.055229
0.045700
0.033813
0.051468
0.039276
0.051684
0.069568
0.055773
0.045712
0.050244
0.053196
0.040651
0.055089
0.035802
0.041005
0.044280
0.037569
0.042441
0.046414
0.043102
0.034537
0.053505
0.055391
0.038432
0.051738
0.042547
0.068054
0.042197
0.055599
0.042495
0.056868
0.039648
0.042236
0.046513
0.049201
0.049632
0.052141
0.047968
0.047554
0.039716
0.049295
0.046384
0.049438
0.051121
0.037962
0.030562
0.032986
0.031459
0.037314
0.039347
0.036169
0.036931
0.050083
0.049248
0.042311
0.039628
0.038449
0.042000
0.053293
0.051636
0.047223
0.066183
0.063065
0.051991
0.038961
0.048612
0.039299
0.058174
0.050328
0.045850
0.033400
0.049996
0.047148
0.053218
0.040693
0.035368
0.070746
0.059620
0.066898
0.037943
0.041014
0.038618
0.034068
0.040063
0.038829
0.056262
0.043186
0.039613
0.056869
0.044324
0.069556
0.042408
0.034731
0.041919
0.027254
0.056000
0.046324
0.042306
0.036378
0.057747
0.064779
0.058199
0.053796
0.046307
0.039752
0.041744
0.039998
0.042254
0.042827
0.064599
0.052776
0.063419
0.047352
0.057134
0.053397
0.038562
0.067384
0.024224
0.043914
0.047142
0.038710
0.036205
0.052908
0.057289
0.046605
0.051221
0.039859
0.045245
0.054578
0.046604
0.064407
0.045310
0.040986
0.054407
0.047248
0.054334
0.054542
0.050847
0.036293
0.061451
0.054783
0.059580
0.049712
0.058438
0.081250
0.050657
0.033470
0.037470
0.040314
0.037065
0.043954
0.032326
0.037937
0.037459
0.037873
0.052410
0.062947
0.066367
0.053595
0.042802
0.045418
0.033826
0.035658
0.039585
0.042756
0.045465
0.060096
0.039460
0.039891
0.045917
0.039762
0.044528
0.039986
0.038077
0.052920
0.040573
0.071057
0.049644
0.057878
0.045631
0.039987
0.048286
0.049223
0.050093
0.045839
0.056968
0.052626
0.044801
0.047245
0.054060
0.044549
0.034015
0.036504
0.039474
0.045558
0.025660
0.041073
0.042054
0.044667
0.057831
0.054080
0.045589
0.042162
0.056124
0.059114
0.040219
0.050582
0.046144
0.049269
0.047113
0.034086
0.050213
0.045298
0.056875
0.049700
0.062972
0.050634
0.049987
0.045352
0.050504
0.056382
0.050632
0.068409
0.032449
0.047813
0.047962
0.038291
0.049337
0.048669
0.027210
0.028150
0.044313
0.042794
0.033052
0.044846
0.025233
0.038841
0.044807
0.042844
0.049907
0.041739
0.044904
0.032761
0.046449
0.042819
0.048292
0.049527
0.051289
0.045736
0.034064
0.044287
0.051425
0.039412
0.033074
0.045449
0.042794
0.050919
0.030213
0.033572
0.058231
0.057025
0.065030
0.046697
0.039513
0.046837
0.046194
0.040575
0.075032
0.043397
0.040528
0.032601
0.033955
0.048041
0.028998
0.037715
0.053167
0.050694
0.052291
0.069021
0.050156
0.059238
0.028451
0.045815
0.054029
0.056223
0.058860
0.042241
0.048448
0.054226
0.053925
0.050978
0.046019
0.041139
0.036861
0.049900
0.046213
0.038137
0.056053
0.048803
0.052614
0.067188
0.052451
0.059217
0.043043
0.049019
0.073795
0.055058
0.046967
0.042528
0.064743
0.039744
0.043629
0.052213
0.057317
0.062931
0.058355
0.053569
0.051014
0.048645
0.038929
0.035082
0.046057
0.054968
0.062317
0.049497
0.048095
0.048196
0.046002
0.032704
0.072704
0.045535
0.056313
0.050107
0.049473
0.030572
0.042800
0.036068
0.029390
0.041574
0.042744
0.031682
0.033066
0.046734
0.053668
0.047399
0.045773
0.037301
0.052716
0.054644
0.054353
0.055627
0.033967
0.065518
0.066820
0.047088
0.050140
0.044057
0.038831
0.057616
0.050849
0.052905
0.040813
0.036974
0.042410
0.027102
0.052051
0.038704
0.050126
0.040019
0.040613
0.023440
0.036259
0.034347
0.033539
0.049694
0.043707
0.020782
0.037314
0.048949
0.061546
0.041161
0.044735
0.032356
0.041990
0.047019
0.049634
0.055952
0.065725
0.060512
0.048671
0.050011
0.046151
0.062419
0.053956
0.046517
0.072192
0.045302
0.042442
0.056686
0.039421
0.073941
0.036458
0.051058
0.032178
0.035639
0.045941
0.051090
0.050328
0.039309
0.044108
0.049670
0.041857
0.052173
0.053182
0.040073
0.030978
0.029380
0.045817
0.046313
0.035403
0.050296
0.024526
0.053454
0.028038
0.035472
0.054369
0.046453
0.025412
0.045526
0.052489
0.046624
0.030287
0.039370
0.039853
0.049222
0.050814
0.047596
0.029155
0.034359
0.039314
0.046733
0.042908
0.044538
0.050050
0.050487
0.047817
0.056216
0.041519
0.051107
0.044634
0.069215
0.052145
0.043343
0.046229
0.029263
0.031704
0.028963
0.034484
0.034308
0.038080
0.058886
0.044460
0.053355
0.044284
0.041609
0.039507
0.034621
0.042242
0.028337
0.037740
0.033167
0.032670
0.043570
0.075854
0.036481
0.049735
0.040196
0.053228
0.058952
0.057800
0.033645
0.050062
0.052386
0.066347
0.040101
0.048605
0.023305
0.035329
0.057882
0.035304
0.042120
0.035956
0.050978
0.042389
0.046111
0.038727
0.050567
0.042204
0.044311
0.050526
0.047147
0.052544
0.058190
0.060226
0.050941
0.040739
0.040630
0.053383
0.060493
0.026916
0.050545
0.043047
0.030214
0.035425
0.057838
0.051947
0.049274
0.035927
0.044272
0.035337
0.036309
0.025431
0.035389
0.045998
0.036566
0.035834
0.032960
0.042469
0.026659
0.059546
0.048281
0.052798
0.050993
0.037148
0.038600
0.044595
0.043102
0.052714
0.044744
0.040928
0.045004
0.037868
0.028373
0.032927
0.024899
0.044979
0.051071
0.051591
0.053325
0.048771
0.041520
0.046083
0.056573
0.041651
0.051528
0.071660
0.067224
0.041103
0.031715
0.043988
0.037734
0.049402
0.037243
0.047538
0.037794
0.059782
0.055559
0.053734
0.049181
0.050624
0.052614
0.050868
0.025926
0.058499
0.071592
0.039527
0.055168
0.067667
0.060046
0.045615
0.062648
0.050410
0.053109
0.038001
0.058563
0.043655
0.055728
0.034925
0.036312
0.053862
0.037577
0.026725
0.028382
0.041982
0.051302
0.049991
0.055838
0.029946
0.027497
0.034290
0.030052
0.048763
0.056343
0.045802
0.047834
0.060960
0.065252
0.069838
0.035263
0.072424
0.040495
0.065441
0.049683
0.054826
0.054652
0.040262
0.045093
0.035152
0.046558
0.038437
0.035434
0.058455
0.048845
0.053303
0.037323
0.043247
0.045395
0.046173
0.053691
0.053880
0.054661
0.039385
0.038159
0.041327
0.049721
0.044983
0.047110
0.052833
0.057156
0.044884
0.066965
0.058964
0.062267
0.047392
0.033291
0.036863
0.057726
0.033929
0.061225
0.064866
0.041010
0.078930
0.082035
0.047424
0.037749
0.049383
0.057325
0.040283
0.051874
0.062017
0.051147
0.053143
0.043449
0.036873
0.051535
0.059762
0.072820
0.054509
0.057101
0.055042
0.060166
0.045451
0.061114
0.082752
0.047580
0.037736
0.045533
0.067801
0.041867
0.061358
0.075293
0.049230
0.042950
0.030154
0.036903
0.041717
0.048490
0.055039
0.065585
0.054913
0.038897
0.049839
0.054925
0.044030
0.040269
0.048146
0.047995
0.047643
0.049172
0.045157
0.051400
0.029716
0.036107
0.034385
0.056913
0.037751
0.047017
0.042492
0.043158
0.053658
0.034889
0.043309
0.029093
0.046713
0.074465
0.057332
0.048499
0.032880
0.036347
0.041425
0.025260
0.044592
0.031844
0.049548
0.038287
0.047989
0.040673
0.048299
0.029598
0.042251
0.046041
0.036418
0.040380
0.033055
0.036155
0.053957
0.037852
0.035538
0.038774
0.046850
0.035991
0.042205
0.040060
0.048164
0.039056
0.057578
0.056014
0.047130
0.046905
0.076249
0.080776
0.065081
0.069738
0.060874
0.066571
0.055949
0.055670
0.037958
0.042447
0.063039
0.056705
0.042970
0.047525
0.056883
0.051251
0.047158
0.040224
0.043300
0.040084
0.047308
0.049734
0.033416
0.040121
0.038280
0.048871
0.061523
0.074907
0.066514
0.085781
0.041872
0.050339
0.047035
0.038566
0.068092
0.038562
0.051113
0.065366
0.042964
0.057493
0.042305
0.058225
0.061356
0.056757
0.042928
0.050754
0.054236
0.054610
0.043342
0.065294
0.044901
0.032171
0.040139
0.036656
0.061851
0.050683
0.043515
0.045247
0.043084
0.038426
