218	61	33	87
220	61	26	74
220	57	27	84
218	57	28	83
217	59	28	62
214	58	35	83
213	55	36	93
210	56	40	86
209	56	42	88
210	54	40	94
207	58	40	91
200	55	51	95
197	54	52	89
199	65	48	94
202	61	45	97
207	62	39	96
209	64	38	95
213	71	34	93
214	75	36	95
218	80	34	91
217	86	37	94
213	92	40	96
211	94	45	97
215	103	43	92
215	107	45	91
216	111	46	87
220	110	43	87
223	113	41	85
227	118	40	80
232	118	37	78
235	121	34	76
236	122	38	73
242	123	34	71
246	120	33	69
250	121	31	65
256	115	29	67
259	114	28	64
263	110	27	64
264	108	28	63
270	106	25	62
272	102	24	63
274	102	24	57
275	98	22	60
278	99	21	55
281	96	18	54
281	94	20	54
281	90	19	53
281	86	21	55
280	87	21	54
281	83	20	51
279	80	24	54
279	78	25	53
277	76	25	53
275	74	26	54
274	73	26	54
274	69	26	56
271	69	28	56
268	67	27	57
265	68	29	58
263	65	30	61
259	64	29	63
257	66	28	63
252	63	29	68
249	64	28	67
243	62	25	70
240	62	25	73
234	61	25	75
229	60	25	73
224	57	26	78
215	58	31	72
211	57	30	77
200	57	33	77
189	50	38	83
186	46	35	85
175	43	39	69
168	36	40	87
161	33	43	87
154	22	41	87
145	17	45	89
151	14	39	64
135	11	52	79
121	17	57	86
117	13	66	87
113	19	64	81
108	13	69	85
109	8	74	82
111	7	72	80
108	9	70	82
112	10	72	79
139	9	62	53
149	11	57	46
144	15	62	44
157	15	55	45
127	39	68	75
137	38	64	88
148	41	56	88
158	46	51	86
164	47	51	91
180	55	38	85
188	59	39	87
197	62	33	84
205	64	32	84
208	68	31	83
213	70	30	80
220	70	28	79
225	75	26	75
233	77	25	73
236	79	25	71
239	79	25	70
242	83	26	68
247	85	25	66
249	86	25	66
253	88	22	62
255	90	22	62
257	93	21	59
260	94	22	57
261	98	21	54
263	100	22	55
265	102	22	53
267	104	22	51
267	104	23	53
268	109	23	51
266	111	24	53
271	114	23	52
269	116	22	52
268	122	23	52
268	125	21	53
267	127	22	55
266	134	21	52
265	137	21	51
265	140	21	54
263	146	21	52
263	150	20	52
222	134	31	31
260	159	20	48
223	132	30	34
256	169	18	40
254	171	18	37
252	175	19	30
250	176	20	29
224	142	33	26
225	132	31	33
225	135	31	32
225	137	30	42
224	134	29	35
227	132	26	33
228	134	26	35
221	180	23	23
217	179	24	25
216	176	24	30
213	173	24	32
210	164	25	42
208	158	26	46
204	155	29	51
200	142	31	60
195	136	35	68
192	129	35	77
188	125	37	76
187	112	36	81
183	113	37	74
184	104	36	76
183	96	37	77
179	86	41	79
178	77	39	78
177	71	40	78
179	73	37	67
184	16	32	58
187	16	29	61
189	14	24	63
186	12	28	60
187	12	28	59
183	12	34	63
183	19	32	71
183	21	27	66
182	22	26	65
182	22	25	49
180	26	26	46
180	30	24	42
179	35	24	34
178	41	25	28
178	42	23	30
179	46	22	26
180	49	22	24
180	54	22	26
181	57	23	30
180	65	25	27
181	68	24	34
180	73	24	38
180	80	24	56
182	85	27	71
183	90	26	73
184	95	27	71
184	102	27	69
186	105	30	70
186	108	29	68
186	112	30	67
187	118	32	67
187	120	33	64
188	123	33	62
191	124	31	63
195	125	29	63
194	127	31	62
198	128	29	59
201	125	27	61
203	126	24	60
204	121	23	62
206	119	22	62
207	117	22	61
208	117	21	60
209	116	22	58
210	109	26	61
209	109	32	56
209	108	34	54
207	101	36	57
208	101	37	54
207	96	36	56
206	93	31	56
203	93	32	57
202	92	28	56
202	92	25	54
202	87	25	54
202	89	24	52
201	89	21	51
201	87	20	52
200	87	21	53
198	88	22	54
197	89	22	53
196	90	22	50
193	91	26	52
189	96	28	51
186	95	31	53
185	100	36	53
185	98	33	55
184	101	36	53
183	101	40	56
185	100	36	59
187	102	33	58
188	102	32	59
188	103	34	62
194	102	32	63
198	102	30	64
201	103	30	66
204	105	28	65
208	106	27	68
213	108	28	66
220	105	26	71
225	105	26	72
229	104	24	73
235	104	25	72
237	100	28	81
242	97	29	80
246	97	33	80
252	94	35	80
258	90	35	84
263	84	35	81
267	80	33	72
269	75	39	83
275	70	40	85
281	67	38	83
284	64	38	81
287	59	33	66
288	56	32	69
290	49	26	43
291	43	24	51
291	38	25	51
292	35	24	54
292	31	25	65
289	28	30	74
288	27	31	75
286	23	28	74
284	19	27	72
283	18	28	70
280	7	26	74
278	5	26	74
277	4	25	73
274	4	26	75
272	2	25	72
268	2	27	73
265	0	27	70
261	0	27	71
257	0	27	70
254	0	29	70
253	0	27	70
248	2	27	70
245	2	27	70
241	18	28	62
235	37	26	47
230	42	27	46
227	25	27	64
223	19	26	70
218	21	27	67
214	24	28	70
210	24	28	71
206	32	28	60
202	36	29	67
193	41	33	73
190	44	34	73
184	50	37	76
179	50	35	80
173	56	40	81
176	62	33	75
171	67	39	79
168	72	38	80
167	77	40	77
173	79	33	81
171	83	35	81
172	87	36	80
172	90	36	81
177	93	35	83
177	99	37	79
180	101	38	80
183	105	33	79
188	109	31	78
191	113	31	75
196	115	30	78
201	121	31	74
203	122	37	73
205	124	33	72
209	126	32	71
213	128	29	68
217	129	27	70
221	129	25	66
224	128	24	66
226	127	25	66
230	128	22	62
231	126	23	62
235	123	23	61
236	121	21	57
236	119	22	58
238	119	21	55
238	116	20	52
240	115	20	55
239	113	21	55
240	110	22	54
236	110	24	54
236	108	23	53
233	108	26	52
232	104	22	55
232	102	22	55
230	101	22	55
228	99	24	57
227	98	26	60
223	97	25	58
219	95	26	59
214	94	31	63
208	93	34	65
205	91	32	66
199	92	30	70
192	95	34	68
187	94	32	73
179	95	39	72
172	95	34	77
168	95	30	80
156	95	32	79
147	89	34	87
135	89	37	88
129	93	38	82
119	92	37	86
91	46	37	58
87	48	44	54
83	47	47	55
82	76	53	92
77	53	55	107
72	54	59	102
69	48	57	106
66	44	58	109
64	44	57	109
61	47	57	108
62	47	56	101
60	48	52	102
58	43	56	107
55	43	58	110
63	49	53	102
74	56	44	92
90	59	38	91
89	61	45	97
92	63	47	97
94	71	52	95
99	74	53	93
108	78	46	93
116	80	43	91
121	82	41	90
130	85	37	90
137	86	33	89
147	89	31	86
151	93	29	85
159	93	28	82
164	95	28	80
169	97	28	76
174	99	29	74
180	98	28	74
188	99	35	70
192	98	33	70
195	100	29	64
215	133	50	31
202	93	34	56
203	94	34	54
205	92	31	59
207	92	31	54
209	93	33	53
216	130	44	34
220	130	42	33
219	129	42	34
218	126	41	36
216	85	24	55
217	80	22	50
216	79	22	51
216	79	25	52
215	76	26	52
215	75	24	55
213	70	22	55
212	71	22	54
212	71	21	54
210	69	21	55
208	68	21	56
206	68	20	57
203	67	22	60
201	68	22	59
195	66	23	61
191	68	24	60
188	64	24	66
183	65	27	65
166	57	38	80
143	45	52	77
145	48	45	69
144	42	40	78
134	42	46	57
130	40	41	55
126	41	46	58
120	40	48	62
130	75	45	74
126	68	46	82
111	37	51	74
113	52	47	95
103	45	52	101
95	43	57	100
93	42	56	107
92	49	51	95
93	49	50	94
97	47	42	97
104	44	37	97
100	45	37	98
98	47	39	96
97	53	45	93
97	54	52	93
98	58	53	86
99	61	55	88
100	60	59	90
104	60	59	89
111	65	53	89
117	67	49	88
126	73	39	84
129	76	38	83
136	77	31	87
141	81	32	86
143	84	35	84
149	89	36	81
151	95	40	78
157	94	39	79
164	98	39	77
168	99	34	77
179	102	29	74
184	102	26	74
188	103	28	72
191	106	28	68
196	103	27	68
200	104	27	68
206	102	27	65
209	108	47	58
210	105	43	61
212	106	48	60
212	104	47	57
212	101	43	58
211	96	36	57
211	92	35	60
211	89	37	63
214	101	43	61
214	93	46	63
216	87	37	65
222	127	45	33
218	80	26	61
216	78	28	58
214	79	26	60
213	77	27	60
211	77	28	58
207	73	28	61
203	71	29	59
200	70	32	59
195	69	33	58
191	66	35	60
188	65	33	61
178	64	39	62
167	49	39	72
165	50	40	71
169	52	34	68
167	52	34	67
163	53	37	67
157	52	41	67
159	55	39	68
155	52	40	69
153	51	40	73
150	51	38	73
152	49	32	79
147	50	32	78
146	49	31	82
143	50	30	81
141	52	29	80
137	56	31	79
135	59	32	83
131	64	32	77
130	64	31	82
128	65	33	80
127	66	34	82
122	82	37	81
122	83	36	83
118	97	37	81
115	100	43	82
112	113	45	76
112	108	50	84
111	112	51	83
113	119	52	81
115	123	53	79
118	127	51	79
121	134	52	77
126	129	51	79
134	134	45	78
141	141	37	76
146	149	33	72
151	154	29	68
155	158	26	66
159	162	27	60
162	164	27	56
165	166	27	53
170	169	25	49
175	170	25	47
182	173	25	42
187	174	23	38
193	173	22	34
196	173	22	36
199	173	22	32
203	171	19	37
204	170	21	36
208	168	20	34
210	164	21	39
213	160	21	42
215	156	22	46
219	148	24	50
219	147	21	53
219	146	22	54
222	142	22	52
223	140	23	52
224	133	36	52
224	132	35	50
222	125	30	54
219	121	31	54
218	120	32	53
218	117	31	53
217	110	31	55
216	105	32	55
214	97	31	59
215	95	30	57
213	89	27	59
214	83	27	64
213	79	24	58
213	75	23	58
211	72	24	58
206	64	26	62
204	59	28	65
202	51	27	61
200	44	28	65
198	37	26	63
195	40	25	59
179	25	39	67
169	27	48	69
165	21	49	71
169	21	41	70
170	12	39	75
162	8	47	80
159	5	55	82
160	5	44	80
158	6	44	72
151	4	50	77
145	1	56	82
145	3	50	81
141	4	58	76
143	8	49	70
123	27	52	72
124	13	54	77
116	33	55	69
114	23	54	70
95	49	34	57
135	23	46	56
133	27	45	54
123	32	50	65
125	28	51	71
129	30	48	75
132	25	49	83
134	29	46	87
138	27	44	94
138	41	43	84
143	43	40	86
147	48	35	88
149	58	36	88
152	61	36	90
157	69	32	87
158	77	32	86
162	85	29	84
167	91	29	82
171	99	30	82
175	107	27	78
176	111	29	76
181	118	27	74
185	122	26	73
190	127	25	70
193	129	25	72
195	133	27	70
199	137	27	68
202	140	27	67
205	142	28	62
206	145	32	59
207	146	34	58
211	143	36	60
214	144	37	61
216	146	29	56
217	149	24	53
222	148	24	52
224	148	22	52
225	146	26	54
223	140	32	62
225	142	30	59
221	144	32	58
220	149	27	52
218	149	31	52
217	150	29	51
215	149	33	50
210	150	29	51
214	151	27	51
215	148	24	52
213	147	21	52
214	143	21	55
212	139	21	58
210	139	22	59
207	140	23	56
204	138	25	56
202	130	24	59
199	126	26	60
197	123	27	59
194	117	28	58
190	114	30	62
191	108	28	62
187	105	30	61
185	103	30	61
183	98	26	63
181	88	28	67
177	84	28	68
173	83	28	65
172	81	26	64
163	47	27	57
163	46	26	61
160	49	28	60
157	46	29	60
155	44	30	63
153	43	30	63
153	87	29	66
148	46	29	63
145	48	28	61
139	47	31	65
134	45	32	63
142	106	29	61
138	117	32	55
136	116	34	60
134	119	37	61
131	122	38	59
130	124	37	61
130	130	37	61
131	134	35	57
132	137	34	57
131	139	32	58
134	140	32	59
136	144	27	59
137	147	27	58
140	150	24	55
140	152	23	57
141	154	23	56
144	157	22	54
147	159	22	55
149	160	22	55
152	161	21	54
155	161	21	55
156	162	21	55
161	161	20	56
163	159	22	57
164	161	21	54
168	158	21	54
171	156	23	55
176	155	23	55
177	152	25	56
180	149	27	56
184	147	25	56
190	142	26	57
192	141	26	56
196	138	26	57
201	134	26	60
204	128	22	59
208	129	22	56
213	121	23	59
215	121	23	58
216	113	23	61
217	115	25	59
219	109	28	60
219	107	34	61
221	102	33	60
221	99	36	61
223	91	34	65
221	84	34	66
220	81	35	66
220	72	32	68
221	60	32	71
220	59	33	68
222	42	29	78
223	50	27	69
222	44	28	67
224	33	27	68
218	33	27	68
218	34	27	68
212	25	32	73
207	25	38	72
201	23	41	71
195	22	41	73
194	16	40	76
180	17	45	77
182	16	43	74
185	9	37	81
177	10	45	78
173	9	38	83
168	13	48	78
164	13	45	79
161	17	40	79
159	19	42	78
158	23	43	81
154	22	41	80
150	26	41	81
146	29	41	81
142	30	43	85
141	36	46	80
137	36	48	83
133	48	48	72
131	37	47	92
126	36	48	101
122	50	41	90
122	48	39	92
123	46	41	99
121	49	42	90
122	44	40	82
119	44	40	78
118	44	42	72
103	77	41	89
100	96	38	75
96	100	37	73
93	102	36	69
92	106	35	67
89	109	36	68
89	111	35	67
90	118	31	59
90	118	31	62
87	119	33	64
89	124	29	61
90	124	27	61
90	126	27	64
90	130	25	62
91	130	25	60
93	129	24	61
94	131	24	60
96	132	25	62
98	134	25	62
100	137	26	62
104	136	25	65
107	139	25	64
110	141	24	63
111	143	25	63
114	144	24	63
118	144	23	64
120	145	24	65
124	146	24	64
128	143	23	66
131	143	24	67
134	140	25	68
140	136	25	67
141	134	27	69
145	132	27	69
151	129	26	70
155	126	25	66
160	122	28	69
165	117	26	66
170	112	26	67
176	104	26	69
181	103	24	66
184	93	26	69
187	95	29	65
166	41	31	54
167	44	36	53
171	46	37	54
174	46	46	78
171	44	48	78
170	42	52	77
171	40	52	73
174	40	56	74
171	36	54	74
168	29	57	78
172	32	53	74
169	32	51	70
162	34	54	69
155	34	55	67
151	34	56	72
144	34	61	71
144	31	57	74
138	28	65	82
134	34	69	78
133	32	64	78
127	33	68	83
127	36	66	83
125	35	63	85
124	43	60	85
118	49	60	82
113	57	52	73
112	58	50	68
108	62	52	81
97	64	51	70
100	74	46	78
87	45	46	66
94	73	38	97
92	94	33	81
87	98	34	85
78	101	38	88
70	105	40	87
64	112	42	83
59	123	42	79
53	127	45	81
51	133	46	77
51	135	43	72
52	134	44	69
49	134	45	74
48	139	47	75
50	140	42	76
53	140	43	75
57	137	39	80
61	139	40	79
67	138	39	80
70	139	39	79
74	143	40	76
78	145	42	73
84	144	42	72
91	143	40	72
95	139	40	74
103	136	38	75
110	134	39	75
120	127	35	75
128	128	30	71
134	123	32	73
142	120	31	69
151	114	30	70
156	111	30	69
161	110	28	66
168	102	29	67
174	99	27	63
181	92	26	65
183	88	26	64
189	83	25	63
195	74	23	62
199	73	22	60
204	69	22	58
205	65	23	57
207	59	23	59
210	57	25	58
212	47	29	60
214	48	27	60
216	36	26	67
216	35	25	66
218	38	25	65
218	27	26	66
218	25	28	67
218	29	30	62
216	18	23	43
216	20	23	41
214	21	25	43
211	22	27	43
208	36	36	67
207	24	32	64
204	23	31	45
199	22	34	45
194	23	34	45
192	24	34	44
188	22	33	44
183	25	31	44
177	25	33	43
171	24	36	43
163	24	38	44
159	20	35	47
151	15	41	51
141	11	45	53
133	5	42	55
124	0	42	43
103	6	52	53
91	4	54	58
92	0	48	48
42	58	54	40
64	3	58	64
38	7	74	78
26	4	75	78
25	0	69	79
27	0	60	78
15	0	67	77
15	0	64	78
17	3	63	72
15	0	67	78
18	2	68	81
24	4	68	77
29	3	68	80
37	3	64	82
42	7	63	77
37	5	74	83
33	6	81	85
34	8	89	87
39	13	85	85
41	19	90	82
48	20	89	83
55	23	83	82
64	26	80	80
70	29	81	81
86	31	64	80
108	38	51	74
131	41	39	70
145	45	30	71
149	49	29	68
160	49	26	70
165	52	24	67
169	54	24	67
172	59	23	64
176	63	24	62
180	66	24	61
182	69	25	60
134	57	25	46
186	77	24	56
189	81	23	53
192	81	23	55
192	84	24	53
196	88	22	50
200	89	21	48
201	90	21	50
204	93	21	53
207	95	21	51
208	94	31	56
210	99	30	51
212	103	23	50
212	103	22	51
214	105	20	50
215	109	21	49
215	111	22	50
216	114	21	49
215	117	22	49
216	121	20	48
216	121	22	51
217	129	22	47
217	128	23	50
217	129	23	51
216	131	23	52
216	132	23	55
216	134	24	56
216	135	22	56
216	139	23	57
214	138	23	58
212	140	22	58
213	143	22	58
207	145	24	56
206	147	24	57
203	147	27	59
201	149	25	58
198	144	27	62
198	143	28	62
196	144	28	59
194	142	30	60
191	141	34	61
191	138	27	62
190	139	27	58
188	134	30	61
187	133	30	60
186	130	26	61
187	126	25	61
188	122	22	58
189	115	21	60
185	117	24	62
184	115	24	64
183	113	24	62
183	110	23	63
181	109	24	63
182	109	23	60
181	106	24	60
181	105	23	61
179	102	25	61
180	100	23	61
180	97	22	63
179	97	22	61
176	92	22	63
177	95	21	59
175	92	22	60
173	92	21	56
170	91	22	58
171	84	22	60
168	86	23	60
168	86	23	57
166	84	22	57
165	85	22	55
163	86	22	57
161	86	22	56
160	88	22	53
157	90	24	55
154	92	26	56
152	96	26	54
150	98	26	55
149	99	25	54
146	101	29	55
143	110	28	54
143	108	28	57
141	109	30	55
141	114	30	55
139	116	30	56
138	122	30	56
137	123	30	58
138	129	30	57
137	131	31	58
139	134	29	59
138	137	31	58
139	139	31	60
140	142	32	62
140	145	33	61
141	149	34	59
144	152	35	60
146	154	34	60
147	156	36	61
151	158	35	62
155	161	35	62
156	166	36	58
163	169	34	56
167	170	32	54
178	171	26	45
181	173	25	43
189	174	21	36
194	175	22	33
199	176	22	33
204	176	22	31
209	176	24	28
226	140	31	32
223	135	29	45
225	165	24	38
228	163	23	41
233	158	24	46
230	145	29	57
233	139	30	64
231	142	36	60
230	135	40	65
232	130	42	64
253	129	25	60
252	125	32	58
261	117	22	60
266	111	20	58
269	104	20	59
269	99	21	58
271	98	22	61
272	87	22	62
272	82	23	62
270	76	23	61
270	77	23	59
268	68	24	61
266	62	23	62
266	58	22	61
265	52	24	62
261	49	25	61
258	46	27	60
255	38	26	60
255	37	25	61
250	35	26	62
246	33	28	64
244	34	26	65
237	31	30	67
234	30	27	66
229	31	26	67
227	31	24	67
220	36	26	64
213	40	25	38
202	42	29	29
194	43	32	28
190	48	29	30
187	48	26	32
177	67	31	56
171	60	31	71
164	60	32	77
156	71	35	77
149	75	32	74
138	78	36	76
133	92	36	71
123	95	38	73
