0.005543
1.430913
0.017919
0.023839
0.016771
0.022589
0.016657
0.017113
0.019002
0.017508
0.017479
0.021469
0.021782
0.021206
0.026337
0.023419
0.025249
0.021961
0.021165
0.028745
0.027055
0.018199
0.025761
0.022962
0.024704
0.029929
0.027801
0.041854
0.039176
0.045610
0.031789
0.044405
0.030991
0.032991
0.053872
0.062306
0.049959
0.049385
0.054487
0.054404
0.059578
0.046848
0.045326
0.024657
0.041091
0.047129
0.048004
0.041688
0.043913
0.062027
0.042428
0.029013
0.049692
0.038982
0.032005
0.040781
0.032139
0.039746
0.052161
0.038828
0.045336
0.033677
0.023067
0.043922
0.038410
0.031679
0.033324
0.038264
0.036339
0.043839
0.053531
0.049454
0.031379
0.059477
0.056350
0.033870
0.040158
0.032329
0.039851
0.034877
0.037568
0.041133
0.034141
0.021961
0.039556
0.044345
0.042035
0.029505
0.032012
0.037343
0.036566
0.058067
0.054043
0.032077
0.023030
0.035607
0.063976
0.039061
0.030767
0.038029
0.062275
0.038729
0.043734
0.045061
0.048689
0.054963
0.035954
0.029333
0.024805
0.033468
0.031418
0.027014
0.039665
0.032879
0.036646
0.037661
0.035522
0.037601
0.031628
0.035779
0.044595
0.039335
0.037490
0.033954
0.029576
0.035388
0.031197
0.025967
0.030433
0.034755
0.047437
0.026381
0.032557
0.029838
0.028576
0.032821
0.023057
0.032862
0.043169
0.025746
0.038131
0.036235
0.032037
0.025935
0.029521
0.033005
0.024278
0.027336
0.025474
0.025819
0.034179
0.028935
0.028091
0.027918
0.032872
0.035990
0.026396
0.026328
0.028269
0.031554
0.023365
0.030926
0.063291
0.043270
0.094466
0.047179
0.042119
0.033072
0.038311
0.024871
0.027337
0.056292
0.049996
0.058224
0.053637
0.055841
0.055017
0.045252
0.040360
0.027890
0.036460
0.042508
0.040012
0.031335
0.033689
0.033679
0.026995
0.045721
0.046797
0.029261
0.028220
0.027303
0.038272
0.046586
0.032127
0.036603
0.033557
0.043891
0.037532
0.030459
0.043847
0.033075
0.043618
0.040956
0.040328
0.042852
0.036965
0.042736
0.036505
0.043196
0.050450
0.034059
0.042634
0.047380
0.044973
0.037718
0.043737
0.037930
0.033306
0.029517
0.034176
0.037515
0.037881
0.035459
0.031622
0.033962
0.047637
0.047466
0.050094
0.036360
0.031616
0.033356
0.029636
0.026721
0.032705
0.027506
0.029606
0.023884
0.038215
0.045379
0.036857
0.031217
0.032734
0.039391
0.053360
0.041714
0.042561
0.031055
0.040205
0.027905
0.040236
0.032874
0.038499
0.041421
0.044699
0.035489
0.031471
0.029683
0.038864
0.029980
0.041265
0.047515
0.032648
0.047216
0.037148
0.043132
0.050925
0.047034
0.041036
0.040805
0.019477
0.049873
0.037006
0.047162
0.045755
0.044858
0.042915
0.033645
0.044052
0.034617
0.046063
0.049968
0.042932
0.044709
0.033830
0.036370
0.053835
0.046138
0.057764
0.042944
0.034084
0.045040
0.041190
0.048152
0.039052
0.045600
0.036726
0.044005
0.042413
0.046289
0.036302
0.062382
0.039382
0.046062
0.025372
0.062202
0.058844
0.051921
0.052909
0.038884
0.047909
0.065513
0.053742
0.048135
0.040840
0.042437
0.057667
0.038781
0.028258
0.030729
0.032856
0.038860
0.058592
0.058315
0.051512
0.066549
0.036385
0.033803
0.036454
0.031548
0.035330
0.042370
0.038454
0.040182
0.049059
0.033326
0.044987
0.049592
0.047809
0.040047
0.036456
0.050483
0.044040
0.030734
0.027506
0.041823
0.046587
0.040212
0.041584
0.040686
0.045805
0.036500
0.041586
0.034564
0.040212
0.032002
0.038758
0.044502
0.032633
0.044912
0.033971
0.042838
0.036349
0.043581
0.026838
0.039418
0.035681
0.031403
0.037827
0.032035
0.050580
0.035111
0.036262
0.026285
0.061177
0.045956
0.049012
0.047914
0.026290
0.037184
0.035556
0.043835
0.040354
0.038143
0.043432
0.051231
0.060257
0.040019
0.047749
0.038352
0.045125
0.048191
0.053257
0.045213
0.038865
0.040409
0.043454
0.045426
0.039917
0.045779
0.044279
0.051154
0.050406
0.050734
0.046748
0.029508
0.034607
0.054674
0.042716
0.034780
0.039598
0.044489
0.048688
0.046216
0.052896
0.052524
0.045335
0.037461
0.059562
0.049704
0.041706
0.049583
0.023647
0.036309
0.050317
0.047941
0.030207
0.042800
0.041158
0.046638
0.041488
0.054884
0.053768
0.057046
0.058801
0.056501
0.054616
0.052509
0.052742
0.056054
0.052456
0.045648
0.048113
0.044094
0.045674
0.050322
0.035007
0.038971
0.045048
0.047507
0.055849
0.050670
0.041435
0.040723
0.032485
0.033368
0.039108
0.047437
0.040338
0.034400
0.046346
0.045705
0.055990
0.046706
0.041400
0.057137
0.036146
0.047355
0.038235
0.047282
0.079714
0.058114
0.054598
0.054485
0.057917
0.035879
0.037441
0.038695
0.039670
0.043241
0.029262
0.037464
0.040823
0.032209
0.037106
0.029856
0.044570
0.047071
0.049690
0.045853
0.044935
0.023764
0.034668
0.039531
0.026707
0.042195
0.055731
0.035455
0.051143
0.033212
0.029969
0.033563
0.030993
0.026188
0.033454
0.037396
0.030682
0.036160
0.043282
0.043421
0.052987
0.071222
0.059130
0.063134
0.060133
0.046790
0.033958
0.035556
0.034535
0.044029
0.042438
0.040218
0.042391
0.048749
0.049367
0.049619
0.047572
0.042554
0.028576
0.035621
0.050040
0.055469
0.048697
0.049893
0.077516
0.054177
0.046070
0.038420
0.050872
0.039606
0.042788
0.038763
0.029284
0.037292
0.042969
0.036249
0.033477
0.038000
0.047175
0.048141
0.044272
0.048746
0.052455
0.050865
0.037110
0.037937
0.046252
0.047146
0.037604
0.038667
0.034544
0.033551
0.039083
0.043274
0.041347
0.045686
0.024556
0.036717
0.053148
0.057263
0.048847
0.048087
0.066622
0.052056
0.032219
0.044532
0.043034
0.036886
0.041466
0.035721
0.034190
0.042874
0.038719
0.055975
0.062650
0.025340
0.042583
0.054195
0.040118
0.047253
0.047639
0.044456
0.039422
0.046660
0.044676
0.052900
0.052813
0.039554
0.039020
0.046252
0.036382
0.046344
0.055196
0.039927
0.036398
0.032555
0.035208
0.044742
0.051042
0.029986
0.036595
0.051232
0.045862
0.043919
0.046098
0.044971
0.033607
0.043766
0.046710
0.035464
0.037311
0.046826
0.037577
0.036821
0.048035
0.044038
0.044838
0.041668
0.037543
0.041079
0.037203
0.034799
0.049231
0.027788
0.052251
0.025127
0.036073
0.037089
0.041675
0.049018
0.047250
0.049642
0.043527
0.050307
0.037025
0.045830
0.026607
0.040663
0.033437
0.029768
0.042794
0.056513
0.050301
0.047704
0.051634
0.051389
0.052223
0.051936
0.042168
0.035367
0.034819
0.046342
0.053610
0.046084
0.040256
0.050200
0.035691
0.050247
0.047710
0.057301
0.046732
0.047620
0.053769
0.052719
0.049988
0.044733
0.037008
0.043724
0.056716
0.043651
0.041328
0.064242
0.058868
0.041000
0.030865
0.038067
0.060520
0.059211
0.039379
0.063461
0.059123
0.045681
0.053298
0.056387
0.052578
0.034189
0.047415
0.045194
0.043771
0.035814
0.051353
0.037659
0.038443
0.053386
0.051406
0.048791
0.044349
0.044546
0.038969
0.030219
0.045535
0.039947
0.039704
0.041341
0.050435
0.040116
0.047020
0.039593
0.032391
0.045600
0.053307
0.042911
0.041081
0.034848
0.042358
0.046203
0.056654
0.036726
0.051749
0.037841
0.042707
0.047007
0.027492
0.061634
0.058480
0.047248
0.026709
0.043893
0.048588
0.045224
0.045708
0.050757
0.058506
0.050105
0.030681
0.037674
0.067742
0.042142
0.038631
0.044406
0.058817
0.048341
0.055934
0.047027
0.058018
0.055457
0.051511
0.047083
0.046958
0.054302
0.040380
0.050107
0.047688
0.056128
0.041583
0.040172
0.048687
0.046749
0.055773
0.050048
0.038146
0.040725
0.029568
0.033825
0.033648
0.038260
0.048550
0.058338
0.062963
0.051579
0.043388
0.050806
0.052109
0.059489
0.050973
0.057199
0.044796
0.053028
0.045066
0.059031
0.052939
0.041263
0.054132
0.059379
0.054240
0.043526
0.039938
0.044973
0.045909
0.050098
0.059402
0.038985
0.046573
0.045723
0.051156
0.047876
0.056847
0.036656
0.043400
0.049922
0.054013
0.047315
0.039110
0.032492
0.045085
0.033869
0.036960
0.048132
0.039656
0.043677
0.041914
0.036461
0.052151
0.051585
0.058156
0.046731
0.035806
0.051355
0.037352
0.037322
0.036297
0.047254
0.052971
0.047856
0.039283
0.028546
0.039598
0.039025
0.039056
0.040339
0.039242
0.048216
0.039735
0.041917
0.040250
0.035394
0.043248
0.028365
0.040565
0.042085
0.045341
0.047341
0.047311
0.030716
0.039711
0.042446
0.050348
0.030267
0.033801
0.050910
0.030946
0.032928
0.045162
0.039349
0.038860
0.040104
0.048539
0.047988
0.038002
0.042895
0.030321
0.047341
0.063624
0.040163
0.039835
0.050597
0.055926
0.040877
0.039297
0.041907
0.036801
0.039909
0.036645
0.038804
0.037750
0.045166
0.066657
0.037509
0.033690
0.041826
0.035588
0.059433
0.041921
0.031764
0.037582
0.034816
0.038067
0.050441
0.053870
0.049643
0.049190
0.040001
0.044408
0.042080
0.046807
0.035850
0.048161
0.058603
0.041773
0.048419
0.048110
0.046934
0.037748
0.040202
0.044826
0.045603
0.027974
0.045944
0.053713
0.050783
0.032895
0.042734
0.043120
0.023952
0.032410
0.038641
0.050572
0.070204
0.068770
0.044127
0.065180
0.054901
0.053549
0.058639
0.037662
0.040900
0.028155
0.042573
0.043380
0.047347
0.045561
0.037794
0.038063
0.035731
0.041358
0.057420
0.050207
0.040679
0.046181
0.047453
0.038026
0.034925
0.043317
0.042265
0.054104
0.034802
0.037014
0.029673
0.032511
0.037366
0.042806
0.051158
0.050770
0.048921
0.052002
0.063405
0.057827
0.040996
0.039427
0.029049
0.036101
0.037741
0.041834
0.035687
0.038075
0.043085
0.042925
0.031844
0.033409
0.037113
0.033035
0.035424
0.031714
0.051066
0.048486
0.043759
0.046536
0.045637
0.061005
0.044092
0.039583
0.042991
0.049492
0.043775
0.047100
0.049898
0.055580
0.050731
0.046809
0.049288
0.046429
0.032192
0.040306
0.050292
0.044348
0.039244
0.044185
0.047612
0.037141
0.039961
0.037607
0.041777
0.052442
0.036101
0.038502
0.047172
0.033059
0.031238
0.039655
0.028518
0.028938
0.033627
0.040500
0.041905
0.038562
0.045334
0.039856
0.044966
0.037306
0.051064
0.051679
0.042826
0.041116
0.034979
0.052687
0.044565
0.041001
0.040687
0.044389
0.051359
0.033728
0.033196
0.038371
0.036078
0.026933
0.042495
0.039317
0.039393
0.046011
0.051124
0.042405
0.039982
0.044408
0.034819
0.040009
0.045535
0.042775
0.030979
0.046894
0.035674
0.035944
0.025631
0.036503
0.025782
0.035390
0.036029
0.028434
0.031476
0.025726
0.040622
0.043463
0.034461
0.044048
0.039215
0.036720
0.053644
0.033422
0.052120
0.058976
0.046873
0.038197
0.038699
0.029896
0.031581
0.035987
0.026987
0.031409
0.035057
0.034824
0.033646
0.035413
0.043529
0.037325
0.035342
0.035299
0.033321
0.043400
0.024810
0.042273
0.040625
0.037534
0.027375
0.037058
0.033986
0.035133
0.041403
0.038307
0.044593
0.026184
0.038707
0.038797
0.026355
0.038035
0.037813
0.039998
0.040449
0.037250
0.041176
0.041801
0.028825
0.028995
0.036767
0.034931
0.048187
0.031715
0.045774
0.040452
0.041658
0.034000
0.035236
0.028218
0.032140
0.040828
0.025823
0.036834
0.040878
0.060520
0.039874
0.029164
0.032966
0.038333
0.031613
0.037033
0.049359
0.051310
0.039088
0.036490
0.038493
0.030514
0.037130
0.037567
0.036014
0.041683
0.038507
0.038452
0.043419
0.046424
0.036791
0.041132
0.038392
0.030491
0.035987
0.041888
0.043175
0.031340
0.029538
0.027484
0.031723
0.035987
0.032703
0.028745
0.038008
0.042598
0.032916
0.043973
0.023849
0.042950
0.040601
0.034374
0.035780
0.037210
0.035542
0.042642
0.035671
0.032411
0.038020
0.041715
0.039314
0.047902
0.042236
0.034361
0.054340
0.041348
0.032601
0.042203
0.045356
0.035548
0.047430
0.045542
0.037267
0.036528
0.043460
0.031931
0.043385
0.042619
0.049065
0.051473
0.050109
0.046296
0.051676
0.044576
0.053607
0.048496
0.048020
0.044740
0.036994
0.055063
0.029869
0.043027
0.035930
0.029533
0.031525
0.039923
0.052170
0.038070
0.027501
0.042328
0.039631
0.043566
0.032223
0.041274
0.033980
0.048692
0.052010
0.049518
0.045431
0.045205
0.031143
0.039089
0.041771
0.041651
0.025512
0.033817
0.035526
0.040858
0.031935
0.042546
0.037458
0.043197
0.039115
0.047521
0.040502
0.035518
0.042898
0.046398
0.028054
0.036514
0.031963
0.028801
0.040299
0.040144
0.042292
0.045440
0.049094
0.034281
0.044557
0.039561
0.045236
0.044121
0.029473
0.030317
0.033503
0.032277
0.039161
0.042392
0.050654
0.043828
0.044510
0.049071
0.035631
0.041747
0.038926
0.046561
0.047038
0.036845
0.040540
0.037421
0.030368
0.031040
0.041604
0.063544
0.051093
0.038323
0.043435
0.026203
0.027132
0.047809
0.050794
0.050118
0.040016
0.036258
0.058777
0.047588
0.036768
0.035945
0.043588
0.036865
0.051083
0.047882
0.024847
0.039926
0.037861
0.043200
0.052077
0.053788
0.046347
0.050739
0.043571
0.052194
0.057998
0.062302
0.069476
0.036326
0.035281
0.035486
0.035588
0.047668
0.036015
0.043399
0.038757
0.041324
0.037882
0.027018
0.048451
0.037685
0.040559
0.037020
0.046609
0.048654
0.052948
0.064682
0.042844
0.059908
0.051480
0.053627
0.058011
0.037922
0.037739
0.055920
0.053249
0.038949
0.033804
0.049552
0.040058
0.046387
0.038221
0.038553
0.055359
0.042547
0.041803
0.050663
0.043412
0.038671
0.048107
0.043200
0.056078
0.042584
0.055941
0.045671
0.042888
0.034375
0.030124
0.030105
0.033128
0.042793
0.036957
0.042426
0.043462
0.038433
0.044698
0.041954
0.070062
0.054933
0.035109
0.046908
0.055712
0.033551
0.048713
0.034062
0.037922
0.044621
0.057398
0.047687
0.039078
0.042655
0.055026
0.030738
0.060703
0.071579
0.060026
0.048358
0.046979
0.036144
0.038342
0.080500
0.038404
0.048702
0.034499
0.037779
0.040366
0.040420
0.033703
0.043162
0.034542
0.027940
0.040123
0.027824
0.030633
0.032867
0.037748
0.030583
0.043153
0.038998
0.043840
0.025812
0.032608
0.032180
0.028167
0.037018
0.049328
0.050527
0.046386
0.043579
0.036985
0.044112
0.037572
0.037877
0.050249
0.056406
0.041489
0.041502
0.040224
0.048909
0.048195
0.047259
0.044003
0.046237
0.032057
0.056567
0.052209
0.046270
0.036519
0.044765
0.045876
0.044206
0.054531
0.048486
0.034265
0.033335
0.034916
0.042696
0.026285
0.049758
0.032273
0.045372
0.039682
0.040531
0.044051
0.038708
0.037658
0.037140
0.034558
0.028180
0.041984
0.033162
0.046360
0.044032
0.059756
0.044066
0.049875
0.044660
0.036197
0.043134
0.051484
0.047268
0.046409
0.051078
0.051495
0.042945
0.059839
0.046352
0.051068
0.046812
0.056732
0.048062
0.049836
0.048616
0.048089
0.046192
0.038166
0.044247
0.052440
0.061847
0.044197
0.041165
0.056006
0.038004
0.045628
0.050446
0.045854
0.058511
0.047033
0.038525
0.026696
0.031440
0.030864
0.040422
0.034550
0.030054
0.031670
0.047299
0.032729
0.029293
0.041054
0.035898
0.047505
0.038783
0.048449
0.057042
0.055092
0.039310
0.040817
0.053057
0.040330
0.041102
0.029956
0.037663
0.046068
0.031698
0.047066
0.055555
0.049625
0.045950
0.036091
0.045571
0.045541
0.056096
0.041219
0.053982
0.064637
0.043304
0.046649
0.050950
0.055404
0.047844
0.042276
0.034485
0.040451
0.032988
0.046067
0.050211
0.052116
0.048084
0.037894
0.040373
0.040119
0.041723
0.041485
0.043329
0.037554
0.035725
0.046275
0.058132
0.036967
0.050509
0.044452
0.034070
0.055283
0.048995
0.036512
0.034070
0.037647
0.026351
0.036366
0.030823
0.046304
0.050232
0.050931
0.038136
0.040431
0.041965
0.044380
0.041128
0.041876
0.047323
0.041760
0.053120
0.050752
0.058969
0.044878
0.048524
0.037194
0.034715
0.040943
0.028131
0.029664
0.045563
0.028023
0.038280
0.044294
0.046487
0.032973
0.037577
0.034734
0.042239
0.042650
0.044367
0.036799
0.044588
0.045552
0.042367
0.038295
0.035261
0.035564
0.043274
0.047554
0.037109
0.040156
0.042951
0.042835
0.043935
0.044926
0.034588
0.034278
0.039863
0.033966
0.038066
0.030349
0.038878
0.043614
0.044871
0.053029
0.040130
0.043334
0.023436
0.038763
0.038744
0.044764
0.034306
0.050561
0.030805
0.046018
0.038125
0.038020
0.050012
0.041676
0.044640
0.037013
0.032049
0.034420
0.038660
0.038027
0.049258
0.051318
0.048785
0.049277
0.051382
0.062117
0.043192
0.037807
0.039796
0.034853
0.043987
0.053039
0.048888
0.057646
0.044368
0.031781
0.043803
0.052398
0.054276
0.060345
0.035728
0.045583
0.038652
0.042400
0.063477
0.042600
0.037142
0.053216
0.059654
0.054724
0.044066
0.035731
0.051723
0.049439
0.050283
0.053121
0.045629
0.043220
0.052192
0.047767
0.039690
0.036297
0.047504
0.029645
0.041852
0.035794
0.034576
0.035061
0.046302
0.043287
0.039513
0.045316
0.035241
0.039332
0.031640
0.042699
0.045673
0.032433
0.052237
0.048193
0.034626
0.042492
0.043875
0.044169
0.052657
0.046331
0.054097
0.047063
0.049581
0.050338
0.033623
0.037442
0.028394
0.042319
0.047982
0.042589
0.031086
0.038841
0.045337
0.043457
0.050482
0.035215
0.034913
0.036576
0.039839
0.039147
0.035515
0.036064
0.045939
0.045271
0.050115
0.045954
0.046792
0.036784
0.039275
0.059033
0.051079
0.059669
0.053209
0.050833
0.030465
0.039194
0.035133
0.038780
0.048994
0.034512
0.038775
0.040192
0.025221
0.050514
0.032705
0.036019
0.037504
0.030039
0.041851
0.037921
0.040114
0.034517
0.033203
0.045087
0.053307
0.054401
0.050535
0.051646
0.053126
0.049850
0.044495
0.043818
0.050704
0.048793
0.038775
0.045474
0.042081
0.050357
0.055601
0.036450
0.040306
0.033341
0.047717
0.043331
0.042787
0.029854
0.034287
0.045631
0.043522
0.041714
0.043973
0.040183
0.041049
0.035412
0.037579
0.032043
0.042913
0.029997
0.042080
0.038023
0.052594
0.045896
0.036423
0.033764
0.046654
0.045070
0.050536
0.035790
0.040279
0.053882
0.042505
0.038433
0.031102
0.032775
0.042957
0.027278
0.043653
0.032384
0.039508
0.027160
0.030083
0.037060
0.043953
0.029855
0.038459
0.034019
0.031932
0.048735
0.036524
0.031817
0.043055
0.049531
0.046429
0.044530
0.033670
0.036285
0.040009
0.038929
0.036907
0.061692
0.045533
0.039994
0.045729
0.050328
0.058811
0.055140
0.055589
0.051855
0.056133
0.043976
0.030771
0.042345
0.040233
0.045097
0.056512
0.051503
0.031076
0.059017
0.049042
0.036054
0.049742
0.033693
0.056338
0.047524
0.045947
0.041037
0.039592
0.032562
0.033840
0.047426
0.032194
0.056479
0.044925
0.032839
0.035362
0.051376
0.031648
0.045506
0.042680
0.036496
0.049650
0.044527
0.049626
0.041769
0.045641
0.041589
0.035921
0.037469
0.040576
0.026048
0.036924
0.051914
0.042256
0.057748
0.029732
0.038454
0.041532
0.031215
0.044818
0.038313
0.042924
0.033095
0.035676
0.052570
0.052482
0.044188
0.032832
0.034588
0.044317
0.046623
0.045526
0.066828
0.059368
0.039991
0.046634
0.040297
0.030891
0.047828
0.037835
0.037834
0.039910
0.049432
0.035103
0.051239
0.050897
0.040666
0.049290
0.046497
0.034306
0.043532
0.037632
0.046046
0.042697
0.057715
0.044129
0.042112
0.032199
0.029369
0.053572
0.029706
0.038171
0.044487
0.042107
0.028584
0.035765
0.050238
0.050231
0.034680
0.038440
0.053902
0.046885
0.052606
0.050534
0.053183
0.044000
0.044342
0.046303
0.049227
0.035891
0.043306
0.043283
0.039701
0.043451
0.032607
0.029923
0.031313
0.035906
0.040470
0.045699
0.047454
0.048729
0.061117
0.043864
0.068805
0.046510
0.048777
0.057674
0.059868
0.071882
0.086675
0.050149
0.053124
0.054770
0.049922
0.041799
0.045680
0.051795
0.050531
0.041191
0.040632
0.050403
0.031481
0.035385
0.031090
0.036620
0.047345
0.057693
0.064517
0.048055
0.050405
0.064325
0.064975
0.073239
0.068217
0.069048
0.042805
0.049417
0.043275
0.035090
0.035591
0.035954
0.047122
0.048937
0.040625
0.049730
0.045331
0.046080
0.030133
0.030181
0.031286
0.031468
0.028374
0.034135
0.030534
0.041409
0.043208
0.048446
0.032867
0.032968
0.050880
0.039427
0.037089
0.029407
0.039972
0.040493
0.040487
0.045060
0.042810
0.036284
0.043828
0.052459
0.046509
0.043485
0.060274
0.031617
0.039029
0.033204
0.046722
0.033934
0.051111
0.050355
0.044525
0.044959
0.046278
0.043415
0.043631
0.040552
0.043978
0.044352
0.045118
0.054544
0.043178
0.050283
0.050145
0.047060
0.035352
