89	92	69	60
97	94	59	60
98	88	57	62
92	90	62	60
95	90	62	56
95	89	63	59
97	89	61	57
97	87	62	58
98	85	62	56
99	84	62	55
106	82	57	56
105	79	58	59
113	78	52	58
113	74	53	61
113	72	59	63
116	69	55	64
123	67	50	64
117	63	59	64
124	63	52	64
121	59	59	64
125	58	58	63
129	56	58	65
134	53	52	65
134	51	56	65
138	49	54	67
139	46	57	64
141	45	57	63
146	44	52	63
148	42	53	63
151	39	49	65
155	39	46	66
156	38	47	66
159	37	45	66
160	38	46	65
163	40	42	62
162	45	44	60
163	48	44	59
164	49	45	60
165	53	45	60
164	59	45	59
163	60	48	60
162	62	49	62
159	66	53	62
157	69	51	64
152	73	53	65
147	76	57	67
143	77	53	68
144	80	47	72
135	82	49	74
130	86	49	73
128	84	43	76
120	90	40	73
109	88	43	73
99	93	44	77
91	96	44	77
91	99	39	75
81	98	39	75
74	100	42	72
70	100	38	73
65	103	37	66
63	100	33	67
62	103	32	61
57	102	32	59
54	104	30	57
53	106	30	53
49	105	30	52
51	109	27	47
51	110	26	44
50	109	24	46
50	112	23	43
50	114	23	44
52	119	24	39
54	119	24	40
56	122	22	36
60	126	22	34
63	124	20	36
67	125	17	36
69	126	18	38
72	127	17	39
76	128	17	38
79	128	18	39
80	129	22	39
82	129	23	38
84	130	25	39
86	131	27	36
86	128	27	39
89	130	25	37
87	130	28	40
87	127	28	40
88	123	27	45
89	118	28	48
87	117	28	51
85	115	31	54
84	113	34	56
83	110	38	61
81	111	41	63
79	108	46	64
78	107	51	68
79	106	55	66
77	97	70	76
76	98	73	72
79	90	79	77
81	88	78	79
81	78	90	86
86	70	88	93
92	65	93	93
94	64	100	92
102	58	93	94
110	61	89	89
116	57	88	92
118	63	86	84
126	64	84	80
133	64	80	79
138	64	78	79
145	59	73	84
151	65	68	75
155	61	62	79
160	61	58	76
164	73	54	64
165	71	52	64
167	72	48	63
167	74	45	59
165	74	40	58
162	76	38	56
161	75	35	58
157	75	33	57
151	74	33	58
146	73	32	58
141	76	29	54
133	75	30	56
128	76	29	54
123	81	26	52
114	80	30	51
106	83	28	48
101	86	26	47
93	85	28	49
85	90	31	48
80	91	30	51
72	90	31	51
66	93	33	53
57	96	36	54
52	99	37	54
43	100	38	57
38	105	39	56
30	107	39	59
24	111	42	58
17	117	46	58
14	120	44	55
11	125	46	56
10	128	46	57
8	135	44	59
10	141	42	54
13	150	41	53
19	157	38	55
24	164	39	57
33	167	36	59
40	168	43	64
50	171	44	64
63	171	50	67
70	166	60	74
81	162	69	75
90	160	74	76
100	155	79	78
109	146	85	86
126	141	80	86
133	136	79	87
148	124	75	89
165	121	66	85
181	114	57	76
191	109	47	70
194	105	47	62
199	106	47	57
197	101	50	53
197	95	54	52
193	85	58	53
191	85	58	52
186	83	61	52
178	78	66	53
176	77	66	54
172	78	66	52
167	77	65	54
160	78	65	53
156	77	67	54
151	81	60	53
143	84	61	50
134	89	60	45
129	93	59	42
124	95	55	41
120	97	50	40
108	96	49	41
102	98	44	41
95	94	40	41
91	93	36	42
87	94	29	41
81	90	25	43
77	90	25	40
70	90	26	40
61	90	30	38
55	90	35	34
52	86	34	36
47	83	37	38
44	80	39	39
43	79	41	39
43	77	43	38
44	73	45	40
44	72	46	40
45	70	53	43
46	70	57	47
48	67	58	48
50	70	60	46
55	69	58	50
58	71	57	49
66	74	54	49
80	79	42	46
88	81	39	43
98	86	35	42
108	85	31	44
117	87	27	41
125	86	27	46
138	85	22	50
144	84	28	52
152	85	35	51
154	84	45	49
158	84	51	46
162	84	57	43
166	82	57	43
169	78	63	44
172	72	66	47
174	66	66	52
178	59	66	51
182	56	66	54
180	51	71	56
181	48	73	58
181	48	74	58
180	46	72	55
178	45	76	59
176	47	75	57
175	47	74	56
169	52	77	50
166	53	76	50
157	56	78	52
149	56	81	53
137	55	82	75
131	52	83	81
121	53	79	86
118	56	61	87
110	64	60	91
96	72	57	97
84	80	52	90
77	80	47	91
70	85	44	88
60	85	45	93
56	93	37	83
45	100	43	78
39	102	43	70
37	102	40	68
32	104	44	63
31	106	44	57
32	106	45	58
29	112	50	53
31	112	53	51
31	115	53	48
32	117	57	46
35	118	57	43
40	118	58	44
44	114	56	43
47	117	60	38
50	116	59	36
55	116	57	35
62	113	55	37
68	111	51	39
75	102	48	44
78	100	44	44
84	96	38	47
90	95	33	49
95	90	30	51
95	91	30	50
101	89	25	52
103	85	26	56
107	88	26	51
106	89	28	48
98	84	36	50
102	90	31	44
98	91	36	41
100	90	36	45
97	94	36	42
162	89	26	49
164	88	24	47
165	88	22	43
165	86	24	42
166	83	22	40
170	83	20	36
173	83	17	33
176	82	17	32
177	78	17	32
179	74	16	34
181	74	15	33
183	73	16	32
187	73	15	31
189	73	14	30
190	73	14	31
193	76	13	30
192	78	16	30
191	80	18	28
185	80	26	28
181	83	31	28
166	74	47	31
163	66	51	42
125	39	79	50
54	97	52	92
70	86	58	97
75	85	63	92
87	77	65	92
100	69	70	96
113	57	73	102
116	51	82	104
125	46	86	103
132	35	91	109
146	34	88	102
158	29	85	100
166	24	84	101
180	27	69	89
193	29	58	81
202	28	48	76
207	30	46	65
210	30	45	60
209	31	50	56
206	29	55	52
204	31	58	47
196	29	60	48
191	27	63	49
185	27	63	50
180	26	64	48
174	27	66	52
168	27	68	54
160	31	68	52
154	34	70	54
148	37	66	52
138	41	71	49
133	47	68	45
127	50	65	44
122	53	60	46
111	52	61	47
103	58	58	49
97	60	50	53
85	62	47	54
72	64	51	50
73	64	42	49
59	59	48	53
59	59	43	52
54	49	43	59
54	48	40	61
55	54	42	57
52	52	44	61
54	54	47	61
55	58	50	57
54	61	60	57
56	62	63	59
57	63	66	59
60	65	70	59
64	67	79	62
73	70	81	61
83	71	78	59
91	71	77	62
106	70	65	59
114	73	72	59
131	70	62	62
150	70	54	62
178	68	36	62
195	66	42	63
204	65	50	59
210	59	60	60
216	53	62	61
216	47	68	62
217	42	75	61
216	36	78	65
220	32	77	65
218	23	80	68
214	20	82	68
213	19	80	68
209	17	75	67
205	19	76	66
196	22	80	64
191	23	82	64
185	27	83	63
175	31	87	63
166	37	89	63
161	41	86	62
146	57	84	52
132	66	86	51
122	70	86	54
120	75	74	57
109	79	69	61
111	82	52	63
87	91	54	64
77	98	53	63
75	99	45	64
65	101	40	62
59	105	37	56
55	108	35	53
52	112	31	51
44	114	33	51
43	120	28	44
41	120	22	43
36	121	27	41
34	120	25	43
32	117	27	45
29	118	31	45
28	119	31	44
28	120	36	45
27	121	39	47
27	121	41	46
27	127	43	45
29	131	47	47
33	134	47	43
35	139	51	41
38	144	52	39
39	152	55	33
43	155	58	34
48	159	58	34
53	161	62	38
59	161	65	41
66	160	67	49
72	161	69	54
83	160	65	63
92	162	65	65
104	164	60	68
115	163	61	76
124	161	59	81
133	160	59	82
145	155	57	86
152	155	53	83
163	153	53	81
169	144	54	81
181	140	52	81
187	136	54	77
194	130	60	73
200	127	61	70
196	122	70	71
198	116	74	71
198	108	76	73
194	101	78	71
192	92	80	86
191	81	81	96
183	80	86	94
177	77	88	97
171	80	87	93
169	87	85	90
163	88	80	91
158	96	76	83
148	102	73	85
142	107	72	82
133	113	71	75
132	120	62	68
124	127	59	62
117	129	59	60
112	129	54	57
104	125	56	63
101	119	53	66
96	112	53	69
86	99	59	77
89	102	53	70
86	96	52	69
82	93	54	65
86	92	51	62
85	86	50	63
91	82	43	60
95	78	42	59
99	74	39	60
99	73	41	55
100	72	41	54
103	67	40	52
104	67	41	51
106	65	43	49
107	62	45	51
112	63	44	49
114	60	45	50
118	62	46	46
118	60	49	48
122	61	50	49
122	62	55	48
121	63	62	48
125	64	62	50
126	67	65	48
130	68	69	50
134	69	71	51
139	70	76	52
143	70	77	53
144	70	81	55
145	67	84	55
143	65	95	57
141	64	98	57
139	63	105	60
138	57	102	64
139	53	98	67
134	51	107	69
129	50	108	67
127	47	116	73
125	42	119	77
115	39	122	82
107	45	124	80
92	43	130	88
89	43	126	96
85	46	126	97
79	50	126	98
69	49	118	107
62	64	112	92
56	82	101	91
50	85	100	95
48	96	93	91
48	103	80	87
47	107	81	88
46	112	74	84
46	114	74	83
50	119	64	77
50	119	64	81
54	119	60	77
57	120	58	75
60	120	57	72
62	120	57	67
68	116	53	64
74	112	49	65
79	107	44	61
81	105	46	60
88	101	41	60
93	95	42	63
97	88	40	69
102	86	39	62
106	82	38	66
105	74	43	69
114	76	41	63
121	73	40	64
123	72	40	63
129	71	41	62
134	69	39	63
137	69	41	63
141	66	42	63
145	64	42	65
149	66	43	61
153	66	44	61
157	65	46	64
159	66	48	63
165	67	48	63
169	67	51	65
173	69	52	64
176	72	56	62
177	74	58	61
180	75	58	61
184	73	52	64
187	75	56	67
191	68	54	75
188	66	54	74
187	55	55	91
182	51	59	95
179	46	60	99
170	37	58	113
157	30	66	113
140	27	70	119
130	25	68	119
110	25	77	119
93	27	85	117
82	32	95	116
71	38	94	110
67	44	91	106
53	49	100	104
45	57	95	94
40	62	98	95
42	70	92	93
38	82	95	83
41	93	87	69
45	99	82	67
47	106	83	59
49	111	82	54
54	115	78	51
65	119	72	48
71	119	71	47
79	118	64	48
87	115	62	47
93	111	58	50
101	108	55	50
106	106	54	50
113	101	52	52
118	91	53	59
123	87	57	60
127	86	52	60
134	83	53	60
138	80	55	61
145	76	53	62
150	75	52	62
155	73	53	63
161	71	51	64
167	68	49	64
169	66	48	67
172	65	50	67
174	63	53	69
176	61	53	69
178	60	55	69
180	57	57	73
182	55	58	76
180	53	62	78
177	50	62	82
176	49	65	86
174	50	70	84
170	47	71	88
164	44	73	89
159	43	71	92
150	39	74	101
144	41	71	103
132	40	78	107
125	42	71	105
113	49	72	98
107	51	65	98
101	55	57	98
92	58	56	97
76	66	63	88
74	68	58	86
64	76	64	76
58	78	58	76
53	82	53	72
54	87	46	69
48	91	49	66
48	95	47	64
53	100	40	62
53	101	42	59
55	105	40	60
63	107	34	54
66	108	37	55
70	109	36	54
76	109	36	53
78	109	40	53
88	112	36	52
97	112	34	52
104	109	35	55
109	110	35	54
117	110	32	55
121	111	38	55
132	111	33	56
140	111	33	57
144	107	40	56
150	105	43	58
156	100	49	65
163	99	51	67
170	92	52	70
173	88	53	75
177	81	55	80
180	72	56	86
178	61	60	95
179	55	62	101
181	52	59	103
182	50	56	104
177	43	62	110
176	38	60	117
171	37	61	116
167	34	57	118
163	32	56	120
156	30	55	124
148	29	54	124
142	29	47	125
134	30	50	125
123	33	51	123
117	32	53	122
110	26	56	125
98	32	61	119
94	33	61	119
91	43	63	110
89	43	63	107
88	41	63	109
87	45	64	102
93	51	61	93
95	51	60	90
95	56	62	86
107	59	52	78
112	59	49	78
113	60	53	75
118	68	51	66
118	70	56	63
122	70	54	62
120	78	58	55
124	78	59	55
122	81	62	50
125	84	63	47
125	85	64	45
128	85	62	46
131	84	57	43
132	84	54	43
131	83	56	48
131	83	55	48
131	83	55	48
127	85	57	47
124	85	55	49
122	85	59	50
123	86	54	51
113	88	57	49
111	92	54	47
105	92	59	46
95	98	59	45
87	100	62	45
86	103	58	44
77	105	58	45
69	107	60	46
64	108	57	48
59	108	51	46
54	108	54	53
48	105	49	58
45	105	48	59
40	104	46	63
33	102	46	65
30	105	48	62
25	105	46	63
24	103	45	64
19	104	47	65
19	106	48	61
19	106	45	60
18	103	44	58
19	106	46	59
20	106	43	62
24	107	40	60
32	110	37	61
31	111	40	63
39	113	35	62
40	114	39	62
45	119	36	62
49	121	37	61
54	124	38	60
63	128	35	60
68	127	35	61
76	130	37	63
81	134	39	60
89	135	40	60
97	135	42	59
101	135	47	59
111	134	47	59
116	134	49	54
122	134	55	51
125	131	59	52
136	123	59	52
136	107	62	60
141	93	65	66
146	80	68	71
152	69	69	72
154	56	69	75
157	44	73	80
164	32	71	83
166	30	74	78
171	25	73	74
175	16	71	76
174	13	68	79
178	5	68	80
178	3	69	78
177	0	71	81
177	1	68	78
176	0	67	81
175	3	65	80
173	7	65	80
171	12	65	76
168	18	65	74
164	28	67	69
159	35	66	68
153	44	64	69
151	53	60	65
143	64	60	60
141	75	51	55
133	82	48	54
129	86	47	60
124	86	42	63
121	90	36	66
118	90	33	65
109	89	36	65
106	89	33	67
101	88	31	67
95	84	32	72
92	83	33	69
89	83	31	68
86	79	33	70
83	76	35	70
79	75	36	68
74	72	42	70
73	75	43	68
70	73	49	69
66	74	55	68
68	72	58	68
67	73	64	68
71	77	67	65
75	78	71	63
78	79	70	62
96	79	62	61
105	78	67	61
113	76	64	62
115	70	73	66
119	69	78	65
126	64	77	68
131	62	82	69
136	57	87	73
141	54	88	75
151	52	88	75
155	54	90	73
162	51	84	74
168	50	83	74
168	51	87	71
173	52	81	70
171	52	83	68
166	53	87	66
165	51	84	66
162	53	84	66
161	57	81	61
156	59	82	63
152	66	81	58
144	67	85	60
141	72	81	57
133	76	82	58
124	81	83	56
120	84	76	54
118	89	70	55
111	91	66	55
104	95	71	60
92	96	67	58
82	99	68	60
77	100	65	67
71	105	60	71
63	108	62	74
55	109	61	78
50	111	61	81
41	115	62	83
34	116	66	87
33	117	63	89
25	118	69	94
19	123	74	98
15	125	79	101
16	125	78	104
20	129	79	101
22	126	82	111
29	128	82	113
32	128	90	114
41	131	87	116
50	133	90	113
65	139	96	109
75	142	93	103
89	146	94	96
97	149	103	93
111	148	107	92
130	145	100	91
149	139	98	84
169	136	94	79
176	131	89	74
187	125	83	69
195	117	76	68
199	111	75	63
205	101	72	65
208	94	74	66
204	92	74	63
208	86	71	64
205	83	66	64
203	79	66	63
200	78	63	64
196	75	60	64
192	76	61	64
187	76	60	63
181	77	62	61
173	80	63	58
167	81	61	58
158	82	64	57
152	86	65	55
142	86	66	55
134	88	67	56
125	87	67	59
122	87	61	61
116	89	60	62
104	90	62	63
97	91	59	66
91	91	60	67
85	93	64	67
81	92	63	70
77	89	65	75
75	86	65	81
71	84	71	84
75	84	71	86
77	85	66	90
80	80	70	94
82	81	75	96
84	78	81	99
94	78	82	102
113	84	77	100
122	83	81	95
124	82	90	91
133	81	99	94
144	86	100	79
154	86	100	75
168	88	102	73
184	89	98	70
198	87	98	69
207	84	95	70
218	77	93	73
229	73	91	75
234	67	88	76
240	64	84	74
243	61	81	75
243	59	79	72
241	58	84	70
243	55	81	70
241	51	77	69
238	52	77	66
236	53	74	65
232	53	71	64
224	57	69	61
216	56	75	63
205	62	81	60
200	62	78	61
193	67	78	58
186	71	74	56
180	77	74	52
170	80	68	52
161	79	63	59
153	77	65	62
145	75	60	67
134	73	58	70
129	72	54	72
111	69	58	76
84	66	72	79
83	67	65	78
77	65	64	80
78	64	58	82
77	63	55	82
73	66	56	80
72	62	58	85
69	61	65	88
71	62	69	91
72	60	73	93
81	60	72	92
80	57	85	101
85	57	96	102
110	57	76	105
120	63	93	100
129	66	93	91
141	68	97	87
158	72	104	84
169	75	110	82
188	74	110	81
209	68	104	85
226	64	97	86
238	59	89	83
248	57	81	81
257	53	76	81
255	51	81	78
262	41	70	76
259	39	73	73
258	33	70	76
256	28	75	73
251	28	69	66
244	24	70	63
236	22	71	66
230	24	67	61
217	25	70	60
210	26	76	58
201	28	73	58
193	30	73	55
183	35	73	51
173	38	73	48
163	40	75	49
156	42	71	51
148	43	67	49
140	43	66	52
131	41	65	59
125	42	60	60
122	45	53	63
112	44	49	66
103	43	51	66
91	39	52	70
83	35	52	72
78	37	49	73
70	36	55	72
65	34	54	72
63	35	52	72
61	32	53	70
60	30	54	71
61	28	53	78
59	26	60	81
59	30	66	78
62	32	65	79
68	33	72	81
82	31	68	82
85	36	74	83
100	36	71	87
107	40	79	89
116	46	87	82
121	51	93	75
135	54	95	74
147	59	100	70
159	57	106	72
173	57	103	74
187	53	103	76
201	52	101	75
211	47	96	76
219	47	90	71
227	45	86	68
228	36	86	73
230	36	84	68
230	31	80	72
230	31	76	65
226	29	70	63
219	28	70	61
213	24	73	66
209	26	72	61
203	25	71	61
194	27	77	59
185	31	76	55
176	34	78	55
168	40	74	53
158	42	77	56
150	48	79	54
143	52	76	54
131	53	75	59
123	57	70	61
117	57	68	66
106	59	70	68
98	61	63	66
89	59	61	75
79	60	62	74
68	61	60	83
60	61	63	84
54	61	64	87
50	59	64	87
44	53	68	93
42	50	67	92
40	45	72	96
40	39	74	99
46	37	73	97
49	33	74	98
56	32	76	93
69	29	70	96
78	25	72	94
91	25	71	100
102	18	73	103
114	18	77	103
119	19	87	97
126	21	98	95
136	22	97	87
145	22	95	83
158	22	90	78
173	28	86	74
187	31	83	68
194	30	77	66
201	34	73	56
206	32	70	52
210	29	66	52
206	28	65	52
206	25	62	53
204	24	61	50
199	23	61	50
195	24	58	49
191	24	55	51
190	24	52	52
180	25	54	52
175	27	54	49
168	29	55	50
158	31	57	50
151	36	56	47
142	41	58	45
134	46	56	44
127	48	56	46
120	52	55	46
108	54	60	47
93	55	62	54
86	55	58	57
84	59	54	59
80	59	51	62
73	61	50	65
66	59	51	69
60	59	52	69
54	61	53	70
51	60	56	73
45	59	59	75
44	57	61	77
45	57	61	83
45	57	66	83
46	57	70	85
50	59	69	86
57	58	71	90
64	62	74	90
70	62	80	92
74	64	84	94
94	62	82	96
107	67	84	89
114	72	95	81
126	76	92	76
137	78	101	76
152	76	104	75
162	71	111	78
175	64	106	78
192	62	93	75
205	55	90	76
209	50	92	76
210	46	93	73
206	44	95	72
215	37	84	71
215	36	75	69
213	29	73	70
211	31	73	65
208	29	73	61
204	27	71	60
194	27	75	62
189	27	74	63
180	33	74	64
173	37	74	67
164	44	71	62
158	47	73	59
155	55	67	53
148	58	67	52
142	66	58	46
132	69	59	46
130	70	52	50
124	73	50	52
120	73	42	54
106	75	39	57
97	73	39	58
90	74	38	55
83	71	37	58
76	71	36	57
70	68	39	58
65	69	39	55
58	67	41	57
55	67	42	54
51	65	41	55
50	64	38	54
51	64	37	55
51	67	36	51
50	65	38	58
55	66	37	57
56	65	38	62
55	67	44	61
59	68	45	63
68	74	43	58
77	77	43	60
85	85	44	58
91	87	46	57
99	93	48	55
108	96	51	54
115	96	56	56
117	95	60	57
121	96	68	58
129	96	70	58
137	94	70	59
142	93	72	56
147	90	72	58
151	87	74	58
153	83	74	61
152	83	77	59
154	81	76	58
154	80	74	59
153	78	71	57
149	79	71	57
148	77	70	55
143	77	70	54
140	75	72	58
133	79	71	54
127	82	69	51
126	86	63	47
107	87	72	49
104	89	68	49
103	89	63	51
94	88	55	53
83	92	62	52
75	92	65	53
73	94	52	54
64	94	53	56
57	95	52	58
51	95	49	60
46	95	50	65
41	94	51	65
38	94	50	67
33	94	53	68
32	97	52	64
32	95	51	59
31	93	54	65
33	95	53	68
34	96	56	69
36	95	58	72
43	97	60	72
51	97	59	74
58	98	58	74
67	96	54	73
74	95	63	74
87	93	52	76
111	93	38	80
116	88	49	80
122	86	52	82
137	83	53	82
141	79	59	78
153	80	69	74
163	78	63	70
172	76	58	70
175	73	58	69
179	71	58	69
181	71	58	62
176	70	60	62
177	67	59	61
177	65	57	58
170	66	62	55
169	62	58	58
163	63	53	56
154	64	54	55
146	65	58	58
138	65	58	60
128	68	57	61
123	67	56	61
109	71	61	60
104	73	59	57
96	78	55	55
88	81	58	56
82	83	56	56
69	84	58	58
63	84	62	60
59	83	57	63
52	83	56	66
48	83	53	67
41	84	55	69
38	85	54	69
34	85	55	72
30	88	54	71
30	87	50	75
28	89	50	75
24	93	54	74
23	95	53	75
24	99	52	73
26	103	51	75
31	109	49	73
34	111	49	77
39	117	49	77
41	121	51	74
52	125	48	75
58	132	48	72
68	135	49	74
76	143	52	68
84	146	52	66
92	153	61	64
104	157	62	63
111	161	68	59
120	162	68	54
127	156	72	59
136	150	76	62
146	148	71	61
150	144	75	59
158	132	78	62
166	128	75	60
171	121	78	57
175	114	78	57
177	106	83	61
180	104	81	58
180	97	83	61
182	94	83	64
183	83	85	74
184	83	84	68
183	82	84	68
183	77	83	71
183	82	78	67
180	84	79	64
177	88	78	60
172	84	76	67
167	88	76	67
164	88	72	66
159	89	67	72
155	89	63	73
151	96	54	70
143	101	51	72
137	108	43	70
126	115	42	68
118	119	36	62
104	122	39	60
98	124	35	57
87	126	37	54
83	126	37	55
74	124	42	53
70	120	43	53
67	121	44	49
67	118	45	48
66	114	44	46
67	113	45	45
70	108	45	43
72	105	44	43
75	101	44	46
77	98	43	47
86	94	38	45
91	87	43	50
103	86	34	48
107	86	32	48
111	79	37	51
118	76	35	52
120	71	39	54
126	68	41	54
132	67	40	54
136	66	43	56
139	63	45	58
145	62	45	56
152	58	46	61
158	57	46	59
163	54	47	62
167	52	47	64
173	50	48	66
176	46	51	69
185	44	52	71
188	41	53	73
191	37	58	75
193	35	61	76
195	29	66	81
185	26	75	88
183	23	78	88
190	20	74	91
189	16	72	95
192	15	66	96
188	14	69	100
181	14	71	104
177	13	63	107
162	16	71	115
140	14	86	122
129	19	81	127
119	28	77	122
89	53	88	107
79	60	88	109
69	71	85	100
66	72	80	100
63	75	76	96
61	78	72	95
59	83	71	94
63	88	68	85
63	86	63	85
67	85	61	81
71	86	55	77
78	87	50	76
86	87	42	69
97	86	36	70
107	81	30	67
117	83	26	63
119	82	27	65
122	81	40	64
122	83	48	63
123	81	57	62
133	82	58	60
137	82	63	57
143	81	65	58
150	80	62	57
157	78	61	57
164	75	60	59
171	73	58	61
179	70	56	62
186	68	51	62
193	66	48	61
202	63	45	62
209	61	41	62
210	61	38	62
208	62	48	58
206	62	53	56
200	64	64	54
195	67	73	51
189	64	79	56
184	63	83	58
178	61	85	63
175	61	85	64
173	60	83	66
168	59	80	70
169	58	68	74
166	54	59	80
166	58	44	78
157	61	36	75
147	65	36	75
130	70	52	72
116	74	66	69
101	83	79	65
96	85	81	64
96	90	78	58
93	92	80	57
95	94	73	52
95	96	70	48
100	96	62	50
102	94	58	51
104	93	53	51
111	96	42	48
119	94	33	49
122	96	28	45
126	97	25	44
126	95	26	43
124	97	32	42
124	97	36	41
129	98	40	37
126	97	47	37
127	96	51	37
131	95	49	37
135	93	49	38
139	92	51	36
143	89	47	36
146	88	48	35
149	84	50	39
152	81	46	43
156	80	42	44
160	78	41	49
164	77	38	52
170	77	35	54
175	77	31	56
177	76	28	59
179	78	26	58
178	80	30	54
174	81	40	54
173	81	48	55
167	81	56	53
165	78	63	54
156	74	73	57
151	69	78	57
149	65	82	57
142	61	86	59
140	55	86	56
134	51	92	51
130	42	91	57
126	40	93	59
122	33	94	62
124	28	85	66
116	25	85	75
119	22	76	81
117	24	74	83
117	27	71	81
117	27	73	81
119	34	67	84
119	41	60	82
120	47	58	81
122	55	56	77
126	61	50	74
130	67	43	73
135	72	38	69
141	76	32	64
143	80	27	59
146	85	24	53
149	90	22	47
149	97	22	40
149	95	24	41
149	92	23	44
148	91	27	41
146	88	28	41
146	85	31	41
145	81	32	41
145	81	33	37
144	78	36	36
143	76	37	35
142	73	39	35
140	71	41	36
140	71	42	34
140	70	44	34
139	70	46	35
140	67	47	37
140	71	48	37
139	71	52	38
139	71	52	38
135	72	58	39
138	73	59	42
137	74	61	46
134	76	63	50
130	78	72	52
130	80	68	52
126	82	64	52
127	83	59	54
128	88	70	55
127	88	82	55
127	88	84	56
124	87	90	58
126	82	89	63
128	78	92	65
123	73	100	64
125	67	96	67
127	62	94	71
126	56	99	77
125	50	102	84
126	47	98	89
124	44	97	92
129	43	91	92
130	41	86	95
133	41	82	94
133	43	78	92
136	48	75	92
140	47	67	96
142	58	60	88
142	64	54	85
145	76	50	77
144	82	48	69
145	91	48	66
145	98	46	61
144	100	43	61
141	100	41	62
135	101	41	62
135	100	37	65
131	95	38	72
125	92	41	71
122	89	43	72
121	88	41	70
114	86	47	69
108	84	53	68
105	81	57	68
100	81	57	67
98	80	58	62
93	86	61	56
88	81	65	59
87	82	65	57
83	82	70	58
82	87	68	50
79	97	71	42
79	98	70	45
80	100	70	45
80	101	73	48
79	102	74	52
80	105	75	51
81	105	77	55
84	108	77	54
89	109	79	57
90	106	84	58
98	104	81	62
98	102	88	63
110	95	85	70
116	91	82	75
124	84	83	82
134	74	78	92
147	66	73	100
155	55	72	109
164	49	74	113
173	45	71	112
180	45	71	111
187	41	70	107
195	39	69	106
195	37	71	104
195	43	74	93
199	43	72	92
204	43	64	88
207	43	61	88
206	44	58	84
205	48	58	82
201	55	58	75
197	61	61	69
189	64	66	66
185	68	62	65
176	75	58	64
168	80	56	62
158	88	55	58
148	92	58	61
136	97	61	62
127	100	61	63
115	105	66	59
100	110	69	56
91	114	69	55
81	113	71	55
75	113	72	58
73	109	65	65
69	106	63	67
67	104	59	73
63	101	57	74
59	100	56	75
54	96	55	76
49	95	54	73
47	91	53	76
45	92	50	75
48	89	44	76
48	90	42	73
50	91	43	69
51	91	42	70
55	95	40	65
61	99	36	60
67	94	40	68
71	95	45	71
69	106	55	63
79	110	57	63
88	113	54	61
95	115	55	62
113	118	50	61
116	119	57	63
132	116	59	62
140	114	67	63
150	109	68	63
161	104	69	64
170	96	72	69
179	87	73	74
190	82	68	77
192	71	70	85
195	62	72	88
198	54	72	91
200	47	65	92
199	44	63	94
199	38	63	93
196	36	68	93
197	34	66	91
194	36	65	87
191	36	64	84
188	36	60	83
184	39	59	78
175	39	65	83
174	39	57	81
171	42	51	81
169	40	44	84
162	42	44	84
157	66	35	64
150	74	31	63
137	81	33	59
126	86	36	60
120	95	35	59
100	102	47	58
87	103	50	59
81	107	52	59
74	107	52	58
65	108	59	60
61	107	59	64
59	105	59	69
57	106	59	70
55	106	59	73
54	103	60	77
51	102	65	82
50	99	65	87
52	99	67	89
55	99	69	93
56	96	73	95
60	98	77	96
64	96	76	92
72	96	82	89
82	97	81	87
89	99	83	81
99	100	84	73
108	97	89	69
115	99	93	65
126	95	89	68
134	92	88	70
145	86	92	70
154	80	94	73
163	74	92	75
172	70	88	75
178	67	87	72
179	64	87	73
181	63	85	69
186	61	77	68
187	61	79	64
186	60	78	61
185	60	74	58
183	61	72	55
182	64	70	51
177	64	69	50
174	67	66	47
170	69	65	45
166	71	61	45
161	73	60	45
154	75	57	49
151	77	54	49
147	79	49	54
142	83	46	58
133	85	42	61
131	87	36	66
125	95	31	62
117	100	30	66
109	108	25	64
98	115	28	65
93	118	25	63
85	125	24	61
77	131	25	62
72	132	28	65
65	135	28	65
59	138	32	63
54	139	37	65
49	143	43	65
46	148	44	65
43	151	49	67
43	157	52	66
44	162	57	67
42	166	63	67
46	169	63	66
53	171	62	70
66	171	63	73
80	169	59	75
98	169	53	78
114	165	52	81
128	162	60	82
152	155	59	79
167	152	67	75
184	145	71	79
202	139	72	73
219	129	61	72
227	122	69	69
236	117	67	66
242	108	63	63
241	102	63	58
241	99	63	60
237	95	67	59
234	90	66	56
228	86	63	59
222	84	61	57
218	84	56	56
211	84	49	52
205	82	44	55
196	82	45	55
188	83	42	57
180	84	40	56
170	85	38	57
162	88	35	57
154	87	31	59
142	88	33	58
137	87	31	58
128	89	31	55
121	89	31	53
111	90	33	51
105	89	32	48
95	88	37	47
91	88	38	44
87	85	39	42
79	85	42	40
71	85	46	40
65	85	50	36
63	84	48	35
64	84	49	33
63	86	33	30
69	85	40	26
66	81	42	32
68	80	41	33
65	81	47	34
63	81	57	36
69	80	52	38
80	79	45	40
90	75	42	46
100	75	37	47
105	71	35	51
114	69	34	53
117	70	44	50
132	65	35	54
140	66	44	49
151	64	41	47
160	61	41	47
168	57	43	46
177	57	40	40
184	53	42	40
191	50	42	39
197	45	40	43
201	43	38	41
205	38	38	45
207	37	35	46
206	37	36	46
207	35	36	47
206	37	35	46
206	38	35	46
203	40	35	47
201	42	34	47
195	43	35	48
192	46	35	51
187	50	36	52
178	54	42	54
173	57	39	56
166	62	41	56
158	67	42	56
153	70	42	55
142	75	46	54
132	82	48	52
123	88	52	48
107	93	61	44
97	99	62	41
90	99	63	41
81	99	61	41
75	100	59	42
67	96	60	43
62	95	63	45
59	93	65	44
55	93	66	44
53	88	64	49
54	87	66	49
51	84	70	48
53	81	67	49
52	79	67	52
53	80	68	50
56	80	66	51
63	82	62	51
69	82	66	53
72	84	64	51
80	88	59	49
86	89	61	50
94	89	61	51
107	89	58	52
115	86	65	58
125	84	66	61
135	82	62	66
150	76	67	72
163	72	64	74
175	65	66	80
183	61	71	82
191	55	73	85
199	49	72	86
204	44	73	87
214	40	66	84
219	31	63	87
220	26	64	90
225	20	60	91
223	20	64	89
230	17	56	91
230	14	53	92
228	14	56	93
227	14	58	91
222	18	60	90
218	19	63	90
208	26	65	89
202	27	65	94
196	33	64	95
187	41	64	95
184	36	59	108
173	42	59	111
164	46	59	110
151	69	51	88
137	80	45	81
127	87	42	76
118	90	39	72
113	94	34	65
103	96	35	64
93	96	39	59
91	96	37	58
84	98	40	53
79	101	44	48
77	99	42	46
78	97	38	45
80	95	39	41
80	92	39	44
82	92	38	43
81	93	40	40
88	88	37	42
91	91	35	42
96	90	33	40
99	86	35	43
106	83	31	45
109	87	32	42
115	86	33	42
117	85	38	41
123	88	40	39
127	86	43	39
133	87	43	38
139	86	45	37
144	85	44	38
147	82	46	40
153	79	47	45
159	76	50	49
165	74	49	50
172	73	48	54
178	69	49	57
181	67	50	60
184	64	52	63
188	60	52	66
191	57	53	69
190	55	58	70
195	51	56	72
193	48	59	75
191	45	59	79
186	41	63	83
180	36	68	85
175	39	67	83
171	32	68	91
161	32	71	91
144	32	82	94
131	34	89	95
125	41	82	89
114	46	84	85
103	55	87	77
90	59	91	76
87	68	96	71
80	73	105	68
75	78	89	62
66	76	83	66
64	78	81	64
60	80	79	65
59	79	78	65
60	80	76	62
59	76	80	68
58	82	81	62
59	78	81	66
61	81	82	63
63	82	81	62
67	83	84	63
70	82	86	65
76	86	84	62
82	88	84	60
87	90	85	60
93	90	88	59
103	88	86	60
112	89	87	62
117	87	90	66
127	80	90	73
134	73	94	84
144	71	91	86
153	67	92	92
162	71	91	86
171	72	86	84
176	73	82	81
180	67	85	87
192	66	76	84
194	59	77	85
198	55	78	84
200	50	74	85
200	46	74	88
200	44	70	84
199	41	68	81
197	38	69	80
192	37	69	76
190	35	67	78
186	34	67	79
181	40	67	72
176	41	66	71
171	44	66	71
164	46	66	71
159	52	64	67
153	55	64	67
146	59	65	64
143	65	62	61
138	68	62	58
129	73	63	59
125	78	61	54
122	83	59	52
114	87	62	50
110	92	62	47
105	99	60	40
101	101	59	39
94	102	60	39
91	103	58	37
85	102	60	39
82	100	59	41
78	96	57	47
75	99	59	43
72	102	58	45
70	102	58	43
66	106	60	43
66	99	61	49
64	98	63	53
62	95	68	58
61	100	72	54
62	104	68	51
60	109	71	50
61	111	71	51
63	111	75	51
65	114	76	54
67	113	77	53
71	113	76	56
73	110	80	62
78	107	80	67
83	104	79	72
93	102	75	73
93	101	81	79
103	99	80	79
112	92	81	88
117	90	84	90
123	87	81	89
126	76	90	99
132	71	94	104
137	69	100	101
142	66	97	102
148	65	90	99
147	63	95	100
150	57	86	103
151	60	81	100
149	56	80	102
149	51	75	105
149	57	72	97
146	53	68	101
143	52	66	101
139	55	66	98
133	67	63	88
130	69	63	85
126	73	56	83
125	76	50	80
121	80	46	75
113	81	45	76
107	82	44	76
101	92	43	66
99	98	39	59
93	103	39	54
88	106	39	48
83	107	39	48
78	105	37	50
74	102	35	51
71	103	36	50
67	101	37	50
65	103	35	48
60	103	37	48
57	105	38	46
57	105	36	47
57	107	36	46
56	109	38	46
57	112	40	47
59	114	38	48
60	117	39	48
60	119	42	49
67	120	41	51
70	123	48	51
79	122	47	53
86	120	50	58
90	118	51	60
96	116	51	63
106	112	47	65
116	107	50	70
120	105	56	68
131	94	56	78
137	90	64	82
147	81	64	86
157	74	66	89
165	61	68	95
172	57	74	95
178	47	69	95
183	44	72	95
189	36	67	96
195	33	65	95
194	28	68	95
198	23	67	96
197	21	69	92
197	19	68	91
198	17	65	91
196	16	66	88
192	21	64	86
189	20	64	84
183	23	64	88
176	26	67	86
170	31	68	81
166	34	67	75
159	39	68	75
149	42	68	78
137	46	74	80
129	53	76	78
121	61	78	71
107	67	83	71
97	75	86	66
89	82	87	60
76	87	88	59
69	90	85	57
60	93	84	55
53	92	86	59
47	91	81	57
43	86	83	61
39	84	81	60
39	80	78	63
36	78	82	63
39	77	77	63
37	75	76	64
36	73	78	63
39	74	83	62
44	75	80	59
49	76	77	60
49	79	78	58
55	78	77	60
62	80	74	56
68	82	72	55
73	84	76	55
77	87	79	53
89	88	71	53
95	87	77	53
112	88	75	53
117	89	76	54
131	82	67	60
140	80	65	64
151	78	63	66
162	76	62	65
171	71	59	68
176	67	60	69
182	62	57	70
185	59	57	71
191	55	53	73
193	52	50	71
192	48	52	72
191	48	50	71
191	45	48	72
186	43	49	73
183	45	51	71
179	44	49	74
173	48	51	71
166	49	52	69
163	53	55	67
155	55	55	68
146	60	57	66
135	64	63	63
127	69	61	59
122	72	62	59
111	78	62	54
99	85	63	49
95	85	64	49
87	88	65	46
80	93	72	45
71	92	65	45
65	91	63	49
61	92	60	52
51	91	62	55
46	90	63	58
38	93	69	58
38	91	64	60
35	90	59	62
31	93	71	63
32	97	72	63
36	99	74	63
39	99	78	65
45	100	78	62
51	100	78	64
57	98	85	65
64	95	93	68
80	88	92	76
92	83	103	81
109	79	91	85
123	72	91	90
139	63	88	96
151	57	89	99
165	53	86	99
172	46	87	97
188	38	77	97
204	31	68	96
210	28	62	93
213	27	61	85
217	25	56	86
216	22	55	84
217	18	51	83
216	15	51	78
211	11	52	81
209	12	51	77
204	14	49	76
199	16	49	73
192	19	49	71
183	22	54	71
176	24	55	73
167	32	56	69
159	36	55	68
151	37	56	67
143	44	59	65
131	49	62	66
126	56	60	61
115	63	65	57
105	69	66	55
94	75	67	53
83	80	68	49
74	88	70	47
64	91	71	47
55	92	71	50
50	93	70	52
41	93	72	55
34	95	76	56
32	94	73	59
27	94	75	60
24	95	75	62
23	94	77	62
25	92	75	63
23	91	79	67
23	92	84	68
27	91	86	69
30	92	92	71
39	94	89	67
46	91	87	70
51	88	99	69
65	85	98	68
77	81	96	70
87	78	93	70
105	67	92	78
114	63	91	81
131	56	80	86
142	49	79	91
157	47	73	95
167	43	72	96
176	36	75	94
182	32	73	95
188	25	69	94
195	25	64	92
195	18	64	95
195	16	64	89
199	11	57	97
195	9	60	96
192	10	64	90
187	11	69	91
183	15	70	88
177	17	71	83
171	20	74	83
163	24	79	82
154	29	72	80
144	38	65	74
134	39	68	79
129	43	66	77
115	52	70	72
103	64	70	66
98	69	68	63
84	76	73	61
78	80	75	57
71	92	68	52
64	93	66	51
58	99	64	50
53	100	64	51
51	100	60	52
48	101	61	54
42	102	61	50
40	101	62	52
38	95	62	55
40	96	60	54
39	99	61	54
42	97	63	56
45	96	62	59
49	96	63	59
51	90	66	67
59	94	61	58
68	98	64	55
75	102	66	55
82	102	68	51
93	102	68	51
108	101	62	53
116	99	68	54
124	92	71	60
135	86	69	64
146	81	67	67
160	73	63	72
170	65	64	77
178	58	63	78
185	48	60	80
191	42	62	79
199	32	55	82
206	27	51	77
208	22	51	77
209	15	50	79
210	9	49	80
209	7	49	77
207	1	49	78
206	0	45	77
204	0	43	73
201	0	48	74
201	0	45	73
195	1	50	76
192	5	51	74
185	9	54	73
179	13	57	75
171	19	60	77
163	28	64	72
152	36	68	75
144	40	70	73
132	49	73	81
121	61	79	72
109	69	82	69
95	84	86	64
84	92	89	62
73	101	88	57
65	103	83	58
58	107	85	56
51	107	81	58
43	105	82	58
41	106	79	59
