0.025066
0.039738
0.046854
0.043196
0.056050
0.051313
0.058822
0.050465
0.041948
0.053045
0.048079
0.041242
0.042978
0.047359
0.048101
0.042864
0.052012
0.050236
0.051577
0.038775
0.045936
0.037002
0.048679
0.035784
0.045457
0.041368
0.040746
0.035608
0.038233
0.041239
0.045447
0.060483
0.043168
0.043353
0.037402
0.043089
0.047116
0.044374
0.039813
0.056560
0.047560
0.037586
0.068960
0.055295
0.042192
0.049671
0.061749
0.044965
0.062575
0.048026
0.050864
0.050742
0.031187
0.045866
0.045726
0.035521
0.060232
0.052225
0.046078
0.048808
0.056169
0.062801
0.045724
0.046287
0.038208
0.046743
0.055282
0.053454
0.056791
0.047171
0.053672
0.038010
0.039155
0.047055
0.034662
0.033971
0.040594
0.041546
0.047511
0.049730
0.037620
0.061055
0.049287
0.057595
0.070158
0.056045
0.048191
0.049535
0.051911
0.046701
0.044836
0.044560
0.048902
0.047885
0.052657
0.036721
0.040457
0.044245
0.041459
0.045240
0.040554
0.040354
0.041890
0.039949
0.056521
0.056853
0.034922
0.034643
0.048816
0.055248
0.054396
0.041057
0.036109
0.056073
0.043355
0.050781
0.040062
0.038541
0.041627
0.040662
0.037594
0.060636
0.052445
0.065229
0.035603
0.050012
0.057225
0.060595
0.052989
0.048364
0.043969
0.050023
0.040518
0.041244
0.044981
0.047194
0.052719
0.101055
0.060553
0.075455
0.075733
0.064426
0.040945
0.073323
0.065967
0.087421
0.047774
0.052445
0.055718
0.069446
0.061562
0.057173
0.045141
0.053767
0.051172
0.057020
0.036938
0.051656
0.051595
0.038372
0.062278
0.046165
0.033081
0.058717
0.059541
0.059759
0.054387
0.053858
0.032293
0.046327
0.055214
0.049027
0.066784
0.084280
0.047256
0.049007
0.039270
0.046280
0.036770
0.056953
0.049853
0.040783
0.055877
0.033336
0.042982
0.039887
0.060646
0.046727
0.050577
0.069117
0.052708
0.042037
0.052166
0.056994
0.057500
0.066430
0.041194
0.060889
0.058721
0.060852
0.037568
0.050209
0.035868
0.050253
0.050814
0.040418
0.051460
0.036496
0.052914
0.053640
0.051763
0.039704
0.051247
0.045200
0.041938
0.051224
0.040515
0.046937
0.044336
0.035712
0.049671
0.044847
0.054101
0.047278
0.049146
0.049526
0.052699
0.054686
0.041663
0.033700
0.045436
0.053523
0.057311
0.054973
0.047457
0.054438
0.044278
0.038687
0.047923
0.054407
0.044508
0.041097
0.040723
0.045769
0.039620
0.041844
0.050262
0.053206
0.047182
0.067091
0.049429
0.066352
0.045673
0.039415
0.048143
0.057501
0.058665
0.038985
0.049370
0.045897
0.041353
0.045131
0.059521
0.051488
0.045719
0.049649
0.035152
0.039140
0.032035
0.046792
0.053225
0.060350
0.054588
0.041902
0.039548
0.039965
0.043939
0.047247
0.054571
0.044272
0.029563
0.046440
0.052808
0.038803
0.049328
0.055282
0.030173
0.040471
0.051166
0.046836
0.074299
0.041090
0.032643
0.042478
0.029641
0.027122
0.034649
0.048897
0.049464
0.032866
0.048900
0.043124
0.033466
0.031437
0.044391
0.047415
0.045468
0.050526
0.029505
0.049622
0.035199
0.057127
0.061237
0.054664
0.052693
0.042873
0.057583
0.044419
0.058349
0.075667
0.052747
0.041344
0.039503
0.049300
0.049754
0.045089
0.053582
0.035274
0.037052
0.040140
0.062136
0.068025
0.055370
0.050749
0.055064
0.038311
0.039290
0.041101
0.047863
0.035873
0.050034
0.044629
0.060236
0.039106
0.039793
0.053678
0.048992
0.034401
0.035675
0.035712
0.050447
0.057860
0.059532
0.045767
0.048295
0.052557
0.071269
0.053341
0.048216
0.045837
0.052979
0.028609
0.042526
0.046826
0.053532
0.042670
0.041662
0.047178
0.037761
0.040796
0.045771
0.050140
0.057534
0.051624
0.050382
0.039798
0.030216
0.034805
0.039939
0.053434
0.042628
0.053918
0.042811
0.060691
0.041597
0.047955
0.037674
0.038553
0.043186
0.047884
0.052359
0.039270
0.037990
0.047877
0.051522
0.032498
0.032557
0.041486
0.044680
0.048383
0.042851
0.054395
0.052130
0.054218
0.070992
0.047736
0.056426
0.041709
0.043754
0.052774
0.042520
0.055490
0.057516
0.051452
0.069300
0.051935
0.059859
0.058432
0.027748
0.047577
0.052782
0.074421
0.071534
0.076524
0.043544
0.045281
0.045698
0.046178
0.045239
0.025692
0.041683
0.058630
0.052402
0.064081
0.067426
0.045063
0.061654
0.054298
0.054759
0.050927
0.049754
0.041859
0.045874
0.054090
0.051109
0.052574
0.042718
0.059053
0.040874
0.042648
0.032000
0.039542
0.054686
0.056475
0.054198
0.042191
0.031216
0.037656
0.056095
0.052786
0.047307
0.047660
0.051698
0.035983
0.023729
0.040637
0.046220
0.052567
0.041964
0.043238
0.038456
0.044451
0.040828
0.039726
0.059315
0.045712
0.053516
0.042741
0.030045
0.044007
0.044525
0.070407
0.055071
0.040467
0.057893
0.049257
0.042262
0.060469
0.052890
0.055135
0.057734
0.045580
0.038072
0.058683
0.040365
0.054923
0.043399
0.050395
0.049276
0.045640
0.039617
0.054232
0.049285
0.043195
0.048846
0.041870
0.040414
0.030064
0.025955
0.038309
0.048428
0.047442
0.040349
0.053808
0.035439
0.041569
0.058544
0.046934
0.041381
0.052341
0.041351
0.040401
0.055148
0.058939
0.059479
0.061210
0.065160
0.062281
0.050714
0.047214
0.047551
0.052903
0.058288
0.068544
0.057431
0.040894
0.049855
0.052825
0.040917
0.047722
0.042693
0.040551
0.039909
0.044082
0.039666
0.037802
0.037262
0.041372
0.048644
0.039731
0.053026
0.038872
0.048808
0.037933
0.059442
0.030590
0.049854
0.064524
0.055664
0.045958
0.055918
0.049459
0.054918
0.056690
0.052922
0.047348
0.062317
0.066538
0.074203
0.064650
0.066185
0.064151
0.044960
0.036315
0.037137
0.046025
0.061843
0.038671
0.059572
0.029760
0.035527
0.041511
0.050451
0.045590
0.042263
0.041061
0.037730
0.044462
0.042567
0.026878
0.046762
0.056813
0.056543
0.053449
0.054162
0.063398
0.066520
0.043637
0.054188
0.040145
0.053958
0.042903
0.039398
0.027260
0.036773
0.047952
0.047280
0.055649
0.049979
0.041513
0.035749
0.044531
0.031165
0.060251
0.098713
0.041055
0.033340
0.038522
0.067248
0.054636
0.043943
0.044515
0.066757
0.064838
0.047873
0.073492
0.049424
0.072125
0.066967
0.062046
0.060802
0.050187
0.050380
0.043416
0.049083
0.039082
0.052279
0.043107
0.054291
0.048110
0.051966
0.046968
0.042525
0.040393
0.048803
0.048178
0.044056
0.046813
0.044942
0.069439
0.059081
0.058379
0.050157
0.066073
0.050588
0.050282
0.074622
0.054052
0.061425
0.054530
0.082737
0.064449
0.039006
0.055577
0.067867
0.068623
0.060503
0.042108
0.055668
0.074750
0.059952
0.052487
0.053633
0.033729
0.055324
0.053759
0.044435
0.050117
0.049363
0.056828
0.053677
0.054276
0.063056
0.068086
0.068021
0.058272
0.087999
0.049081
0.046787
0.032408
0.063641
0.058592
0.049097
0.059372
0.034087
0.061500
0.075410
0.069261
0.036141
0.050759
0.053186
0.056447
0.075450
0.054867
0.028347
0.035000
0.042549
0.046102
0.043551
0.041856
0.036901
0.039704
0.046503
0.050646
0.044998
0.050730
0.048275
0.052719
0.039482
0.054316
0.056068
0.056585
0.059352
0.059330
0.053092
0.055138
0.047920
0.030772
0.049237
0.039001
0.044657
0.078422
0.038721
0.026355
0.048699
0.047643
0.048193
0.033431
0.038016
0.040989
0.027665
0.034080
0.063016
0.053800
0.040763
0.036686
0.052713
0.041914
0.053435
0.061398
0.063153
0.045666
0.057409
0.085633
0.073744
0.036582
0.070781
0.066057
0.097510
0.053454
0.052620
0.098435
0.054546
0.045683
0.048746
0.043942
0.045793
0.072555
0.075258
0.056343
0.041159
0.061773
0.071326
0.062209
0.054651
0.078118
0.066444
0.058035
0.076420
0.051027
0.067270
0.084521
0.076063
0.077652
0.058725
0.048865
0.045790
0.044798
0.068354
0.050776
0.046912
0.059956
0.042348
0.053009
0.054595
0.063055
0.050680
0.048522
0.077313
0.043438
0.041393
0.041490
0.044785
0.041077
0.041273
0.074760
0.047786
0.047853
0.049583
0.046036
0.044075
0.055153
0.038633
0.040631
0.045112
0.055864
0.053744
0.065870
0.039192
0.055521
0.054017
0.057387
0.036152
0.052390
0.031449
0.041413
0.043439
0.052256
0.037128
0.054460
0.053453
0.044991
0.053388
0.052133
0.052242
0.032948
0.036924
0.050283
0.037392
0.050137
0.043939
0.047917
0.043343
0.050988
0.052044
0.037827
0.042208
0.031847
0.057774
0.063584
0.045897
0.043001
0.036701
0.034546
0.055306
0.044729
0.047520
0.044973
0.051435
0.042676
0.051477
0.052310
0.053181
0.034117
0.042310
0.033464
0.043651
0.038028
0.034724
0.042682
0.034849
0.032656
0.040322
0.042504
0.043810
0.037635
0.047022
0.036344
0.048016
0.050934
0.043296
0.042539
0.046702
0.037956
0.047610
0.054407
0.039281
0.038829
0.057185
0.039708
0.044398
0.034897
0.035392
0.042153
0.048553
0.041140
0.044190
0.039987
0.036864
0.072129
0.045722
0.052134
0.040456
0.056819
0.053668
0.069140
0.064652
0.052981
0.053258
0.062081
0.038281
0.054727
0.056614
0.044918
0.050214
0.050628
0.040223
0.071976
0.051337
0.047619
0.052460
0.046592
0.065496
0.055264
0.075116
0.039135
0.042230
0.048271
0.054766
0.039935
0.036033
0.051406
0.047615
0.050230
0.042571
0.032975
0.032018
0.053753
0.050894
0.041162
0.044798
0.050021
0.054816
0.053754
0.050971
0.054534
0.051963
0.038202
0.044898
0.041675
0.040425
0.051718
0.055480
0.047136
0.045286
0.055690
0.046827
0.054878
0.046785
0.035332
0.039914
0.043905
0.063885
0.060016
0.046544
0.051694
0.045198
0.038968
0.039166
0.041372
0.052249
0.050597
0.059437
0.043254
0.046572
0.052850
0.041308
0.044593
0.057904
0.037057
0.046984
0.038960
0.050081
0.039535
0.054464
0.046469
0.043610
0.064496
0.055583
0.068405
0.052992
0.050838
0.027985
0.036876
0.035822
0.045580
0.055090
0.052159
0.052390
0.032735
0.040742
0.030813
0.044882
0.043361
0.058589
0.046079
0.037737
0.046268
0.047612
0.038795
0.039308
0.041955
0.038043
0.038188
0.025356
0.045878
0.033938
0.047356
0.049850
0.062489
0.035486
0.054889
0.057305
0.050900
0.057775
0.062896
0.052573
0.040368
0.052987
0.037104
0.047565
0.051189
0.058529
0.043319
0.063168
0.030908
0.044240
0.043050
0.052304
0.035380
0.073423
0.046937
0.045884
0.055471
0.064763
0.063638
0.071275
0.059001
0.066030
0.056798
0.079330
0.034343
0.048712
0.030002
0.030195
0.066878
0.041108
0.040174
0.059753
0.063255
0.060424
0.056142
0.052523
0.033014
0.046888
0.048865
0.048054
0.032496
0.044480
0.052811
0.050380
0.043814
0.059736
0.045520
0.041142
0.034079
0.051369
0.037503
0.045006
0.047108
0.044010
0.052698
0.040413
0.043697
0.035198
0.038872
0.059632
0.034747
0.046384
0.029114
0.049912
0.032670
0.037498
0.054847
0.064132
0.029018
0.040276
0.033830
0.026272
0.047711
0.045151
0.051743
0.048995
0.045531
0.032033
0.041596
0.050632
0.034680
0.037891
0.042230
0.051764
0.041168
0.043541
0.046406
0.074697
0.043118
0.053022
0.054234
0.064573
0.043203
0.032256
0.055571
0.045180
0.052144
0.049771
0.041166
0.038674
0.043200
0.023196
0.057562
0.043647
0.054353
0.027581
0.038753
0.043471
0.057599
0.041872
0.040773
0.042238
0.054861
0.044237
0.043402
0.039323
0.048864
0.036520
0.049936
0.046958
0.033563
0.038306
0.043800
0.043032
0.046503
0.060558
0.055779
0.027687
0.043403
0.055270
0.043133
0.032088
0.028045
0.062275
0.053039
0.057340
0.055567
0.046890
0.041841
0.044632
0.049686
0.044062
0.050740
0.043018
0.036924
0.034519
0.054923
0.048344
0.044022
0.046536
0.049820
0.046881
0.039682
0.040508
0.046343
0.051606
0.058714
0.039215
0.040780
0.049488
0.069557
0.071412
0.063660
0.059709
0.049530
0.066977
0.057696
0.056159
0.052257
0.078290
0.061167
0.047090
0.057682
0.035862
0.045724
0.040323
0.048168
0.050373
0.053045
0.070139
0.053366
0.070760
0.042937
0.045014
0.049642
0.065598
0.052090
0.052057
0.049217
0.037540
0.047150
0.048716
0.056242
0.052903
0.046611
0.051900
0.057121
0.069423
0.051466
0.059633
0.032643
0.057215
0.044972
0.047592
0.052986
0.054794
0.035854
0.048503
0.072902
0.050332
0.037682
0.052451
0.044538
0.038151
0.041636
0.062566
0.059341
0.061674
0.044240
0.038173
0.042310
0.048478
0.046380
0.058719
0.060829
0.050183
0.056621
0.062345
0.040542
0.049676
0.050894
0.041448
0.034109
0.033461
0.039909
0.042203
0.040220
0.052227
0.075432
0.031261
0.045000
0.051795
0.047125
0.050009
0.067863
0.057052
0.051315
0.054943
0.039872
0.045093
0.043399
0.038759
0.054329
0.041140
0.066293
0.039132
0.074788
0.037727
0.046861
0.051404
0.035453
0.032247
0.036948
0.046153
0.051002
0.045279
0.050209
0.057583
0.036664
0.037004
0.065308
0.054746
0.049122
0.037696
0.057256
0.052311
0.058767
0.049594
0.034334
0.048769
0.043329
0.047613
0.041933
0.027601
0.040668
0.046840
0.053775
0.048125
0.038004
0.056685
0.051852
0.058110
0.048419
0.041689
0.059471
0.059411
0.048640
0.049968
0.034379
0.047266
0.044722
0.061641
0.053269
0.037353
0.032819
0.056016
0.061423
0.061810
0.048644
0.051963
0.045807
0.071711
0.049174
0.063050
0.051001
0.040077
0.049822
0.051688
0.046154
0.054909
0.056693
0.053484
0.050649
0.048760
0.038511
0.050457
0.041961
0.053912
0.048132
0.051995
0.037716
0.045033
0.049360
0.041549
0.065971
0.038695
0.049959
0.059030
0.054722
0.059040
0.044034
0.035349
0.035899
0.036215
0.038563
0.041895
0.059046
0.060017
0.064178
0.041144
0.035387
0.042696
0.038429
0.030536
0.032167
0.044624
0.058726
0.052510
0.060987
0.041213
0.035505
0.047237
0.067485
0.070740
0.047595
0.041836
0.054245
0.049740
0.045038
0.031389
0.041420
0.043306
0.044365
0.041825
0.049892
0.057669
0.042528
0.054630
0.043043
0.048780
0.032058
0.034936
0.039329
0.025326
0.043798
0.042638
0.047345
0.037858
0.047824
0.035466
0.047407
0.047623
0.047043
0.052876
0.049507
0.062050
0.038849
0.029387
0.044793
0.041751
0.052231
0.037833
0.047199
0.041031
0.026393
0.042342
0.042248
0.056137
0.039414
0.050334
0.036388
0.042882
0.042687
0.036732
0.049056
0.060517
0.044619
0.054380
0.047057
0.032756
0.034522
0.028091
0.047242
0.048801
0.047412
0.054524
0.049212
0.051593
0.056719
0.065988
0.049393
0.058586
0.052956
0.056673
0.054235
0.055076
0.049933
0.049408
0.038373
0.053215
0.048726
0.044274
0.044858
0.042395
0.042552
0.025969
0.046266
0.045695
0.055380
0.058920
0.052517
0.061904
0.065413
0.036378
0.034468
0.033275
0.045579
0.038063
0.032799
0.041779
0.040065
0.048351
0.063274
0.042707
0.038550
0.042689
0.046394
0.033536
0.039265
0.058862
0.053879
0.048704
0.043810
0.063573
0.035026
0.037332
0.045382
0.036280
0.046281
0.052546
0.061639
0.036720
0.034360
0.051113
0.047506
0.056904
0.037914
0.043643
0.044888
0.046857
0.058366
0.059367
0.050219
0.039625
0.037147
0.048414
0.043973
0.053108
0.051035
0.031911
0.032829
0.038067
0.054018
0.047468
0.049112
0.047172
0.067987
0.044342
0.047886
0.050483
0.059209
0.042106
0.059389
0.048692
0.046706
0.046859
0.040745
0.039869
0.041316
0.039350
0.029557
0.040687
0.042867
0.053150
0.048919
0.046826
0.029862
0.053000
0.036779
0.044620
0.038018
0.033853
0.032216
0.034502
0.040088
0.040878
0.036452
0.035255
0.042578
0.040665
0.048495
0.051211
0.051970
0.042015
0.034104
0.057551
0.042697
0.043331
0.047548
0.047797
0.041832
0.035985
0.025479
0.058730
0.044922
0.044201
0.047834
0.049320
0.045054
0.046652
0.056546
0.059240
0.044122
0.040756
0.048620
0.043358
0.044380
0.038634
0.044310
0.043283
0.049774
0.055643
0.047113
0.049060
0.041107
0.048765
0.072478
0.054671
0.069962
0.067702
0.058160
0.038229
0.046727
0.038014
0.031545
0.046419
0.048100
0.036871
0.056458
0.037904
0.043184
0.030018
0.066862
0.049799
0.045151
0.039558
0.051912
0.042350
0.050077
0.059269
0.055684
0.049790
0.053509
0.047937
0.040910
0.061703
0.058671
0.040420
0.041646
0.043311
0.043644
0.051307
0.067184
0.048359
0.040050
0.048435
0.065025
0.043113
0.052550
0.048211
0.045032
0.050819
0.074283
0.054895
0.031388
0.046121
0.056435
0.049512
0.041662
0.041761
0.038725
0.054332
0.040658
0.030494
0.038965
0.045126
0.053202
0.031372
0.037123
0.045980
0.055084
0.046685
0.042652
0.041105
0.041334
0.056964
0.052822
0.040943
0.050923
0.051031
0.039227
0.037488
0.045223
0.039924
0.036824
0.033980
0.054231
0.048888
0.048795
0.072142
0.041438
0.038892
0.043396
0.044506
0.041238
0.054322
0.046243
0.029971
0.037037
0.055629
0.038026
0.042647
0.035285
0.043405
0.046919
0.041391
0.041633
0.052029
0.048645
0.053513
0.051811
0.055987
0.038756
0.050750
0.043053
0.057810
0.054220
0.042765
0.046345
0.041850
0.053722
0.038013
0.036947
0.033975
0.050765
0.063137
0.039642
0.038562
0.040374
0.058612
0.040139
0.042715
0.038162
0.037779
0.036359
0.043027
0.045206
0.042161
0.045454
0.047298
0.049972
0.046119
0.044674
0.045876
0.037146
0.053711
0.060436
0.046381
0.045081
0.053448
0.033529
0.025528
0.042217
0.041200
0.070580
0.057919
0.041731
0.043952
0.055559
0.046874
0.038710
0.044188
0.041286
0.046646
0.035545
0.044812
0.046450
0.048297
0.046800
0.045282
0.055912
0.051457
0.040929
0.046548
0.050332
0.052059
0.038849
0.043915
0.045674
0.051214
0.056326
0.044883
0.047881
0.039994
0.046727
0.059359
0.048896
0.060038
0.047714
0.049876
0.053714
0.057866
0.041615
0.048671
0.057765
0.062309
0.047354
0.051529
0.042326
0.050226
0.044332
0.045354
0.042800
0.041489
0.035297
0.027865
0.045976
0.047974
0.043128
0.040309
0.026180
0.039190
0.035408
0.038630
0.046811
0.045898
0.047269
0.059829
0.054755
0.030213
0.036072
0.042524
0.044438
0.044912
0.036777
0.034879
0.044494
0.048345
0.046953
0.057860
0.050292
0.036770
0.035425
0.036760
0.036923
0.041941
0.049629
0.037123
0.033576
0.040796
0.050085
0.049775
0.045970
0.045504
0.047724
0.031860
0.043144
0.035090
0.049971
0.049638
0.053683
0.040324
0.056268
0.053577
0.060876
0.060624
0.046387
0.043200
0.046475
0.047767
0.051097
0.035873
0.034965
0.026780
0.041240
0.041467
0.036701
0.030147
0.036615
0.055381
0.042423
0.029463
0.027369
0.044519
0.046789
0.044798
0.053816
0.049115
0.053895
0.033217
0.049969
0.048534
0.048708
0.035646
0.044025
0.042747
0.032977
0.035702
0.042556
0.043821
0.034792
0.036590
0.037602
0.053096
0.047403
0.035302
0.063113
0.045692
0.048903
0.039679
0.034319
0.034564
0.034404
0.047364
0.047434
0.050483
0.027154
0.038640
0.044380
0.042284
0.037786
0.047815
0.052134
0.045179
0.031987
0.040430
0.033445
0.033908
0.027562
0.039346
0.043788
0.032431
0.039857
0.047971
0.036978
0.030190
0.039458
0.041407
0.038671
0.048203
0.040679
0.036815
0.034948
0.039124
0.038058
0.042739
0.044776
0.042993
0.046416
0.047111
0.034373
0.037846
0.042180
0.041019
0.044280
0.045539
0.050531
0.043059
0.041149
0.034163
0.033896
0.037630
0.042728
0.037823
0.052937
0.050152
0.038007
0.040865
0.037748
0.037736
0.044374
0.045347
0.037904
0.033165
0.059866
0.036508
0.045675
0.026745
0.038014
0.035068
0.038933
0.052484
0.042991
0.055238
0.053447
0.053085
0.039246
0.039249
0.047157
0.046118
0.040834
0.036471
0.031030
0.040743
0.048651
0.049995
0.056957
0.059575
0.060562
0.078378
0.055095
0.040193
0.047878
0.031663
0.031634
0.049553
0.033894
0.045583
0.033026
0.051297
0.063595
0.034762
0.049139
0.045143
0.036463
0.050673
0.041290
0.042207
0.043231
0.057623
0.042711
0.028311
0.050482
