0.014149
0.043908
0.036575
0.042490
0.031123
0.025875
0.037115
0.033871
0.034725
0.048688
0.044050
0.045333
0.041033
0.054607
0.048045
0.059104
0.046648
0.045469
0.054980
0.052504
0.067567
0.046928
0.040971
0.050673
0.051051
0.044443
0.049390
0.042078
0.035799
0.037081
0.050663
0.045331
0.042515
0.042250
0.043943
0.054902
0.043014
0.041907
0.046863
0.062999
0.032939
0.040546
0.051157
0.034344
0.036898
0.031643
0.038577
0.040968
0.051839
0.048347
0.040824
0.038380
0.053315
0.064512
0.037657
0.046431
0.048028
0.050951
0.041387
0.033203
0.050056
0.049878
0.061729
0.050970
0.071853
0.040578
0.043253
0.046386
0.044183
0.032425
0.029961
0.048838
0.030212
0.054420
0.037038
0.036800
0.031488
0.032818
0.027631
0.036714
0.037831
0.046133
0.044621
0.058322
0.044106
0.047770
0.041526
0.042557
0.042877
0.048263
0.034328
0.030819
0.036117
0.042993
0.032213
0.032760
0.045718
0.028561
0.048904
0.051097
0.044645
0.043777
0.042879
0.041685
0.050067
0.052001
0.058158
0.034715
0.044317
0.026881
0.028157
0.031423
0.040756
0.040960
0.038798
0.038153
0.036630
0.042590
0.042467
0.047449
0.033139
0.039814
0.023227
0.035826
0.041429
0.043943
0.044158
0.050641
0.041843
0.034853
0.030839
0.032688
0.031890
0.030895
0.043583
0.041398
0.039202
0.047914
0.052199
0.051698
0.051090
0.052396
0.045109
0.048731
0.033336
0.045629
0.028587
0.033970
0.036444
0.034868
0.032490
0.039650
0.039766
0.064278
0.050667
0.055728
0.051940
0.053693
0.044709
0.060588
0.061450
0.056559
0.057446
0.050139
0.028826
0.034891
0.045536
0.034068
0.036626
0.036547
0.037437
0.037250
0.035359
0.043237
0.034746
0.046671
0.047241
0.067220
0.054472
0.044654
0.032203
0.037373
0.039658
0.040907
0.037351
0.055524
0.039427
0.037879
0.048789
0.040905
0.034431
0.048187
0.056649
0.054265
0.040190
0.029612
0.049471
0.043508
0.040075
0.038637
0.043475
0.044420
0.043640
0.042003
0.046769
0.037684
0.052637
0.072503
0.050952
0.050593
0.038571
0.038875
0.037241
0.029599
0.041571
0.032845
0.039686
0.051949
0.036974
0.042406
0.035011
0.055382
0.056720
0.029022
0.037073
0.029780
0.037926
0.047049
0.032099
0.032658
0.056775
0.075737
0.052988
0.045209
0.027757
0.048921
0.051048
0.037798
0.032691
0.053396
0.036302
0.038793
0.024053
0.036366
0.045055
0.046732
0.041377
0.052783
0.038598
0.027092
0.033856
0.048857
0.051675
0.056540
0.039561
0.040037
0.042606
0.032883
0.039668
0.051131
0.037098
0.042561
0.039057
0.042377
0.034663
0.038397
0.039840
0.038681
0.032721
0.040067
0.042080
0.047390
0.045363
0.040485
0.034536
0.047521
0.049131
0.048846
0.041255
0.053061
0.042842
0.052250
0.049248
0.054117
0.061336
0.053015
0.056012
0.050872
0.045180
0.034193
0.033587
0.047627
0.044796
0.052282
0.053574
0.038379
0.032692
0.045586
0.053100
0.070859
0.055354
0.056261
0.061495
0.047084
0.045464
0.059696
0.054847
0.051206
0.040730
0.055022
0.055850
0.054869
0.049031
0.058824
0.032626
0.038775
0.038440
0.046426
0.041347
0.041485
0.029385
0.048264
0.032463
0.045904
0.049240
0.046648
0.045727
0.053260
0.041353
0.043883
0.041314
0.043258
0.033859
0.027140
0.035114
0.030464
0.029377
0.036409
0.043449
0.039387
0.025303
0.050439
0.046881
0.042655
0.026973
0.045531
0.027686
0.034175
0.033772
0.026604
0.039122
0.040910
0.043283
0.053431
0.049332
0.034130
0.044368
0.050749
0.031152
0.048283
0.045025
0.035632
0.028380
0.037853
0.049116
0.043666
0.044332
0.036556
0.039080
0.049205
0.043446
0.046936
0.044418
0.039758
0.042686
0.043678
0.040326
0.031660
0.044084
0.036143
0.048300
0.038669
0.043470
0.047810
0.033942
0.032359
0.044487
0.047013
0.042714
0.034591
0.040164
0.027400
0.044220
0.058485
0.033102
0.024700
0.041124
0.052006
0.050724
0.049945
0.062183
0.047633
0.052563
0.050317
0.034194
0.037311
0.045130
0.039156
0.038114
0.045547
0.043224
0.049954
0.046174
0.047348
0.046396
0.041973
0.041058
0.034204
0.034770
0.034921
0.040146
0.036398
0.031957
0.045500
0.039433
0.046314
0.051231
0.035731
0.039889
0.035614
0.031622
0.040520
0.026843
0.036967
0.039133
0.025525
0.032962
0.032840
0.043026
0.036162
0.050143
0.045266
0.053678
0.040839
0.028028
0.035255
0.049735
0.031101
0.049928
0.038548
0.031272
0.033965
0.042458
0.036728
0.042593
0.041668
0.026761
0.042197
0.037956
0.042993
0.038447
0.042310
0.050827
0.045924
0.044895
0.043075
0.033742
0.040386
0.035178
0.041684
0.044225
0.045549
0.048326
0.040071
0.050730
0.039260
0.034907
0.033931
0.033721
0.048720
0.040929
0.036566
0.025920
0.030828
0.035451
0.041193
0.043191
0.038761
0.040174
0.031247
0.044492
0.042498
0.058347
0.051082
0.058742
0.062301
0.044465
0.044648
0.044541
0.047125
0.046386
0.048570
0.034581
0.051352
0.034409
0.035099
0.042842
0.041074
0.039522
0.054038
0.055939
0.058478
0.050544
0.037692
0.029127
0.046873
0.049332
0.051856
0.046010
0.057335
0.058973
0.052252
0.057091
0.053595
0.048757
0.044232
0.053232
0.049650
0.052238
0.050969
0.057333
0.042393
0.054427
0.050564
0.053060
0.069276
0.061540
0.070476
0.032028
0.037894
0.047583
0.050181
0.035609
0.049135
0.039984
0.042938
0.037463
0.049475
0.023260
0.041386
0.042496
0.046263
0.038051
0.029131
0.054735
0.048604
0.047949
0.048477
0.057802
0.047726
0.033395
0.036677
0.030349
0.038332
0.056914
0.031304
0.046452
0.043117
0.058327
0.047606
0.046214
0.046845
0.048697
0.042425
0.038015
0.034828
0.029512
0.040040
0.052615
0.044244
0.053143
0.058239
0.053828
0.054410
0.050933
0.069892
0.054660
0.025215
0.050490
0.038810
0.053124
0.032741
0.079629
0.037042
0.044811
0.052656
0.065797
0.081861
0.057491
0.056327
0.044120
0.052935
0.076277
0.046894
0.050989
0.049809
0.053959
0.038219
0.049914
0.053836
0.051697
0.044525
0.030458
0.040980
0.044199
0.039569
0.041421
0.034602
0.034633
0.047126
0.058377
0.050202
0.042049
0.064549
0.042110
0.052023
0.037472
0.046394
0.047381
0.045148
0.042361
0.062412
0.054471
0.056345
0.048477
0.048703
0.050101
0.050317
0.047642
0.065757
0.045956
0.057690
