0.014059
0.052759
0.052420
0.033641
0.038757
0.033967
0.043809
0.037374
0.059853
0.049747
0.045455
0.041729
0.054138
0.031536
0.025099
0.036533
0.035861
0.041174
0.033401
0.046467
0.047625
0.043293
0.040523
0.041798
0.047900
0.051275
0.050915
0.033813
0.031934
0.034179
0.045262
0.046894
0.055620
0.043507
0.049290
0.050963
0.053177
0.037256
0.052802
0.048101
0.062587
0.039285
0.037624
0.050213
0.042531
0.042475
0.030846
0.045717
0.051424
0.044568
0.047613
0.042946
0.049542
0.030060
0.044084
0.038617
0.042508
0.040730
0.047944
0.046944
0.031463
0.031848
0.031705
0.033098
0.030554
0.046260
0.048102
0.044861
0.042624
0.046221
0.035776
0.049208
0.047584
0.046494
0.042009
0.047445
0.054155
0.053050
0.041111
0.048398
0.053928
0.057308
0.042208
0.045274
0.058010
0.055490
0.054146
0.042290
0.046781
0.052269
0.043816
0.035058
0.034997
0.029349
0.047657
0.049834
0.050869
0.058301
0.057478
0.038527
0.056946
0.048173
0.042569
0.039494
0.035494
0.038896
0.041754
0.036166
0.034824
0.034188
0.038434
0.047742
0.047090
0.032654
0.044296
0.034336
0.036624
0.047105
0.047951
0.087765
0.052199
0.040291
0.049685
0.037274
0.054360
0.063031
0.045919
0.048634
0.046564
0.037930
0.036916
0.038694
0.066725
0.053586
0.033779
0.070303
0.054289
0.050054
0.045581
0.053138
0.026841
0.048254
0.033836
0.040385
0.044678
0.036815
0.036178
0.038629
0.044621
0.043238
0.044720
0.025172
0.042704
0.048901
0.047986
0.039801
0.041703
0.028960
0.038964
0.037644
0.041373
0.030771
0.060012
0.037455
0.033265
0.046907
0.041386
0.042209
0.038053
0.028680
0.039422
0.027984
0.044145
0.039764
0.049317
0.041844
0.046069
0.046315
0.047196
0.032228
0.036121
0.039127
0.049779
0.051316
0.046736
0.044562
0.038693
0.049529
0.046556
0.052474
0.053450
0.050305
0.057849
0.051075
0.051167
0.062407
0.053124
0.047355
0.052217
0.038306
0.043329
0.049026
0.039654
0.052024
0.041814
0.050032
0.027105
0.039310
0.044505
0.045178
0.049479
0.035514
0.036386
0.037156
0.043693
0.035648
0.028817
0.041530
0.042147
0.054697
0.052807
0.043620
0.039022
0.025127
0.037962
0.037962
0.035129
0.047739
0.040375
0.043961
0.046891
0.043411
0.048123
0.044322
0.050847
0.048716
0.048471
0.057736
0.044218
0.058220
0.042467
0.053118
0.057216
0.057033
0.041336
0.027283
0.054903
0.041818
0.036329
0.043491
0.043561
0.045745
0.034061
0.030133
0.045942
0.035456
0.039679
0.051522
0.047680
0.046039
0.046183
0.045528
0.035262
0.041655
0.030883
0.035543
0.031547
0.039794
0.037894
0.036680
0.037731
0.042317
0.037892
0.055013
0.046966
0.049996
0.036681
0.058192
0.028492
0.031647
0.025755
0.036462
0.031229
0.042226
0.027844
0.043814
0.038943
0.050764
0.049787
0.039028
0.040103
0.032958
0.027248
0.053804
0.040858
0.037879
0.037265
0.035151
0.038184
0.035038
0.031752
0.034761
0.032158
0.035357
0.034166
0.030495
0.045237
0.045061
0.038864
0.042279
0.046529
0.042619
0.041914
0.040881
0.042646
0.041624
0.034199
0.043317
0.039132
0.043723
0.036883
0.031891
0.045040
0.045722
0.034884
0.039101
0.041308
0.039141
0.045766
0.041795
0.037318
0.049489
0.039669
0.047971
0.047472
0.036314
0.045793
0.043596
0.032218
0.041921
0.039416
0.043492
0.043509
0.035078
0.038549
0.047556
0.044582
0.043709
0.044273
0.035795
0.040451
0.051942
0.046335
0.039129
0.029139
0.039439
0.043948
0.033623
0.040262
0.049704
0.044786
0.042098
0.051180
0.049781
0.045229
0.061252
0.038977
0.056035
0.048567
0.039409
0.046981
0.040735
0.047465
0.040310
0.034717
0.037426
0.044463
0.054058
0.046388
0.050190
0.048457
0.027536
0.042239
0.053547
0.056381
0.051064
0.044355
0.037722
0.025823
0.056429
0.033181
0.045705
0.049181
0.036368
0.043016
0.042029
0.042405
0.028328
0.034877
0.037182
0.031430
0.035133
0.035899
0.037453
0.041242
0.038658
0.037383
0.031193
0.051102
0.048012
0.035896
0.052442
0.042274
0.049683
0.048064
0.043935
0.047640
0.032793
0.042666
0.036794
0.044986
0.060077
0.032409
0.036600
0.036323
0.050463
0.038062
0.031616
0.039261
0.033983
0.037109
0.061282
0.038595
0.040952
0.044562
0.039695
0.049069
0.051542
0.056676
0.042712
0.034695
0.038481
0.040397
0.030295
0.035543
0.046394
0.037072
0.036590
0.036846
0.047876
0.036333
0.034343
0.031005
0.035314
0.035963
0.049349
0.045120
0.037840
0.042645
0.052365
0.059490
0.042324
0.039294
0.040291
0.048298
0.038356
0.047021
0.041705
0.043576
0.056054
0.050213
0.050470
0.053362
0.046125
0.052642
0.047000
0.042054
0.039215
0.050131
0.044739
0.036856
0.052515
0.058047
0.038545
0.048048
0.041233
0.041967
0.039429
0.044881
0.041162
0.060162
0.032433
0.031850
0.039405
0.042648
0.035673
0.042399
0.044772
0.054867
0.033914
0.056430
0.025223
0.045781
0.050301
0.067150
0.061423
0.046375
0.038378
0.032796
0.045181
0.055522
0.053380
0.044825
0.051756
0.074655
0.055957
0.065832
0.046867
0.035734
0.048014
0.061200
0.043658
0.030627
0.043246
0.034460
0.032154
0.040584
0.040546
0.048885
0.041235
0.054475
0.046854
0.053795
0.052520
0.041906
0.033325
0.035445
0.043523
0.038626
0.046300
0.043682
0.036641
0.038364
0.039746
0.040049
0.030394
0.035404
0.053762
0.038407
0.057491
0.047574
0.044175
0.039104
0.038745
0.043640
0.044894
0.046919
0.059062
0.038985
0.051939
0.063444
0.039540
0.054409
0.041875
0.039116
0.036857
0.063684
0.034913
0.037313
0.038057
0.038970
0.048312
0.029782
0.051608
0.032005
0.045161
0.039090
0.031188
0.034392
0.040193
0.035570
0.046519
0.038338
0.048562
0.042316
0.041978
0.044123
0.023435
0.038138
0.043257
0.049816
0.033453
0.032246
0.044534
0.043707
0.042457
0.044427
0.040545
0.029984
0.037645
0.029449
0.031495
0.034468
0.043896
0.050602
0.054201
0.062063
0.035785
0.054245
0.035972
0.041235
0.030577
0.042920
0.039646
0.034222
0.041462
0.026383
0.037288
0.043345
0.045865
0.049528
0.057445
0.032783
0.047883
0.033200
0.034518
0.040952
0.045355
0.045383
0.037468
0.027493
0.045361
0.028359
0.033302
0.034173
0.043149
0.042199
0.050046
0.048417
0.036224
0.049382
0.057322
0.042922
0.044324
0.043166
0.045108
0.038446
0.037155
0.034218
0.042831
0.035071
0.038004
0.044128
0.037467
0.040414
0.033878
0.039904
0.038527
0.031995
0.032794
0.040704
0.041987
0.044342
0.040830
0.041678
0.029290
0.041549
0.039495
0.034230
0.029366
0.027981
0.036486
0.034420
0.035846
0.059522
0.034704
0.034634
0.032218
0.040467
0.025429
0.048682
0.047908
0.045627
0.053579
0.052135
0.044720
0.033686
0.047222
0.039758
0.033888
0.040143
0.041237
0.045342
0.043119
0.041477
0.027650
0.042052
0.033462
0.052868
0.035385
0.029110
0.041683
0.038409
0.043237
0.027648
0.045125
0.039786
0.040877
0.043858
0.040037
0.028283
0.053627
0.056985
0.040208
0.044778
0.037489
0.037827
0.031554
0.040474
0.030326
0.033295
0.051880
0.050026
0.047238
0.035953
0.043950
0.041856
0.041004
0.037737
0.022334
0.057345
0.041585
0.044012
0.062283
0.046096
0.039374
0.054935
0.041523
0.031115
0.036672
0.037210
0.034284
0.036351
0.049220
0.049443
0.044351
0.035249
0.032042
0.049310
0.031838
0.041923
0.041132
0.030989
0.033120
0.022796
0.034974
0.037961
0.035389
0.024550
0.038552
0.046131
0.043028
0.039853
0.032453
0.053612
0.033298
0.050856
0.046656
0.043854
0.043278
0.037301
0.042349
0.049250
0.050570
0.044410
0.055331
0.059745
0.049832
0.052320
0.038144
0.029972
0.032194
0.030076
0.033914
0.037175
0.041899
0.039896
0.049565
0.039459
0.051226
0.034903
0.040735
0.042006
0.040365
0.041256
0.039178
0.030864
0.045834
0.040452
0.055533
0.025056
0.042845
0.040393
0.038400
0.035587
0.028841
0.029954
0.042897
0.033529
0.029162
0.029780
0.043215
0.048611
0.069031
0.044375
0.043228
0.043552
0.047588
0.050482
0.051857
0.045779
0.037924
0.040486
0.076991
0.044064
0.033360
0.036831
0.031910
0.048099
0.056983
0.038440
0.041223
0.053339
0.035605
0.056213
0.035127
0.029523
0.040986
0.041282
0.035942
0.027782
0.030172
0.035650
0.055507
0.085140
0.062956
0.034698
0.040054
0.031011
0.043564
0.033626
0.039417
0.040717
0.039885
0.059042
0.048074
0.057841
0.045805
0.039991
0.046249
0.044804
0.046691
0.060862
0.040397
0.048728
0.038093
0.039398
0.060269
0.044761
0.033179
0.033280
0.038157
0.055515
0.048774
0.046663
0.054263
0.054339
0.042344
0.042124
0.035570
0.048147
0.045755
0.029858
0.043967
0.050649
0.033454
0.043525
0.054747
0.052911
0.048794
0.076522
0.052663
0.057280
0.052257
0.065054
0.060895
0.076213
0.045890
0.035924
0.046972
0.059541
0.061168
0.037724
0.060505
0.041728
0.057176
0.078256
0.054743
0.056804
0.046115
0.056308
0.054785
0.067296
0.075269
0.063872
0.050835
0.047802
0.041581
0.047684
0.043005
0.049686
0.047292
0.059654
0.062345
0.059119
0.037739
0.047834
0.057608
0.040228
0.044371
0.041969
0.048136
0.042646
0.066828
0.052175
0.044755
0.038079
0.047657
0.043998
0.036335
0.038637
0.033098
0.033253
0.041093
0.042739
0.046335
0.051501
0.035385
0.036934
0.037396
0.040938
0.039040
0.043117
0.038995
0.047227
0.028947
0.033206
0.051801
0.065776
0.036343
0.028145
0.050429
0.031339
0.040810
0.040136
0.044011
0.071200
0.045659
0.048773
0.049960
0.042506
0.036515
0.045913
0.039724
0.051673
0.046316
0.048949
0.045315
0.061677
0.057396
0.047935
0.051086
0.046900
0.048770
0.037330
0.028187
0.035514
0.042749
0.053626
0.050696
0.032636
0.048510
0.034686
0.040896
0.043270
0.047626
0.046790
0.050549
0.045353
0.035916
0.056939
0.059647
0.055846
0.087031
0.063507
0.052292
0.036252
0.029807
0.049296
0.054510
0.057305
0.046036
0.039930
0.049228
0.042041
0.047358
0.045467
0.058500
0.053568
0.046431
0.058421
0.030759
0.031620
0.048910
0.044240
0.042815
0.042470
0.047230
0.050059
0.025755
0.042367
0.030076
0.042084
0.033935
0.047354
0.031425
0.049264
0.035920
0.061117
0.043147
0.061318
0.036066
0.032052
0.034412
0.038504
0.024845
0.049040
0.040270
0.043311
0.040379
0.049814
0.047724
0.046776
0.027663
0.036531
0.037583
0.041896
0.047312
0.048731
0.048802
0.061509
0.061736
0.053165
0.034806
0.055753
0.049299
0.053658
0.040537
0.046829
0.034098
0.039302
0.050747
0.053842
0.046496
0.049683
0.054177
0.045188
0.037325
0.044735
0.050591
0.040850
0.050419
0.056380
0.042989
0.039727
0.030978
0.037146
0.040479
0.042944
0.028933
0.037985
0.035394
0.042769
0.037844
0.026202
0.035986
0.046092
0.053397
0.058084
0.046102
0.045242
0.051611
0.050256
0.051041
0.033727
0.032343
0.047747
0.047081
0.045760
0.043520
0.048226
0.042790
0.029915
0.041832
0.034178
0.035470
0.044283
0.033475
0.038911
0.039509
0.036014
0.047678
0.052224
0.045419
0.043157
0.053985
0.044502
0.037219
0.039293
0.032669
0.044216
0.048614
0.049741
0.039913
0.041170
0.042964
0.041802
0.047739
0.057660
0.053628
0.039970
0.052822
0.051555
0.038185
0.027766
0.048876
0.048011
0.042640
0.037603
0.037673
0.035941
0.038104
0.040596
0.027752
0.039073
0.034873
0.033834
0.037391
0.031032
0.046988
0.043719
0.049277
0.047147
0.050195
0.046818
0.051775
0.037350
0.040341
0.041649
0.024986
0.036980
0.041454
0.028257
0.042908
0.029688
0.034073
0.036059
0.053189
0.035257
0.042845
0.043950
0.048523
0.059984
0.024972
0.042392
0.039454
0.047706
0.041448
0.046317
0.039684
0.050942
0.055309
0.042597
0.051579
0.044866
0.048206
0.038533
0.045905
0.039603
0.041651
0.040179
0.041003
0.040829
0.044763
0.048622
0.038897
0.043647
0.035923
0.049677
0.059606
0.050332
0.036343
0.047584
0.032325
0.036333
0.041874
0.030953
0.050417
0.047783
0.034858
0.046386
0.034152
0.042118
0.042602
0.039023
0.031583
0.036495
0.038209
0.047418
0.047281
0.039262
0.051001
0.038734
0.050141
0.037711
0.038851
0.038805
0.028149
0.037159
0.037786
0.031178
0.035252
0.034448
0.029833
0.036181
0.041564
0.039025
0.032446
0.038894
0.037151
0.045007
0.045027
0.034888
0.042928
0.043246
0.038536
0.028212
0.035952
0.044168
0.048458
0.061188
0.040454
0.057448
0.034288
0.033092
0.056641
0.038988
0.046559
0.030922
0.040094
0.038836
0.041243
0.037670
0.046101
0.047900
0.049836
0.038776
0.040062
0.042257
0.063776
0.054127
0.053366
0.042050
0.053547
0.046346
0.048310
0.057841
0.045715
0.034402
0.031772
0.041645
0.049088
0.036244
0.045797
0.066204
0.051194
0.036860
0.048317
0.039139
0.049058
0.048452
0.055391
0.056598
0.034671
0.051059
0.044630
0.056526
0.046636
0.046658
0.041040
0.043154
0.040576
0.052089
0.044620
0.036028
0.049013
0.050848
0.045434
0.051840
0.059699
0.065308
0.051269
0.044725
0.039859
0.052650
0.029689
0.035161
0.036545
0.054114
0.033432
0.041531
0.029961
0.052586
0.051750
0.044338
0.049087
0.031285
0.033221
0.028524
0.036151
0.037527
0.039671
0.046728
0.049107
0.029467
0.033873
0.038341
0.051532
0.048888
0.038770
0.051859
0.046323
0.047559
0.037656
0.041050
0.043878
0.033237
0.032515
0.038932
0.038213
0.039881
0.021390
0.034817
0.045910
0.044237
0.046988
0.046506
0.045650
0.044967
0.040271
0.026100
0.031916
0.037085
0.037291
0.033028
0.041280
0.042722
0.049193
0.053260
0.048615
0.047472
0.051497
0.049401
0.039172
0.041258
0.037812
0.039770
0.045506
0.050076
0.049381
0.052271
0.045345
0.061476
0.043101
0.042100
0.039038
0.038699
0.040060
0.055652
0.054399
0.048591
0.035248
0.049834
0.029716
0.033541
0.036717
0.034708
0.035832
0.041580
0.042795
0.042916
0.050514
0.048607
0.049911
0.055004
0.046351
0.039179
0.051332
0.050279
0.051560
0.047239
0.045738
0.033618
0.038574
0.036825
0.035315
0.032731
0.039243
0.039567
0.044847
0.048224
0.044343
0.047430
0.043996
0.041360
0.025385
0.047487
0.038121
0.041772
0.037994
0.046965
0.039887
0.040499
0.030052
0.037161
0.046341
0.038941
0.050350
0.040257
0.045781
0.052402
0.040054
0.042485
0.035473
0.043748
0.053191
0.029889
0.043637
0.044003
0.032595
0.046629
0.040466
0.042703
0.050515
0.038008
0.035592
0.043432
0.033770
0.044829
0.026646
0.050419
0.052218
0.037427
0.035362
0.044012
0.030472
0.048541
0.035149
0.047627
0.049450
0.044142
0.028270
0.034831
0.039780
0.043671
0.025081
0.044910
0.052667
0.066413
0.042933
0.039710
0.033028
0.045372
0.049725
0.050040
0.043857
0.046651
0.041519
0.034218
0.043306
0.046838
0.030701
0.031318
0.039822
0.045467
0.051176
0.058297
0.036874
0.042702
0.056399
0.044238
0.045946
0.042855
0.051843
0.040284
0.045944
0.049552
0.033351
0.041131
0.057105
0.048402
0.057137
0.046128
0.044309
0.046521
0.036446
0.033531
0.047569
0.040819
0.031967
0.045556
0.037349
0.041338
0.036144
0.024408
0.035188
0.046840
0.035094
0.037438
0.037690
0.041321
0.051669
0.041219
0.039906
0.039938
0.040811
0.046027
0.049810
0.033612
0.027580
0.038721
0.043108
0.056151
0.040510
0.034770
0.040487
0.030748
0.030652
0.045412
0.048795
0.045142
0.048799
0.035510
0.028724
0.038205
0.044202
0.057155
0.061896
0.042120
0.049237
0.051944
0.041355
0.030622
0.035833
0.052533
0.041620
0.058558
0.049401
0.052797
0.042885
0.049871
0.070864
0.053235
0.063405
0.060945
0.044860
0.039097
0.035974
0.047542
0.041122
0.044294
0.035650
0.046058
0.053861
0.043237
0.046299
0.031242
0.025712
0.049821
0.040821
0.031657
0.031333
0.035936
0.039171
0.040009
0.033706
0.029474
0.034643
0.040692
0.044472
0.041810
0.037130
0.046900
0.050871
0.049358
0.052775
0.042991
0.046895
0.050195
0.040963
0.043385
0.052568
0.043121
0.048839
0.036465
0.056219
0.043816
0.035740
0.036741
0.050829
0.051903
0.059165
0.032371
0.050329
0.052728
0.040665
0.041159
0.047789
0.031763
0.038435
0.028233
0.044389
0.044732
0.037286
0.044854
0.042305
0.043819
0.054335
0.039290
0.045407
0.043779
0.050759
0.052247
0.046063
0.039309
0.042612
0.041619
0.051094
0.053637
0.073723
0.068603
0.077381
0.073051
0.067479
0.052840
0.045395
0.050700
0.050205
0.051668
0.056521
0.053821
0.064725
0.044266
0.045873
0.039128
0.042165
0.045535
0.037457
0.059226
0.035646
0.050863
0.046595
0.056309
0.058113
0.034683
0.036766
0.043611
0.031825
0.036746
0.044428
0.058023
0.054311
0.066134
0.071259
0.045415
0.042974
0.041078
0.041340
0.046946
0.057605
0.045738
0.039142
0.028039
0.044104
0.046311
0.043078
0.051919
0.051021
0.054459
0.035489
0.038117
0.033581
0.037435
0.035732
0.039306
0.033551
0.033973
0.045661
0.047420
0.054412
0.052220
0.040734
0.046835
0.044348
0.054187
0.061091
0.046591
0.036011
0.031827
0.040502
0.045373
0.036120
0.035052
0.035615
0.049745
0.046874
0.044861
0.040576
0.029807
0.049955
0.037232
0.030799
0.030967
0.048178
0.040173
0.046622
0.032924
0.043838
0.045494
0.033680
0.042795
0.058768
0.048413
0.041476
0.046199
0.050552
0.035879
0.036494
0.041225
0.039279
0.033199
0.043448
0.046759
0.042649
0.030213
0.041510
0.043138
0.036605
0.026255
0.032892
0.037364
0.040755
0.031907
0.029524
0.026616
0.043591
0.040146
0.041174
0.035627
0.030374
0.028760
0.025176
0.033699
0.033540
0.030068
0.036043
0.030218
0.028990
0.043791
0.037250
0.040108
0.036021
0.035247
0.047626
0.049142
0.047223
0.049727
0.047870
0.041337
0.037451
0.035618
0.032475
0.044472
0.035725
0.044219
0.041172
0.043298
0.041207
0.033724
0.035895
0.034105
0.040569
0.041863
0.046091
0.052119
0.055034
0.042350
0.047636
0.044706
0.035004
0.040798
0.045561
0.040593
0.047316
0.031104
0.051269
0.058693
0.040683
0.055243
0.032810
0.037143
0.042514
0.037986
0.046595
0.037923
0.049602
0.040117
0.044132
0.057307
0.038550
0.049968
0.052215
0.050189
0.042923
0.049215
0.066152
0.067127
0.040771
0.052227
0.031363
0.048572
0.050437
0.061154
0.049321
0.045371
0.039852
0.046460
0.033164
0.031104
0.040460
0.029861
0.041183
0.042738
0.045724
0.031345
0.037707
0.039618
0.040006
0.036804
0.025058
0.044046
0.041789
0.040248
0.039469
0.045083
0.046873
0.036208
0.046781
0.041798
0.042920
0.036153
0.039887
0.044335
0.048671
0.048808
0.044098
0.049747
0.028318
0.046568
0.039351
0.036808
0.041099
0.036808
0.034571
0.049495
0.037354
0.043125
0.049345
0.056410
0.052261
0.047168
0.043292
0.047499
0.069800
0.053823
0.052344
0.071233
0.036486
0.044974
0.052376
0.049047
0.033283
0.035586
0.043320
0.045958
0.028058
0.039023
0.032872
0.041139
0.031563
0.027389
0.049341
0.043627
0.029830
0.056042
0.039701
0.034247
0.034086
0.039430
0.054506
0.052678
0.048064
0.042417
0.035499
0.030561
0.036629
0.048099
0.035179
0.046518
0.046848
0.038723
0.034530
0.039585
0.036466
0.040572
0.028071
0.034843
0.046215
0.045950
0.037212
0.040393
0.032898
0.029285
0.038752
0.037668
0.035890
0.032606
0.035964
0.032468
0.042727
0.029453
0.036776
0.029517
0.034865
0.043710
0.036981
0.041626
0.039780
0.039909
0.043454
0.036293
0.039497
0.034652
0.039541
0.049722
0.032476
0.045081
0.034653
0.030766
0.035037
0.041260
0.034095
0.032129
0.039372
0.035521
0.034854
0.026470
0.031863
0.035512
0.040501
0.039457
0.043535
0.049372
0.046081
0.044991
0.040279
0.031588
0.036463
0.040305
0.036968
