0.020424
0.071296
0.059843
0.035254
0.038365
0.042270
0.071735
0.046522
0.042791
0.052583
0.052710
0.051418
0.041453
0.028868
0.048513
0.039864
0.031880
0.043638
0.039984
0.036693
0.040628
0.056236
0.055205
0.042094
0.049428
0.051333
0.025209
0.051822
0.062742
0.048790
0.061229
0.051024
0.062240
0.046409
0.046992
0.041940
0.056937
0.052081
0.039697
0.054786
0.041078
0.038018
0.040490
0.036384
0.058113
0.048098
0.052712
0.057627
0.042775
0.043077
0.044453
0.056354
0.052753
0.051640
0.060053
0.059143
0.048436
0.037237
0.037360
0.031488
0.034608
0.036627
0.047176
0.051867
0.066381
0.041713
0.037116
0.050908
0.037887
0.047644
0.042642
0.029803
0.037825
0.051564
0.049902
0.069421
0.047364
0.071875
0.054240
0.063880
0.059131
0.048950
0.048408
0.055164
0.062078
0.058186
0.062874
0.071574
0.051193
0.050234
0.051524
0.067650
0.058032
0.033338
0.033773
0.045514
0.041416
0.029171
0.033352
0.038801
0.039733
0.030712
0.032462
0.047488
0.040779
0.045491
0.046079
0.065024
0.053690
0.056764
0.062467
0.060123
0.042769
0.035375
0.042793
0.049345
0.039098
0.072617
0.062336
0.055760
0.033058
0.060057
0.048949
0.068405
0.055517
0.055704
0.050008
0.046956
0.050413
0.052847
0.054747
0.042868
0.051105
0.047396
0.055445
0.037943
0.034984
0.054724
0.040187
0.034972
0.024864
0.039746
0.041686
0.042845
0.051067
0.052698
0.051071
0.072367
0.058874
0.051518
0.044273
0.047159
0.054092
0.053635
0.042676
0.029719
0.040393
0.056700
0.050888
0.050970
0.032582
0.044974
0.045981
0.049045
0.059865
0.048731
0.051537
0.073182
0.040155
0.037350
0.039037
0.064443
0.058223
0.035164
0.049603
0.028634
0.054258
0.036339
0.036526
0.040856
0.052659
0.048491
0.039943
0.044272
0.038786
0.053891
0.044029
0.039728
0.036207
0.047002
0.077876
0.050108
0.050141
0.065716
0.052640
0.047841
0.064385
0.054415
0.050382
0.053752
0.043633
0.046347
0.053689
0.045150
0.036892
0.030764
0.041880
0.058212
0.046409
0.038278
0.044782
0.050492
0.053476
0.058377
0.049523
0.047557
0.039623
0.038126
0.049421
0.042638
0.041600
0.047156
0.022893
0.051235
0.040346
0.043827
0.035316
0.042207
0.038766
0.040751
0.040171
0.043450
0.040421
0.039758
0.054549
0.048870
0.048729
0.047486
0.065333
0.061495
0.042342
0.042670
0.030720
0.038751
0.047807
0.046788
0.064911
0.050558
0.051021
0.033379
0.044694
0.047603
0.049170
0.039036
0.038960
0.044075
0.049517
0.065728
0.039356
0.040742
0.032425
0.038047
0.027338
0.053663
0.052917
0.045423
0.027849
0.052285
0.048272
0.054830
0.054698
0.041909
0.036256
0.047703
0.065358
0.052503
0.039167
0.054687
0.048900
0.056163
0.053111
0.049928
0.040180
0.054361
0.076069
0.046510
0.063751
0.047439
0.063410
0.047643
0.060116
0.046607
0.048867
0.056553
0.058997
0.053087
0.047482
0.041010
0.055679
0.040946
0.057180
0.050987
0.049874
0.060770
0.049074
0.038249
0.024674
0.038002
0.039685
0.037341
0.035161
0.047381
0.042719
0.048747
0.055613
0.054495
0.031648
0.047436
0.045689
0.055791
0.053035
0.043456
0.049315
0.046931
0.041278
0.053726
0.041399
0.025958
0.043893
0.050476
0.047029
0.048333
0.045520
0.049335
0.053439
0.056036
0.041696
0.040748
0.049666
0.044791
0.046648
0.037520
0.041460
0.042236
0.047727
0.065845
0.031965
0.025215
0.048145
0.047624
0.069178
0.032834
0.049188
0.059422
0.063009
0.054800
0.022549
0.039407
0.044654
0.046533
0.040114
0.049477
0.045790
0.047480
0.051790
0.050536
0.051385
0.044010
0.044654
0.051567
0.048681
0.046212
0.035858
0.046115
0.066170
0.049300
0.072303
0.043459
0.042332
0.043317
0.060480
0.047453
0.027734
0.048252
0.045277
0.046444
0.030509
0.056306
0.039394
0.039542
0.042758
0.039163
0.051337
0.048639
0.056149
0.053081
0.054824
0.048320
0.037634
0.055476
0.041471
0.043519
0.043525
0.046882
0.051921
0.027927
0.047889
0.035231
0.043938
0.050584
0.047623
0.032597
0.041032
0.045566
0.050013
0.038920
0.050254
0.057164
0.052836
0.047358
0.042480
0.048937
0.055001
0.046824
0.056184
0.052866
0.051172
0.047260
0.033188
0.030219
0.042480
0.039047
0.041342
0.031443
0.035215
0.049783
0.052340
0.057507
0.051006
0.056129
0.040065
0.045295
0.036179
0.041379
0.036803
0.058102
0.049800
0.047045
0.045431
0.051792
0.051997
0.049430
0.055582
0.039301
0.042431
0.049953
0.036868
0.031060
0.037015
0.043025
0.051897
0.041778
0.063514
0.043752
0.060714
0.034589
0.042018
0.032497
0.038077
0.056734
0.049038
0.036102
0.046535
0.052379
0.048729
0.051136
0.050207
0.036561
0.049103
0.032892
0.055705
0.051246
0.041031
0.050421
0.046795
0.039730
0.053673
0.035442
0.057790
0.030059
0.036953
0.039579
0.041488
0.062056
0.064438
0.066935
0.053807
0.061968
0.049501
0.047355
0.045185
0.053090
0.051660
0.040333
0.048505
0.049545
0.048253
0.051015
0.056541
0.047097
0.035103
0.047340
0.040408
0.047497
0.050464
0.037870
0.039240
0.034935
0.057294
0.046515
0.063646
0.039684
0.037636
0.035195
0.039869
0.039851
0.051540
0.066416
0.037744
0.041377
0.047355
0.048738
0.051369
0.048987
0.056624
0.038073
0.031384
0.047235
0.059874
0.059874
0.048088
0.037957
0.028343
0.041433
0.044694
0.047283
0.032215
0.048300
0.032086
0.032883
0.046421
0.071151
0.050827
0.046653
0.038564
0.038919
0.043449
0.035735
0.046078
0.038229
0.036472
0.059895
0.037941
0.036283
0.052758
0.053432
0.040273
0.039732
0.047281
0.046619
0.051320
0.043677
0.031660
0.033314
0.048774
0.045104
0.058151
0.056036
0.064651
0.038242
0.044849
0.055034
0.050272
0.034043
0.038622
0.054802
0.052515
0.039665
0.042775
0.045115
0.051108
0.057012
0.040787
0.031338
0.039971
0.055259
0.050740
0.059961
0.033540
0.031479
0.050622
0.049560
0.046807
0.050161
0.044958
0.037958
0.060120
0.051562
0.048097
0.049726
0.044171
0.037387
0.043408
0.060223
0.048159
0.046476
0.067959
0.038299
0.046801
0.031766
0.032924
0.053779
0.058436
0.051173
0.037832
0.035842
0.041690
0.036855
0.041797
0.037307
0.038657
0.057212
0.048804
0.043270
0.045001
0.049185
0.039153
0.043525
0.068811
0.059154
0.035470
0.050257
0.046264
0.069609
0.057693
0.034465
0.048344
0.068375
0.038535
0.051179
0.069560
0.049308
0.049710
0.083801
0.044453
0.062100
0.057934
0.040256
0.058407
0.045838
0.038739
0.061368
0.042292
0.039728
0.051527
0.052589
0.049015
0.066676
0.060593
0.067151
0.061119
0.077743
0.070613
0.053252
0.061008
0.068205
0.046593
0.052254
0.035107
0.034459
0.040424
0.056457
0.053353
0.055594
0.044807
0.041495
0.048856
0.055183
0.047435
0.054480
0.055223
0.055830
0.054570
0.043655
0.045547
0.042428
0.050972
0.043687
0.039430
0.047498
0.030525
0.059207
0.083453
0.056972
0.048413
0.040704
0.050807
0.046955
0.055655
0.053178
0.053228
0.044524
0.061814
0.064128
0.051866
0.043227
0.037202
0.053902
0.047651
0.044421
0.040031
0.044026
0.059713
0.047196
0.060594
0.036057
0.038165
0.045200
0.034467
0.052064
0.055995
0.042481
0.047281
0.056991
0.057821
0.051703
0.058421
0.057058
0.048720
0.052348
0.042767
0.048512
0.049376
0.058092
0.039802
0.042725
0.037715
0.044382
0.050278
0.041059
0.035103
0.041135
0.045910
0.035197
0.060179
0.044425
0.044164
0.067603
0.037537
0.049587
0.047286
0.048404
0.042242
0.044759
0.028941
0.049896
0.038447
0.042782
0.038029
0.038833
0.045851
0.035548
0.052722
0.043663
0.048350
0.049062
0.062399
0.048478
0.056839
0.058421
0.036321
0.049037
0.038615
0.044530
0.061548
0.059628
0.063706
0.051298
0.057619
0.071410
0.042290
0.058706
0.052457
0.067958
0.041365
0.045782
0.030207
0.066651
0.050001
0.062236
0.059814
0.032182
0.037380
0.031132
0.039218
0.037301
0.037660
0.046729
0.052952
0.030166
0.057076
0.045389
0.049008
0.048365
0.052983
0.040910
0.049352
0.049804
0.044809
0.047017
0.034880
0.038790
0.057698
0.046189
0.062483
0.050324
0.051575
0.048779
0.052118
0.028879
0.042722
0.047560
0.042853
0.051563
0.041821
0.053250
0.039009
0.045508
0.046001
0.037730
0.049015
0.031367
0.043632
0.047996
0.040655
0.033287
0.036259
0.037430
0.047323
0.052189
0.038357
0.044459
0.041913
0.032471
0.039626
0.050943
0.046004
0.046479
0.054119
0.051840
0.049108
0.036484
0.045756
0.039375
0.039809
0.039928
0.048310
0.048966
0.045084
0.049669
0.044040
0.058689
0.056706
0.048977
0.052628
0.050503
0.049147
0.052808
0.043636
0.045548
0.046109
0.049621
0.053998
0.055196
0.040154
0.045574
0.036858
0.036617
0.042956
0.050177
0.046700
0.054162
0.047695
0.056166
0.053893
0.050609
0.027364
0.032590
0.048858
0.042179
0.044140
0.036372
0.048715
0.049637
0.032943
0.035862
0.046521
0.046069
0.040536
0.035662
0.047520
0.052896
0.042869
0.040957
0.045022
0.054588
0.050231
0.037712
0.058669
0.054271
0.048604
0.049965
0.041189
0.027559
0.040395
0.042507
0.052378
0.039590
0.034923
0.051432
0.035962
0.039498
0.039897
0.039350
0.032081
0.052492
0.056991
0.040039
0.049274
0.049113
0.046122
0.039003
0.033628
0.041703
0.043996
0.030474
0.035380
0.043633
0.050003
0.050260
0.044940
0.048821
0.051988
0.032621
0.059499
0.054456
0.030053
0.039151
0.027696
0.052530
0.049281
0.040234
0.047244
0.060844
0.070221
0.055730
0.040717
0.038328
0.048219
0.060671
0.059110
0.044653
0.053486
0.039515
0.032416
0.046390
0.045894
0.048133
0.050287
0.036050
0.050922
0.062782
0.041944
0.043183
0.040486
0.041465
0.034015
0.037413
0.043219
0.031708
0.045159
0.040785
0.037004
0.032835
0.029454
0.033556
0.044053
0.036780
0.032347
0.040242
0.039257
0.045391
0.035145
0.032976
0.044386
0.042440
0.052984
0.045830
0.043659
0.055465
0.068399
0.046041
0.046121
0.040156
0.053813
0.036772
0.031952
0.048285
0.053166
0.055476
0.037747
0.066907
0.062707
0.048324
0.044977
0.034840
0.045444
0.064904
0.038277
0.041527
0.042541
0.033674
0.055269
0.043385
0.052753
0.054046
0.061952
0.046153
0.069338
0.048366
0.043176
0.047594
0.033308
0.041676
0.026566
0.053120
0.063219
0.051120
0.060415
0.048561
0.048174
0.042262
0.048379
0.035714
0.047940
0.047753
0.039802
0.040254
0.048056
0.051490
0.056790
0.051407
0.052942
0.054444
0.036359
0.038753
0.035780
0.051180
0.034083
0.041481
0.046595
0.045844
0.055381
0.027251
0.038158
0.045259
0.055453
0.047652
0.050066
0.044366
0.045152
0.051941
0.045133
0.045681
0.053273
0.034754
0.053329
0.052311
0.049850
0.045679
0.049591
0.069647
0.047672
0.054137
0.027720
0.060686
0.060205
0.051468
0.046228
0.038572
0.041285
0.037679
0.042980
0.048860
0.055361
0.058289
0.050070
0.048990
0.044229
0.052972
0.050201
0.043240
0.030007
0.039120
0.043670
0.032782
0.031545
0.042437
0.031417
0.039217
0.023896
0.043441
0.052032
0.039719
0.047785
0.052053
0.057914
0.036217
0.038273
0.031212
0.045187
0.054813
0.060016
0.067202
0.028396
0.047136
0.041023
0.050507
0.075671
0.061786
0.042992
0.046723
0.069854
0.049827
0.055581
0.047705
0.044975
0.039938
0.047153
0.064411
0.061871
0.059579
0.052035
0.063398
0.083468
0.068535
0.062119
0.056733
0.049730
0.047913
0.063507
0.051968
0.050375
0.044074
0.040260
0.053798
0.043405
0.049030
0.051427
0.039827
0.045044
0.041067
0.046027
0.044195
0.032304
0.028801
0.042309
0.046877
0.039392
0.036093
0.034085
0.040787
0.050303
0.039476
0.040064
0.049883
0.034596
0.055556
0.048477
0.047523
0.063817
0.050297
0.056664
0.048568
0.026491
0.037648
0.053571
0.047153
0.052219
0.045481
0.036453
0.037357
0.040991
0.037492
0.050142
0.044024
0.026220
0.042164
0.045696
0.035522
0.042012
0.035414
0.035866
0.032861
0.043454
0.030006
0.045533
0.048878
0.048923
0.049876
0.050137
0.048637
0.042533
0.047377
0.046904
0.052056
0.043038
0.034645
0.046248
0.038189
0.041814
0.049762
0.030186
0.030223
0.047035
0.041467
0.036401
0.044163
0.056903
0.053431
0.044220
0.057222
0.031215
0.048991
0.034766
0.049570
0.026528
0.043173
0.027542
0.036388
0.050192
0.045157
0.047031
0.047523
0.043570
0.033995
0.045512
0.044004
0.048447
0.044658
0.038669
0.033817
0.043571
0.034279
0.041647
0.047470
0.045202
0.040754
0.043086
0.052869
0.042935
0.038678
0.033539
0.036656
0.042883
0.048633
0.028106
0.036814
0.039957
0.039830
0.040049
0.045837
0.041060
0.040915
0.044522
0.043658
0.046931
0.052425
0.046632
0.061727
0.048469
0.032520
0.027735
0.039210
0.036100
0.044067
0.027778
0.039588
0.044609
0.042376
0.046973
0.052630
0.050929
0.034698
0.040639
0.033725
0.033740
0.044606
0.050301
0.052167
0.045238
0.053142
0.054939
0.049915
0.043671
0.046149
0.063095
0.042389
0.036159
0.038748
0.053192
0.040171
0.055310
0.042821
0.048948
0.039598
0.046184
0.068015
0.036809
0.051172
0.044953
0.051542
0.040130
0.041543
0.034909
0.036746
0.034868
0.049148
0.032945
0.044367
0.048515
0.048281
0.039023
0.043736
0.042727
0.060168
0.060381
0.047626
0.048236
0.059627
0.058245
0.056254
0.048259
0.028533
0.045249
0.048945
0.049151
0.026481
0.041711
0.024961
0.043233
0.045528
0.042651
0.028153
0.051138
0.049391
0.056714
0.051434
0.042945
0.030763
0.031884
0.048924
0.037166
0.065573
0.026584
0.041306
0.028981
0.030753
0.053710
0.040951
0.046808
0.033038
0.044848
0.046140
0.043855
0.034395
0.043623
0.041657
0.028870
0.038223
0.045280
0.037323
0.037271
0.043334
0.025429
0.032670
0.041140
0.025243
0.046149
0.028077
0.047503
0.044116
0.035869
0.041845
0.050396
0.031435
0.041494
0.025042
0.043806
0.049229
0.034191
0.045827
0.038740
0.039417
0.049224
0.041920
0.044647
0.035058
0.059004
0.042505
0.049092
0.039642
0.031632
0.065386
0.062657
0.046400
0.048908
0.046948
0.061398
0.041796
0.056645
0.056717
0.051362
0.043542
0.042029
0.056978
0.055104
0.041275
0.054759
0.059101
0.049208
0.045432
0.057721
0.041784
0.034406
0.030943
0.034881
0.036509
0.032543
0.039525
0.038044
0.049603
0.033446
0.045680
0.033065
0.047258
0.059628
0.038294
0.033681
0.033166
0.054317
0.042134
0.032795
0.033194
0.033222
0.034024
0.025329
0.029164
0.040520
0.026249
0.033191
0.049866
0.026303
0.032241
0.037168
0.032280
0.043376
0.035940
0.025454
0.042019
0.030708
0.037172
0.026247
0.034016
0.023260
0.033498
0.027948
0.030293
0.028698
0.032565
0.024270
0.032426
0.028432
0.029885
0.039348
0.039763
0.028757
0.024775
0.023595
0.028947
0.031060
0.034134
0.025948
0.026972
0.027369
0.029177
0.026013
0.026065
0.023650
0.025944
0.033594
0.030559
0.044697
0.047812
0.047464
0.034916
0.029448
0.037531
0.027395
0.035010
0.041799
0.041068
0.048405
0.042778
0.041260
0.036921
0.031483
0.039117
0.040242
0.030772
0.051193
0.048604
0.043388
0.029141
0.042675
0.042088
0.039955
0.054938
0.046228
0.048031
0.049388
0.057078
0.052264
0.041188
0.040927
0.039871
0.033166
0.034628
0.046531
0.046678
0.037332
0.037043
0.052669
0.031871
0.033072
0.030814
0.032300
0.038522
0.045649
0.050151
0.050277
0.031391
0.045173
0.036522
0.041580
0.059042
0.045654
0.042604
0.035532
0.038051
0.052020
0.052666
0.044783
0.050696
0.042366
0.041283
0.049880
0.037695
0.039545
0.042228
0.036079
0.041718
0.045747
0.040854
0.042038
0.042940
0.051241
0.042294
0.025101
0.039803
0.035013
0.048091
0.069406
0.062342
0.048591
0.039691
0.046122
0.044615
0.064763
0.052437
0.049200
0.048949
0.055844
0.046804
0.037014
0.052530
0.042866
0.044971
0.037812
0.024830
0.046221
0.029000
0.036418
0.034963
0.037956
0.037946
0.043454
0.028892
0.041222
0.037571
0.047522
0.044925
0.055713
0.054427
0.053480
0.059419
0.050623
0.048892
0.041038
0.041128
0.044358
0.041498
0.036977
0.044851
0.035009
0.044115
0.042223
0.047523
0.034174
0.036601
0.049425
0.057143
0.036709
0.050957
0.043207
0.059715
0.062583
0.062123
0.054872
0.041309
0.038527
0.043746
0.038114
0.034397
0.033885
0.036450
0.039131
0.032903
0.054429
0.042031
0.041515
0.043058
0.044802
0.054674
0.041863
0.051409
0.050593
0.039550
0.046897
0.046502
0.037204
0.034871
0.033486
0.036476
0.051253
0.026837
0.040968
0.035243
0.030907
0.050013
0.032484
0.037583
0.042669
0.038350
0.055264
0.042402
0.045112
0.046677
0.037693
0.055377
0.044369
0.049910
0.043036
0.046436
0.048887
0.049732
0.047010
0.045986
0.044121
0.054112
0.045568
0.031419
0.040196
0.052273
0.034116
0.048433
0.041320
0.043871
0.047560
0.048410
0.040518
0.043682
0.044310
0.053015
0.045358
0.046638
0.037506
0.056363
0.045496
0.051021
0.043366
0.040718
0.042191
0.051557
0.030873
0.027065
0.037349
0.046739
0.044326
0.044848
0.043363
0.036304
0.033421
0.037032
0.032152
0.050522
0.044906
0.036050
0.046435
0.040649
0.057836
0.047749
0.040894
0.027018
0.040418
0.056994
0.051240
0.033810
0.049992
0.040267
0.031022
0.042966
0.042663
0.053411
0.023206
0.032487
0.030089
0.028184
0.036876
0.043029
0.058575
0.040519
0.064733
0.039508
0.047184
0.032915
0.044839
0.046988
0.039269
0.043667
0.049724
0.053712
0.041979
0.032292
0.043258
0.049012
0.041795
0.050542
0.048225
0.073993
0.057943
0.048454
0.055773
0.057179
0.061340
0.041686
0.038361
0.042238
0.047749
0.042366
0.040890
0.043118
0.072827
0.058787
0.055424
0.059194
0.047209
0.042730
0.036294
0.052827
0.055350
0.036638
0.055799
0.046932
0.053151
0.043566
0.040107
0.040532
0.050353
0.038090
0.053930
0.068712
0.033908
0.039103
0.038650
0.023811
0.034739
0.053704
0.048155
0.053925
0.041967
0.044078
0.044528
0.050694
0.044374
0.040887
0.036664
0.049162
0.034245
0.035610
0.033245
0.032756
0.041424
0.047837
0.046580
0.062406
0.039544
0.038843
0.039311
0.047314
0.038168
0.038406
0.031679
0.037572
0.040957
0.038499
0.038666
0.053602
0.048902
0.046146
0.038328
0.027111
0.034239
0.041325
0.048452
0.044650
0.045826
0.049342
0.053979
0.048384
0.052164
0.053039
0.057088
0.045203
0.048477
0.049915
0.040568
0.033341
0.043910
0.045714
0.047872
0.035942
0.043166
0.052474
0.049031
0.040443
0.039093
0.035507
0.032836
0.046710
0.036443
0.035514
0.041807
0.039964
0.032531
0.032108
0.046896
0.046710
0.047076
0.034280
0.030415
0.034575
0.049939
0.036113
0.039028
0.036412
0.034023
0.042420
0.048949
0.046762
0.050170
0.056190
0.052850
0.037788
0.047775
0.039454
0.046370
0.053015
0.043291
0.052395
0.044320
0.041334
0.043347
0.050448
0.060780
0.039464
0.036063
0.028166
0.035681
0.044527
0.057076
0.039619
0.054122
0.050514
0.057640
0.031226
0.072608
0.038382
0.027649
0.037972
0.040328
0.037153
0.029134
0.043576
0.044806
0.046559
0.068672
0.040678
0.041268
0.045531
0.045560
0.044282
0.029223
0.036357
0.042156
0.034043
0.039034
0.045594
0.054767
0.036024
0.055141
0.054238
0.048229
0.041405
0.063105
0.032928
0.048365
0.038842
0.031807
0.041219
0.042126
0.035577
0.046567
0.044507
0.048217
0.047485
0.055281
0.048793
0.038116
0.046767
0.037160
0.053999
0.043214
0.047108
0.053976
0.052367
0.045176
0.042117
0.041081
0.043997
0.031803
0.050813
0.042485
0.045212
0.056125
0.050283
0.051372
0.054417
0.040427
0.043761
0.050869
0.046958
0.057291
0.043204
0.026287
0.033566
0.039767
0.035128
0.037657
0.039975
0.039707
0.030868
0.034290
0.042483
0.033930
0.046379
0.034251
0.049420
0.048526
0.044662
0.048814
0.047326
0.041683
0.035148
0.040687
0.049073
0.044411
0.053316
0.043539
0.049044
0.051021
0.043427
0.048583
0.049673
0.038825
0.045799
0.030570
0.047589
0.046386
0.044650
0.043591
0.043032
0.024649
0.037441
0.056515
0.032159
0.034750
0.032839
0.036710
0.048887
0.028389
0.039346
0.045697
0.047240
0.038626
0.042698
0.029537
0.034783
0.027805
0.030872
0.046313
0.047404
0.049475
0.051459
0.049203
0.038892
0.039538
0.028458
0.035216
0.037785
0.053197
0.046909
0.045877
0.049494
0.042877
0.037385
0.043748
0.046059
0.043977
0.034127
0.029237
0.029798
0.037413
0.038549
0.035341
0.044497
0.047432
0.050729
0.045661
0.071302
0.045980
0.046763
0.045971
0.045658
0.045654
0.034420
0.043816
0.043705
0.043365
0.029133
0.038199
0.029212
0.033850
0.034902
0.039481
0.046240
0.045402
0.045675
0.034347
0.044392
0.061062
0.044461
0.035174
0.024764
0.047670
0.040381
0.043159
0.048280
0.052141
0.043526
0.044842
0.041103
0.036171
0.030211
0.037695
0.039133
0.040966
0.041511
0.045065
0.040331
0.042626
0.037062
0.039164
0.047308
0.044386
0.046652
0.054910
0.031893
0.041940
0.045571
0.042688
0.035146
0.043497
0.039625
0.042835
0.044868
0.050658
0.039692
0.036181
0.033367
0.050960
0.060947
0.044978
0.029223
0.038455
0.047038
0.043059
0.048419
0.041538
0.023109
0.040020
0.038096
0.047412
0.048564
0.041011
0.047528
0.056517
0.037970
0.040875
0.042000
0.052671
0.043840
0.034790
0.048557
0.040828
0.041994
0.037640
0.037687
0.050419
0.039939
0.053899
0.041955
0.030815
0.027654
0.029955
0.045734
0.044717
0.051478
0.031524
0.037959
0.044654
0.043643
0.039756
0.044438
0.048481
0.049031
0.041134
0.041777
0.027221
0.044735
0.027327
0.049289
0.053553
0.044420
0.038948
0.026408
0.035487
0.046972
0.048152
0.034663
0.027674
0.037688
0.044220
0.049266
0.040872
0.049571
0.029907
0.047603
0.050056
0.046030
0.049251
0.047649
0.046478
0.043701
0.039900
0.031113
0.042183
0.042332
0.040717
0.048854
0.037220
0.027176
0.032341
0.039310
0.031570
0.026546
0.032374
0.038738
0.027889
0.033114
0.046933
0.038009
0.035152
0.034575
0.037898
0.044887
0.030316
0.032383
0.031088
0.027427
0.025948
0.029236
0.029108
0.036723
0.033899
0.037286
0.032378
0.045778
0.034234
0.040438
0.040070
0.045868
0.046784
0.039078
0.063778
0.077769
0.036186
0.045616
0.042690
0.051576
0.043890
0.038356
0.057176
0.055650
0.053780
0.054592
0.048250
0.039557
0.052936
0.075021
0.053930
0.054449
0.061303
0.039805
0.040787
0.029909
0.032132
0.037263
0.041206
0.045229
0.056046
0.032344
0.041544
0.040551
0.045373
0.040457
0.048825
0.034617
0.029578
0.033020
0.049452
0.053133
0.052709
0.044876
0.034162
0.034545
0.039694
0.031847
0.040912
0.053353
0.047787
0.043550
0.055589
0.060212
0.038955
0.044495
0.046346
0.043694
0.038844
0.041516
0.056259
0.036787
0.029048
0.036161
0.050008
0.040509
0.019269
0.050061
0.032100
0.044413
0.035432
0.046297
0.049192
0.052588
0.033268
0.039607
0.048049
0.041699
0.052723
0.042701
0.046332
0.051481
0.043152
0.041335
0.046137
0.032721
0.030716
0.041241
0.032394
0.032351
0.026849
0.033224
0.038938
0.032516
0.054673
0.049961
0.044098
0.034121
0.041637
0.056660
0.050064
0.046183
0.043489
0.029384
0.027890
0.048738
0.028064
0.050536
0.029021
0.053704
0.064715
0.048644
0.053404
0.043384
0.047300
0.061051
0.042411
0.046278
0.041866
0.031095
0.040307
0.031217
0.044635
0.047822
0.041946
0.048140
0.037470
0.027292
0.042460
0.051382
0.037039
0.038329
0.033335
0.038109
0.046530
0.046014
0.037770
0.043004
0.033904
0.046126
