0.007393
0.048071
0.035619
0.059009
0.035462
0.041738
0.040988
0.030061
0.040275
0.052175
0.030988
0.040128
0.045921
0.052107
0.036937
0.030581
0.047773
0.050766
0.045071
0.050180
0.046278
0.041377
0.047047
0.041464
0.037899
0.047816
0.053890
0.038548
0.027548
0.035804
0.029734
0.038852
0.049813
0.053220
0.048485
0.047626
0.051053
0.044085
0.032464
0.037756
0.047700
0.043204
0.036556
0.037416
0.045236
0.038063
0.049509
0.054451
0.037362
0.030109
0.051106
0.053434
0.039985
0.043535
0.034765
0.050048
0.045944
0.046006
0.046411
0.060232
0.044530
0.036430
0.069090
0.048964
0.048505
0.044771
0.060490
0.052456
0.064260
0.058873
0.056457
0.040988
0.032392
0.051933
0.052985
0.052054
0.054268
0.063572
0.045019
0.049088
0.050083
0.049170
0.064357
0.085073
0.064358
0.070270
0.054133
0.064930
0.054706
0.045530
0.036087
0.046055
0.050679
0.046953
0.054644
0.046535
0.049649
0.049305
0.049047
0.047137
0.081411
0.039002
0.034262
0.053613
0.050673
0.036442
0.040202
0.045845
0.032661
0.047631
0.052497
0.053317
0.055441
0.047021
0.062625
0.057229
0.046759
0.057826
0.049392
0.058468
0.090647
0.040157
0.042701
0.040915
0.054650
0.049913
0.042538
0.043350
0.040232
0.038903
0.042797
0.036517
0.034842
0.064167
0.049229
0.031574
0.051979
0.055820
0.051704
0.051362
0.045294
0.043684
0.051852
0.040210
0.048489
0.051286
0.058990
0.048912
0.034383
0.054545
0.048251
0.044024
0.034802
0.049908
0.050580
0.056706
0.046203
0.067737
0.034549
0.048127
0.085359
0.051162
0.053168
0.040895
0.043165
0.035179
0.037627
0.038642
0.047846
0.051250
0.066192
0.057040
0.044914
0.050422
0.056849
0.053105
0.043883
0.056301
0.042041
0.042010
0.031077
0.039093
0.044689
0.046746
0.038726
0.034190
0.044291
0.041422
0.040635
0.040884
0.054621
0.046674
0.036827
0.035964
0.039598
0.050932
0.048652
0.039995
0.044987
0.033708
0.026384
0.060297
0.053788
0.053829
0.051895
0.051441
0.051103
0.054847
0.058623
0.042950
0.050080
0.049454
0.052294
0.059746
0.045789
0.049998
0.037035
0.028816
0.045428
0.050978
0.067872
0.033881
0.033718
0.042856
0.052137
0.055404
0.044130
0.055367
0.032417
0.043862
0.047499
0.034358
0.043850
0.032489
0.046076
0.041325
0.045424
0.057135
0.048388
0.046653
0.050421
0.067589
0.056096
0.064451
0.052666
0.054020
0.068610
0.044995
0.038061
0.048655
0.058913
0.046402
0.044336
0.051340
0.056852
0.040700
0.052194
0.052972
0.033383
0.045444
0.040985
0.040223
0.050237
0.035133
0.045766
0.046377
0.041385
0.047702
0.043842
0.045556
0.044118
0.034861
0.036572
0.049808
0.065374
0.037656
0.051945
0.045428
0.040051
0.045437
0.048315
0.038247
0.038646
0.042563
0.034061
0.044915
0.048178
0.037231
0.073865
0.077212
0.039277
0.067339
0.078405
0.064373
0.052357
0.038760
0.050033
0.037880
0.045251
0.059553
0.045159
0.071301
0.066252
0.071729
0.064591
0.031624
0.052369
0.038089
0.044260
0.036498
0.041768
0.056827
0.112628
0.061479
0.074309
0.063658
0.059495
0.049819
0.051046
0.057460
0.049072
0.039358
0.049630
0.037041
0.051670
0.053206
0.031991
0.040297
0.049234
0.037999
0.042832
0.039246
0.040473
0.031343
0.042693
0.049334
0.043639
0.048884
0.039624
0.047238
0.047995
0.047967
0.032435
0.030783
0.040126
0.053716
0.043697
0.036190
0.038836
0.064171
0.033922
0.039422
0.047482
0.053995
0.034432
0.041272
0.042187
0.048275
0.042234
0.044316
0.033368
0.046922
0.044935
0.052453
0.039635
0.051245
0.031426
0.034549
0.040337
0.046531
0.048828
0.045028
0.048044
0.045202
0.031045
0.053438
0.073459
0.047771
0.048409
0.041623
0.053969
0.044890
0.043081
0.032736
0.055119
0.048297
0.056000
0.049361
0.049727
0.049195
0.035447
0.044496
0.042270
0.036468
0.026854
0.038268
0.036890
0.045309
0.030786
0.045652
0.045517
0.045631
0.034112
0.053921
0.058679
0.062810
0.053899
0.093587
0.050078
0.053853
0.075141
0.059397
0.048390
0.051075
0.041811
0.043153
0.048391
0.039861
0.050572
0.058018
0.053943
0.065784
0.057342
0.059761
0.060509
0.062559
0.060127
0.080904
0.049222
0.057037
0.049326
0.050661
0.052176
0.054479
0.077694
0.057949
0.051753
0.054868
0.048985
0.058653
0.057429
0.053654
0.055736
0.032804
0.046198
0.054563
0.061137
0.095006
0.045372
0.042889
0.070558
0.050219
0.051300
0.054748
0.043032
0.059825
0.043521
0.036357
0.040814
0.043262
0.038456
0.034328
0.031770
0.033136
0.044698
0.038315
0.032743
0.050023
0.049692
0.059014
0.045969
0.045560
0.031772
0.040050
0.043019
0.038955
0.047244
0.050133
0.038912
0.043139
0.035377
0.039058
0.048742
0.037617
0.029447
0.033188
0.046930
0.044947
0.036208
0.050156
0.041800
0.039059
0.060486
0.052707
0.048664
0.064089
0.051485
0.051133
0.038024
0.037689
0.039836
0.053637
0.053198
0.053663
0.038992
0.045331
0.059728
0.030328
0.047781
0.044018
0.039655
0.046830
0.036989
0.057168
0.050153
0.059804
0.045270
0.051726
0.052660
0.035465
0.034165
0.047191
0.038680
0.045287
0.055811
0.043682
0.052631
0.050209
0.063605
0.055729
0.055353
0.049509
0.042104
0.035087
0.038816
0.052014
0.055608
0.050908
0.058115
0.044014
0.058879
0.041260
0.028502
0.032618
0.049565
0.046641
0.040906
0.064433
0.048860
0.072636
0.038627
0.049834
0.041892
0.050080
0.056330
0.042318
0.031569
0.057205
0.039261
0.038929
0.044698
0.049668
0.044919
0.037095
0.036196
0.038599
0.047678
0.053050
0.058790
0.034522
0.039502
0.065835
0.050841
0.033953
0.040453
0.040188
0.044889
0.050935
0.061601
0.057471
0.053706
0.064863
0.062424
0.065287
0.073823
0.059201
0.052884
0.046860
0.036617
0.058275
0.044757
0.048554
0.045596
0.046393
0.047044
0.040951
0.049099
0.045455
0.054509
0.048747
0.042903
0.049249
0.052769
0.058880
0.037225
0.069815
0.038118
0.031348
0.036716
0.054726
0.057696
0.051506
0.049510
0.060475
0.057435
0.072510
0.074822
0.063396
0.052861
0.058262
0.041642
0.067685
0.067219
0.058520
0.055220
0.049646
0.053457
0.048209
0.042905
0.062001
0.045911
0.058849
0.046234
0.051168
0.058775
0.055482
0.051523
0.031400
0.050629
0.055199
0.039098
0.048527
0.051557
0.057117
0.030197
0.063113
0.053656
0.060554
0.059786
0.053010
0.047038
0.061776
0.068243
0.057908
0.053843
0.039245
0.049213
0.040272
0.043140
0.048730
0.049549
0.049600
0.049469
0.048758
0.038617
0.059218
0.053874
0.084124
0.073607
0.036445
0.052166
0.046985
0.054621
0.061718
0.070875
0.048927
0.058421
0.060314
0.045980
0.051005
0.068666
0.052901
0.057992
0.053015
0.041993
0.077796
0.051831
0.072353
0.058731
0.036645
0.057671
0.052146
0.061408
0.045399
0.051507
0.059154
0.051798
0.047133
0.053189
0.064854
0.058975
0.059464
0.065279
0.047172
0.053216
0.053105
0.053296
0.038506
0.057181
0.087028
0.042680
0.049537
0.038760
0.051447
0.060139
0.056749
0.056844
0.059003
0.048081
0.044318
0.039834
0.036169
0.067118
0.053837
0.054058
0.040509
0.054207
0.098582
0.064773
0.067518
0.045962
0.040491
0.040045
0.034889
0.045630
0.061816
0.047448
0.041459
0.081012
0.041686
0.046573
0.045321
0.053287
0.040984
0.051647
0.048209
0.037069
0.051406
0.051618
0.037805
0.041027
0.079378
0.031974
0.037170
0.051258
0.037814
0.051218
0.031037
0.039612
0.043941
0.055713
0.044066
0.045763
0.046842
0.037842
0.051527
0.050925
0.038587
0.031507
0.040403
0.031154
0.035089
0.037918
0.030623
0.035144
0.041200
0.036962
0.047684
0.046369
0.041312
0.040174
0.048576
0.057542
0.045257
0.056340
0.056288
0.040110
0.047746
0.054441
0.058606
0.056806
0.053682
0.046137
0.047826
0.049630
0.040467
0.065857
0.067263
0.052840
0.058768
0.057076
0.048637
0.030239
0.039629
0.049975
0.047792
0.044649
0.041770
0.060789
0.059649
0.069665
0.053098
0.044329
0.050210
0.053007
0.060288
0.039914
0.054269
0.038648
0.048780
0.068683
0.038171
0.053208
0.042518
0.030368
0.057405
0.041148
0.036836
0.055561
0.044301
0.055839
0.034185
0.059867
0.051464
0.046616
0.041122
0.052352
0.062583
0.040550
0.052480
0.059687
0.039648
0.051085
0.050482
0.045053
0.051948
0.054319
0.056378
0.050778
0.036548
0.037084
0.033665
0.050874
0.038045
0.058658
0.058167
0.044416
0.065669
0.068403
0.067139
0.031519
0.062453
0.053806
0.036594
0.051306
0.038777
0.046290
0.038152
0.040330
0.029845
0.044874
0.052315
0.058341
0.050751
0.076562
0.056252
0.055026
0.053668
0.064250
0.051467
0.047495
0.056145
0.064101
0.040056
0.060618
0.030292
0.028120
0.041846
0.054414
0.039209
0.046978
0.052857
0.046628
0.043690
0.055746
0.039535
0.049009
0.044326
0.044243
0.057226
0.049472
0.030545
0.044040
0.054294
0.056500
0.033868
0.032858
0.026015
0.045450
0.036479
0.036900
0.029796
0.040170
0.045233
0.034644
0.044279
0.049391
0.039858
0.039117
0.038920
0.034188
0.042297
0.045037
0.036252
0.027789
0.038167
0.031726
0.040565
0.032954
0.052149
0.060114
0.048114
0.058580
0.052230
0.059242
0.054751
0.064490
0.048569
0.038805
0.046007
0.045472
0.041193
0.038635
0.044449
0.037027
0.036585
0.031497
0.039173
0.053124
0.058065
0.053312
0.040683
0.058627
0.045374
0.075432
0.089835
0.065871
0.070275
0.056657
0.062322
0.071643
0.055914
0.058985
0.067617
0.050628
0.072910
0.068808
0.053289
0.063271
0.074335
0.049938
0.042147
0.086042
0.075016
0.058680
0.059491
0.061614
0.039834
0.039845
0.038439
0.032119
0.054912
0.063167
0.065720
0.067344
0.055873
0.051070
0.056865
0.044603
0.044686
0.048653
0.044656
0.042422
0.055418
0.028839
0.084192
0.055812
0.075593
0.071573
0.065370
0.060420
0.047673
0.060678
0.081685
0.041403
0.033549
0.044478
0.038463
0.039419
0.042438
0.051307
0.037915
0.051201
0.056120
0.051697
0.057094
0.037420
0.040189
0.044745
0.053051
0.043547
0.063243
0.038673
0.048793
0.049389
0.040405
0.049261
0.036706
0.043088
0.051380
0.039258
0.036873
0.051061
0.040738
0.042249
0.046544
0.039263
0.025540
0.047503
0.033517
0.050993
0.040591
0.057101
0.047115
0.028082
0.045506
0.042776
0.042931
0.028443
0.048176
0.041960
0.069886
0.054991
0.047071
0.032339
0.034636
0.036351
0.027587
0.039917
0.056125
0.046249
0.064872
0.049232
0.044395
0.066917
0.044049
0.034792
0.048093
0.052013
0.063063
0.059656
0.040106
0.054767
0.045737
0.041749
0.044677
0.033628
0.035663
0.045099
0.053972
0.056336
0.038636
0.044762
0.062158
0.050526
0.031968
0.051144
0.049331
0.048270
0.051681
0.036913
0.033061
0.050037
0.047715
0.046122
0.049208
0.047465
0.042377
0.034172
0.041265
0.044595
0.062660
0.047721
0.039295
0.054413
0.049765
0.030944
0.063045
0.060997
0.054433
0.046246
0.051136
0.045520
0.051110
0.048993
0.043583
0.062661
0.052807
0.059308
0.073335
0.053425
0.052545
0.044143
0.036477
0.036067
0.033876
0.041275
0.043385
0.073511
0.044337
0.043132
0.038365
0.034964
0.043829
0.055979
0.036955
0.050735
0.042207
0.045096
0.038175
0.067798
0.056609
0.036016
0.050212
0.036467
0.037453
0.044146
0.035949
0.057457
0.054191
0.050286
0.047715
0.045457
0.056864
0.035127
0.076153
0.050817
0.053938
0.044938
0.096280
0.054090
0.052448
0.046993
0.045632
0.050733
0.058789
0.055298
0.050474
0.047999
0.030652
0.066819
0.051297
0.043513
0.049565
0.051768
0.044481
0.059864
0.048722
0.050447
0.054005
0.058194
0.040228
0.066975
0.048798
0.045972
0.046983
0.050376
0.052380
0.058543
0.056447
0.049041
0.045280
0.035836
0.055557
0.052702
0.050275
0.044838
0.062100
0.051786
0.040272
0.044767
0.053622
0.035625
0.032430
0.051054
0.083705
0.052921
0.069944
0.058223
0.052389
0.060965
0.063542
0.058474
0.048976
0.059864
0.067071
0.042130
0.057825
0.050184
0.044169
0.041219
0.047135
0.056514
0.052135
0.047757
0.062647
0.053221
0.051730
0.065096
0.046898
0.038374
0.041070
0.046252
0.055093
0.074841
0.043597
0.045056
0.058614
0.052644
0.047814
0.045623
0.040258
0.038732
0.040180
0.044341
0.024389
0.050982
0.060353
0.041034
0.046161
0.046888
0.062961
0.049353
0.055943
0.042630
0.044827
0.055809
0.044134
0.071874
0.034184
0.041386
0.038089
0.040699
0.051806
0.032707
0.040133
0.050956
0.052753
0.043938
0.050522
0.038581
0.061371
0.079828
0.049963
0.059991
0.042404
0.038041
0.041969
0.038953
0.057271
0.034500
0.035568
0.056694
0.052004
0.052925
0.064990
0.048904
0.049376
0.037759
0.045445
0.049261
0.045508
0.063163
0.051066
0.049788
0.047674
0.034804
0.040052
0.033540
0.042067
0.058582
0.058643
0.047174
0.037944
0.065006
0.045070
0.051875
0.031728
0.056256
0.049314
0.067102
0.031819
0.036546
0.074647
0.058459
0.036454
0.040402
0.039284
0.057455
0.052329
0.054147
0.053142
0.048114
0.050313
0.058862
0.048964
0.049919
0.049850
0.057138
0.049458
0.051618
0.047936
0.029518
0.030969
0.039597
0.038206
0.026060
0.044296
0.039844
0.044578
0.065089
0.031699
0.033053
0.035631
0.049015
0.045509
0.054907
0.044790
0.040461
0.061054
0.048970
0.045410
0.049911
0.055384
0.052747
0.064643
0.069204
0.114273
0.080991
0.067305
0.056031
0.046985
0.045941
0.062691
0.031473
0.052443
0.051537
0.050321
0.050870
0.037599
0.040037
0.067297
0.079181
0.053758
0.042783
0.045762
0.063522
0.061413
0.055362
0.049313
0.045794
0.046824
0.047128
0.065142
0.065381
0.059749
0.057934
0.082232
0.037230
0.053700
0.049440
0.073968
0.052693
0.060886
0.045834
0.059959
0.037327
0.034926
0.047044
0.038548
0.037487
0.036001
0.049550
0.049691
0.028548
0.035002
0.053070
0.059041
0.072306
0.035124
0.051888
0.046170
0.041611
0.049339
0.046282
0.044642
0.050951
0.046404
0.041577
0.052270
0.052206
0.056995
0.047452
0.045916
0.038360
0.046074
0.046882
0.053302
0.042984
0.043585
0.058348
0.050865
0.057561
0.066320
0.038729
0.040884
0.038025
0.039180
0.048111
0.047750
0.049797
0.044957
0.042632
0.043993
0.034024
0.029598
0.043999
0.046247
0.062662
0.046926
0.072787
0.033346
0.050016
0.067316
0.054203
0.051297
0.072602
0.045979
0.047611
0.064945
0.044713
0.051472
0.041638
0.037155
0.044197
0.032842
0.051583
0.063796
0.026202
0.042052
0.051450
0.050529
0.047652
0.043940
0.056303
0.075086
0.063478
0.048325
0.051291
0.045036
0.046746
0.045749
0.047886
0.059939
0.054700
0.046486
0.033319
0.045292
0.052766
0.047926
0.037114
0.037372
0.043904
0.052595
0.041612
0.051575
0.034611
0.046946
0.038693
0.038877
0.042115
0.046041
0.046059
0.040833
0.044909
0.030600
0.036655
0.039665
0.052934
0.054401
0.052646
0.059272
0.062713
0.071032
0.058858
0.076306
0.064147
0.069356
0.053791
0.053366
0.041492
0.051509
0.052332
0.087932
0.076711
0.071578
0.052525
0.055750
0.062549
0.074921
0.068394
0.063143
0.049870
0.035592
0.034036
0.049305
0.053124
0.044618
0.049625
0.043855
0.083288
0.096687
0.063306
0.070415
0.058924
0.058398
0.052699
0.048315
0.074428
0.059103
0.072845
0.043674
0.068335
0.058504
0.069116
0.078473
0.069514
0.064213
0.039887
0.050913
0.070970
0.066476
0.075220
0.034136
0.046661
0.056400
0.033357
0.036507
0.054696
0.034644
0.046262
0.051970
0.037845
0.052221
0.039204
0.043236
0.047064
0.043593
0.050349
0.050385
0.045226
0.038781
0.043728
0.032371
0.044578
0.038563
0.042234
0.042945
0.042636
0.034705
0.045144
0.058994
0.039358
0.037243
0.056458
0.046006
0.061453
0.064494
0.056604
0.058448
0.047632
0.048730
0.050202
0.044850
0.044560
0.032549
0.034982
0.057960
0.070724
0.058250
0.066823
0.058939
0.033824
0.038558
0.044742
0.047363
0.031966
0.061398
0.058321
0.041947
0.049560
0.043075
0.064259
0.062626
0.055004
0.034299
0.042420
0.043740
0.051361
0.057812
0.048706
0.050430
0.032938
0.032037
0.031376
0.040649
0.044942
0.034339
0.044309
0.043848
0.038838
0.044030
0.064755
0.045729
0.041168
0.046408
0.035831
0.041173
0.047777
0.033886
0.041805
0.055648
0.039580
0.052387
0.070471
0.040118
0.040849
0.062967
0.047450
0.063250
0.055079
0.030964
0.065102
0.053046
0.055158
0.036138
0.061666
0.057662
0.042962
0.061126
0.052088
0.051415
0.045624
0.075212
0.049361
0.065988
0.064233
0.056139
0.049725
0.051849
0.050140
0.053530
0.056613
0.049298
0.040122
0.048810
0.060813
0.036377
0.050415
0.035004
0.042701
0.046680
0.050204
0.048899
0.034795
0.041900
0.055864
0.053377
0.050418
0.046499
0.041270
0.038193
0.057211
0.036764
0.053701
0.043708
0.061686
0.039119
0.044311
0.045929
0.038332
0.038616
0.048132
0.039534
0.044378
0.038901
0.056205
0.040954
0.053505
0.053236
0.052955
0.051053
0.053473
0.051928
0.043320
0.058542
0.092299
0.056981
0.057916
0.082278
0.047909
0.038109
0.052535
0.050266
0.049758
0.056423
0.058663
0.053270
0.060183
0.045131
0.045255
0.069743
0.039065
0.047819
0.059762
0.043600
0.049236
0.050937
0.025417
0.052652
0.039160
0.044088
0.050489
0.036052
0.036808
0.042108
0.028379
0.032552
0.067925
0.055632
0.066530
0.053345
0.052396
0.051183
0.051358
0.046628
0.039140
0.031709
0.052898
0.036182
0.037710
0.054505
0.043318
0.048639
0.065516
0.057969
0.047210
0.040348
0.042003
0.040212
0.037726
0.062091
0.046019
0.051164
0.055240
0.052062
0.067640
0.046953
0.045010
0.050339
0.033961
0.041755
0.046829
0.032591
0.045295
0.070245
0.041737
0.031460
0.051811
0.037854
0.043931
0.048835
0.042306
0.036367
0.041068
0.052267
0.056553
0.061023
0.047899
0.050479
0.036059
0.037522
0.055286
0.048619
0.058486
0.051711
0.050056
0.075625
0.051705
0.040501
0.042208
0.045376
0.040608
0.044868
0.031547
0.041625
0.043125
0.039702
0.034967
0.034542
0.046318
0.061949
0.053187
0.041686
0.045373
0.036033
0.046366
0.062652
0.054970
0.060858
0.054281
0.043837
0.056866
0.056757
0.061586
0.045027
0.047361
0.034968
0.047010
0.037390
0.043626
0.043246
0.049057
0.056545
0.046793
0.062095
0.050238
0.035427
0.052241
0.045084
0.052119
0.050959
0.054868
0.054264
0.047666
0.042105
0.035601
0.053034
0.054244
0.068131
0.055159
0.051459
0.036938
0.047876
0.046519
0.052214
0.047576
0.058546
0.044999
0.049235
0.041998
0.052009
0.052025
0.061189
0.042298
0.036426
0.072927
0.060102
0.041212
0.043598
0.053499
0.042873
0.071497
0.048516
0.048856
0.046574
0.048084
0.055166
0.056808
0.062155
0.055196
0.048409
0.058540
0.041270
0.058524
0.059421
0.039073
0.053933
0.052795
0.046137
0.047517
0.044395
0.048136
0.039298
0.057974
0.057425
0.058937
0.047800
0.050212
0.059477
0.035478
0.048183
0.038316
0.026958
0.037414
0.035455
0.037415
0.044884
0.058704
0.063543
0.058600
0.037826
0.041527
0.035294
0.052304
0.039318
0.022169
0.044361
0.043841
0.048615
0.034311
0.039945
0.042641
0.049902
0.030816
0.043950
0.045208
0.039618
0.042516
0.039608
0.020092
0.063167
0.050742
0.065029
0.042565
0.047311
0.040367
0.047454
0.054467
0.055957
0.034898
0.049103
0.048530
0.053860
0.053900
0.055064
0.049255
0.070249
0.041426
0.049272
0.053597
0.058541
0.045392
0.049828
0.032014
0.045233
0.049030
0.046068
0.074433
0.053069
0.060810
0.053309
0.051256
0.050673
0.053256
0.038532
0.047741
0.044143
0.055232
0.048829
0.055557
0.071980
0.059411
0.062047
0.044873
0.047980
0.054561
0.060772
0.051198
0.047466
0.055948
0.061583
0.056354
0.039179
0.047994
0.044504
0.055832
0.071957
0.052847
0.038198
0.045732
0.043801
0.027620
0.050060
0.053017
0.038908
0.041764
0.046574
0.058429
0.043746
0.040458
0.041807
0.049694
0.039975
0.057255
0.045493
0.048077
0.062583
0.040117
0.030481
0.041310
0.060518
0.038594
0.036141
0.045719
0.047237
0.064732
0.060932
0.056832
0.065805
0.063341
0.050463
0.081955
0.051516
0.053705
0.042655
0.063823
0.026252
0.037466
0.048342
0.053146
0.049805
0.058681
0.044834
0.054513
0.049463
0.080277
0.041060
0.042125
0.057143
0.066719
0.056164
0.050090
0.045418
0.030455
0.040542
0.041780
0.041358
0.036912
0.044878
0.036385
0.055140
0.033575
0.058909
0.049230
0.050630
0.045957
0.052426
0.059910
0.042403
0.030476
0.058507
0.023342
0.057820
0.050797
0.086857
0.057147
0.042798
0.043553
0.030084
0.034740
0.044208
0.028666
0.051631
0.040668
0.049481
0.050705
0.048454
0.052095
0.054776
0.056815
0.047872
0.032382
0.031930
0.045011
0.047357
0.057792
0.032336
0.057021
0.037519
0.026393
0.039342
0.048431
0.045076
0.050703
0.048755
0.046799
0.051183
0.041205
0.041282
0.037887
0.049547
0.053943
0.034506
0.048527
0.041268
0.047337
0.041363
0.047132
0.044210
0.048854
0.039551
0.044878
0.052357
0.053858
0.042293
0.045209
0.040976
0.051684
0.046604
0.041155
0.023884
0.052950
0.042473
0.049417
0.056583
0.057663
0.054876
0.045674
0.038500
0.053707
0.056320
0.045254
0.043422
0.049500
0.048469
0.038740
0.033488
0.042414
0.043932
0.051079
0.055142
0.062687
0.068827
0.057182
0.045145
0.048187
0.051496
0.034207
0.041887
0.042276
0.058558
0.047675
0.050362
0.047517
0.053739
0.045870
0.070968
0.061929
0.057532
0.053670
0.049526
0.046889
0.070797
0.062480
0.040555
0.048753
0.059213
0.047648
0.061591
0.059029
0.041297
0.042302
0.049724
0.027662
0.052666
0.043238
0.034197
0.034616
0.046045
0.050611
0.055080
0.051499
0.033304
0.055266
0.051491
0.076934
0.063044
0.043014
0.034618
0.030231
0.041982
0.040811
0.048454
0.046094
0.043732
0.044571
0.047498
0.045102
0.046566
0.037087
0.038310
0.041816
0.051552
0.033740
0.036636
0.055619
0.053857
0.052838
0.049042
0.030140
0.044688
0.042559
0.058917
0.041852
0.040502
0.032911
0.032300
0.043399
0.041516
0.048608
0.036740
0.037700
0.043954
0.045790
0.043509
0.032230
0.042647
0.038485
0.047636
0.042650
0.042268
0.045477
0.031106
0.025787
0.034262
0.028528
0.037556
0.046165
0.037181
0.038766
0.034876
0.031584
0.058820
0.057052
0.051028
0.034368
0.045387
0.050292
0.053684
0.049464
0.052167
0.057262
0.041961
0.042054
0.055696
0.043348
0.040941
0.059422
0.060181
0.039379
0.043067
0.046139
0.039835
0.049346
0.056813
0.050592
0.039530
0.057389
0.045634
0.041557
0.042555
0.050180
0.049139
0.040300
0.035003
0.051199
0.059126
0.052004
0.052373
0.057963
