0.011020
0.045423
0.033441
0.035787
0.035596
0.041651
0.032903
0.049771
0.035681
0.032634
0.043844
0.049082
0.041519
0.045628
0.045955
0.043151
0.052865
0.048752
0.046681
0.047547
0.043727
0.039953
0.052542
0.044978
0.047041
0.041057
0.049669
0.039211
0.040689
0.032270
0.039753
0.044449
0.055789
0.051742
0.048414
0.046387
0.033972
0.039128
0.053670
0.053309
0.054265
0.033291
0.031481
0.032540
0.042993
0.032923
0.040028
0.046856
0.042720
0.061741
0.048203
0.045224
0.035082
0.046080
0.044209
0.039476
0.050373
0.042211
0.040800
0.028002
0.035134
0.037756
0.036526
0.040072
0.041097
0.044387
0.035089
0.027930
0.034436
0.038424
0.036866
0.036063
0.041330
0.048762
0.041674
0.043786
0.046585
0.041748
0.033617
0.027336
0.036663
0.039822
0.043147
0.052892
0.038652
0.045890
0.046067
0.034134
0.032593
0.044819
0.029252
0.039325
0.027177
0.035684
0.038933
0.041032
0.042047
0.027849
0.028054
0.040438
0.038985
0.037790
0.044762
0.060374
0.034641
0.053514
0.050108
0.031889
0.038909
0.037960
0.040025
0.054225
0.049756
0.037817
0.042073
0.028624
0.037238
0.056482
0.051370
0.035992
0.047382
0.049591
0.034894
0.046282
0.044251
0.042397
0.051315
0.050552
0.052063
0.046875
0.044910
0.048409
0.035374
0.048068
0.046202
0.032140
0.036409
0.030618
0.041264
0.049036
0.038614
0.039897
0.039684
0.042404
0.038195
0.034343
0.046188
0.035763
0.038229
0.048294
0.059082
0.077980
0.031230
0.041307
0.050581
0.051755
0.045521
0.043918
0.047729
0.053085
0.040693
0.042949
0.049417
0.048007
0.047328
0.045532
0.052816
0.048649
0.052126
0.049047
0.048305
0.047455
0.044926
0.033937
0.038180
0.039631
0.030416
0.037194
0.043206
0.030748
0.029658
0.041144
0.049900
0.041902
0.050871
0.052819
0.043068
0.045311
0.052978
0.055491
0.049397
0.029908
0.037720
0.047642
0.038220
0.045023
0.054394
0.075598
0.043719
0.062299
0.056241
0.034181
0.025587
0.032661
0.043972
0.031569
0.055157
0.048460
0.021539
0.067038
0.062681
0.038273
0.034773
0.030183
0.040688
0.028035
0.037750
0.028233
0.049306
0.059299
0.034904
0.046119
0.038130
0.035279
0.037634
0.024330
0.035141
0.032965
0.065062
0.037614
0.041824
0.044573
0.037884
0.037934
0.042121
0.042298
0.052078
0.038346
0.035230
0.040906
0.048371
0.031195
0.028808
0.031290
0.031942
0.061752
0.035379
0.039399
0.046817
0.050258
0.039417
0.039572
0.038928
0.036977
0.032370
0.056553
0.031740
0.047939
0.037687
0.041140
0.038044
0.046996
0.073780
0.062770
0.069605
0.053043
0.055398
0.042210
0.039994
0.043803
0.065825
0.058803
0.042326
0.042332
0.053467
0.048504
0.052090
0.049746
0.064137
0.064919
0.059072
0.045966
0.035545
0.044876
0.029474
0.044095
0.033673
0.040406
0.038537
0.044915
0.038912
0.039327
0.033548
0.043732
0.036039
0.029379
0.030899
0.042127
0.039809
0.038291
0.037632
0.024779
0.045258
0.029719
0.033890
0.033728
0.031390
0.038743
0.027625
0.031538
0.045146
0.027101
0.035316
0.046721
0.040338
0.031155
0.042534
0.037269
0.040082
0.032167
0.036925
0.063294
0.057711
0.102745
0.076306
0.045903
0.040621
0.033843
0.064052
0.058428
0.060616
0.041512
0.043368
0.032860
0.030930
0.042162
0.034519
0.036885
0.038332
0.036190
0.041750
0.047458
0.042353
0.054156
0.039914
0.046582
0.043301
0.041729
0.045994
0.044436
0.048453
0.050588
0.041595
0.037620
0.030276
0.038371
0.039262
0.031913
0.048931
0.036877
0.030591
0.048304
0.040017
0.036704
0.042583
0.028570
0.037262
0.039911
0.044069
0.033545
0.033480
0.039303
0.031902
0.036092
0.042316
0.039498
0.035379
0.040289
0.048326
0.047073
0.052272
0.039023
0.042341
0.060521
0.029254
0.039943
0.048105
0.045247
0.047504
0.041602
0.030745
0.040114
0.038997
0.030607
0.038678
0.039489
0.024472
0.043190
0.049233
0.047258
0.027813
0.038201
0.035313
0.040117
0.040479
0.045318
0.044452
0.058109
0.059542
0.028145
0.040128
0.029194
0.041961
0.035910
0.043200
0.025852
0.030793
0.041432
0.037015
0.037657
0.029727
0.036777
0.034016
0.030993
0.048300
0.032611
0.038691
0.036410
0.044760
0.044157
0.060747
0.030053
0.057321
0.025243
0.043074
0.042306
0.047301
0.043567
0.049597
0.043136
0.054421
0.047568
0.039681
0.043869
0.047270
0.041045
0.028457
0.044921
0.048718
0.039709
0.051860
0.045508
0.051994
0.051902
0.055028
0.053939
0.063689
0.060279
0.038043
0.042178
0.031880
0.039967
0.037314
0.045186
0.065719
0.066670
0.057248
0.057048
0.037218
0.047742
0.036534
0.043766
0.049199
0.042080
0.057726
0.031976
0.041862
0.044179
0.039327
0.032674
0.044108
0.030029
0.037984
0.038735
0.030722
0.046132
0.042423
0.038548
0.039703
0.039812
0.044705
0.042665
0.044402
0.030853
0.048634
0.040375
0.026681
0.045450
0.043530
0.046663
0.036482
0.042764
0.044901
0.045078
0.042151
0.047305
0.034974
0.054339
0.044896
0.040718
0.037978
0.057789
0.052262
0.040683
0.025134
0.047063
0.037626
0.039672
0.045082
0.037995
0.040811
0.043747
0.025791
0.036960
0.039840
0.047653
0.048745
0.049567
0.052253
0.047992
0.054550
0.047999
0.045448
0.051323
0.044780
0.038688
0.038611
0.037079
0.042535
0.040842
0.041764
0.041157
0.038505
0.043600
0.045291
0.028609
0.032271
0.044204
0.047779
0.047744
0.038594
0.059012
0.063605
0.063790
0.051991
0.047690
0.043172
0.049376
0.048746
0.039606
0.036157
0.045619
0.030086
0.035242
0.037564
0.042256
0.029757
0.026673
0.043902
0.034750
0.038854
0.058455
0.056972
0.052420
0.043270
0.046990
0.027470
0.059400
0.032032
0.053791
0.057600
0.044764
0.046113
0.055101
0.051759
0.037976
0.037837
0.035227
0.036736
0.033447
0.030767
0.046553
0.040584
0.047767
0.032613
0.037234
0.028119
0.039245
0.038034
0.036106
0.045913
0.054405
0.036813
0.062742
0.050713
0.053549
0.044418
0.041828
0.062211
0.039536
0.048292
0.053485
0.041360
0.046800
0.059330
0.045251
0.027445
0.050366
0.045678
0.049638
0.049079
0.040870
0.045086
0.062124
0.053064
0.043226
0.045810
0.049359
0.039404
0.047432
0.062196
0.035976
0.043828
0.059252
0.045785
0.034517
0.053374
0.032837
0.044255
0.040807
0.039934
0.066365
0.040795
0.043668
0.037314
0.037889
0.064804
0.044663
0.038566
0.041772
0.040585
0.043928
0.048004
0.039238
0.046481
0.043442
0.030358
0.030875
0.046265
0.044763
0.043566
0.042971
0.041828
0.046080
0.044335
0.039183
0.057933
0.064663
0.057735
0.045922
0.051219
0.038202
0.043133
0.041691
0.037068
0.036456
0.054489
0.046097
0.043500
0.045750
0.038219
0.035872
0.040957
0.030010
0.048151
0.044018
0.039017
0.040195
0.045401
0.055425
0.051302
0.053647
0.051547
0.047835
0.039800
0.035599
0.036315
0.057834
0.040925
0.046727
0.045464
0.046651
0.029481
0.034994
0.038528
0.031206
0.054471
0.040747
0.048250
0.044469
0.049186
0.040274
0.046810
0.044870
0.040362
0.042211
0.072294
0.044586
0.056170
0.031602
0.055810
0.031988
0.042547
0.032544
0.025310
0.041936
0.042881
0.040983
0.035056
0.044379
0.030649
0.037122
0.037010
0.027701
0.048470
0.040617
0.050036
0.049926
0.063250
0.031533
0.045342
0.049835
0.034402
0.048233
0.042324
0.042843
0.039479
0.035051
0.049182
0.035479
0.037770
0.045581
0.025916
0.039311
0.043170
0.034783
0.033546
0.035004
0.037256
0.038808
0.047286
0.026974
0.042966
0.043700
0.037204
0.044905
0.041391
0.043795
0.037347
0.034313
0.042301
0.033930
0.031754
0.045844
0.045675
0.057625
0.036034
0.048021
0.042509
0.023824
0.049547
0.044814
0.043629
0.048543
0.037133
0.041705
0.037060
0.035967
0.042443
0.048172
0.044455
0.044764
0.036062
0.038540
0.033477
0.033681
0.043996
0.040198
0.034455
0.039403
0.046078
0.049818
0.036943
0.047306
0.037630
0.024079
0.049353
0.031922
0.032129
0.032989
0.034350
0.045786
0.034148
0.044193
0.049957
0.057316
0.041207
0.041762
0.046754
0.043338
0.037066
0.045052
0.032411
0.034649
0.038034
0.030662
0.068959
0.031739
0.046018
0.045063
0.033366
0.027657
0.034755
0.045257
0.027349
0.040283
0.037341
0.045762
0.045022
0.037118
0.033981
0.045619
0.052714
0.044710
0.044193
0.034906
0.035420
0.041034
0.041776
0.047381
0.044134
0.025474
0.039370
0.040288
0.045561
0.035201
0.036073
0.046910
0.031357
0.042660
0.039690
0.038315
0.037972
0.034957
0.034965
0.032174
0.045305
0.050325
0.044095
0.040916
0.039088
0.042059
0.037151
0.051864
0.047688
0.045858
0.042533
0.050545
0.061239
0.054141
0.049449
0.041806
0.038906
0.037193
0.045120
0.031787
0.058596
0.045859
0.034334
0.041226
0.038252
0.038882
0.040801
0.035383
0.037637
0.032029
0.046153
0.051945
0.034970
0.056881
0.045144
0.046073
0.040919
0.057866
0.054394
0.051461
0.040338
0.032204
0.026594
0.036363
0.043036
0.042070
0.025020
0.041054
0.044379
0.037037
0.041162
0.054890
0.055347
0.033053
0.046594
0.036922
0.037035
0.038355
0.038521
0.035900
0.040112
0.035259
0.040467
0.044215
0.031695
0.052312
0.044688
0.058267
0.042492
0.045319
0.035591
0.038840
0.040722
0.047409
0.028911
0.042296
0.034073
0.043979
0.039555
0.027672
0.045291
0.042505
0.048589
0.050850
0.048336
0.049695
0.046600
0.063817
0.050106
0.039426
0.025097
0.033570
0.046080
0.043249
0.034219
0.043375
0.043025
0.035328
0.041809
0.043377
0.044600
0.041719
0.051158
0.042562
0.036229
0.049255
0.043056
0.041404
0.050773
0.046884
0.051402
0.029455
0.037003
0.042378
0.038296
0.038595
0.042451
0.040959
0.037893
0.050066
0.039724
0.039493
0.034063
0.040843
0.033657
0.040941
0.041211
0.033638
0.040193
0.046841
0.047031
0.052068
0.046389
0.028829
0.029428
0.040016
0.047325
0.043670
0.045569
0.048545
0.058376
0.054181
0.050533
0.037714
0.049969
0.042413
0.051329
0.040298
0.042528
0.045855
0.036662
0.048317
0.043054
0.045769
0.041893
0.035511
0.044630
0.041802
0.045598
0.030133
0.031051
0.037930
0.044314
0.053451
0.045396
0.040740
0.025216
0.031685
0.028782
0.042008
0.037011
0.040532
0.044292
0.046441
0.025838
0.029799
0.042076
0.038697
0.038768
0.033033
0.035497
0.037431
0.049052
0.042442
0.044538
0.041798
0.045076
0.048490
0.050607
0.046688
0.034388
0.031756
0.037836
0.041451
0.052360
0.042568
0.031127
0.041532
0.032676
0.027331
0.035798
0.035754
0.027406
0.030111
0.045805
0.028304
0.030979
0.032757
0.036315
0.034678
0.038714
0.024983
0.022941
0.029741
0.029945
0.036895
0.034486
0.039468
0.036056
0.031327
0.036729
0.040117
0.033839
0.034493
0.044530
0.037565
0.044953
0.049635
0.059883
0.041871
0.051660
0.040032
0.049914
0.045672
0.045258
0.046016
0.045066
0.048342
0.045413
0.046112
0.052761
0.051252
0.048788
0.044875
0.052489
0.054527
0.045577
0.036353
0.034192
0.040204
0.047837
0.048586
0.035886
0.030685
0.036871
0.049578
0.047231
0.043172
0.048302
0.044639
0.038148
0.042553
0.036897
0.034836
0.036235
0.042134
0.056230
0.044252
0.041391
0.047078
0.056227
0.056522
0.052439
0.055857
0.064847
0.032854
0.032732
0.028967
0.042962
0.038080
0.041896
0.047072
0.035722
0.028531
0.034239
0.023680
0.063119
0.044938
0.038462
0.046648
0.042646
0.040165
0.046549
0.043316
0.040329
0.031358
0.048110
0.033160
0.047555
0.037950
0.035694
0.026799
0.047679
0.038786
0.036387
0.037283
0.044327
0.042784
0.041549
0.036973
0.043834
0.038672
0.032857
0.043395
0.029451
0.037033
0.037219
0.026114
0.031561
0.035788
0.037822
0.030044
0.034856
0.041379
0.035939
0.039460
0.045016
0.050903
0.041780
0.045765
0.045226
0.054960
0.054341
0.062716
0.043701
0.049689
0.059334
0.044140
0.058064
0.057212
0.053151
0.044271
0.049964
0.040347
0.034890
0.046566
0.047367
0.041946
0.041946
0.045134
0.047273
0.046196
0.044012
0.045274
0.057808
0.028157
0.041747
0.050749
0.073991
0.033754
0.053942
0.049203
0.043825
0.037007
0.038532
0.029683
0.033573
0.040049
0.038094
0.027459
0.037280
0.035360
0.032847
0.027071
0.033788
0.031899
0.038493
0.044962
0.035557
0.029122
0.031609
0.047611
0.037882
0.032328
0.050624
0.056070
0.049520
0.037012
0.035794
0.037981
0.041314
0.037667
0.057022
0.048142
0.042264
0.039114
0.048048
0.038434
0.035618
0.041418
0.039450
0.044152
0.049300
0.048516
0.035480
0.040249
0.046435
0.050275
0.047902
0.031634
0.041124
0.048592
0.043233
0.042587
0.030649
0.042284
0.042531
0.042604
0.055726
0.034748
0.034887
0.042036
0.036914
0.036561
0.050219
0.042040
0.062738
0.043932
0.033660
0.039964
0.056115
0.032491
0.041072
0.048133
0.055239
0.056684
0.039388
0.055254
0.028131
0.059380
0.051032
0.055805
0.055055
0.048559
0.044727
0.036892
0.046353
0.028490
0.038487
0.049052
0.038425
0.043818
0.046049
0.049565
0.053803
0.044240
0.048581
0.063588
0.063775
0.039938
0.042943
0.038152
0.038384
0.050153
0.036443
0.034046
0.040173
0.056854
0.031649
0.044705
0.034966
0.043966
0.046099
0.031158
0.030648
0.047693
0.047252
0.046814
0.056427
0.057442
0.040521
0.051265
0.050063
0.041505
0.038607
0.033427
0.037112
0.029478
0.040369
0.037900
0.029464
0.046843
0.032438
0.035303
0.036838
0.035450
0.045240
0.040933
0.047412
0.047936
0.032521
0.033487
0.036778
0.029442
0.035303
0.034634
0.035525
0.040162
0.042472
0.037230
0.039932
0.049662
0.039861
0.051705
0.071632
0.051246
0.033113
0.035927
0.032512
0.040175
0.038234
0.042105
0.029256
0.039365
0.038226
0.040237
0.041730
0.038744
0.041139
0.038990
0.045631
0.046384
0.045217
0.045001
0.039997
0.048172
0.036134
0.042580
0.037318
0.030503
0.036501
0.037407
0.034085
0.038625
0.042856
0.044679
0.042069
0.044740
0.048574
0.047808
0.072058
0.042622
0.047667
0.042980
0.040487
0.034491
0.040569
0.051706
0.048167
0.048403
0.058881
0.037498
0.032250
0.059444
0.042114
0.044575
0.034914
0.039264
0.050213
0.052939
0.056231
0.050079
0.040608
0.049149
0.046945
0.036219
0.042359
0.056466
0.059644
0.037123
0.033632
0.043295
0.032862
0.038006
0.034468
0.038131
0.036734
0.035445
0.041253
0.033662
0.038818
0.041819
0.043041
0.043013
0.045806
0.040484
0.030558
0.048205
0.043175
0.039914
0.050346
0.031772
0.028515
0.042321
0.033866
0.035851
0.043844
0.037312
0.047652
0.033674
0.051469
0.036942
0.037292
0.055184
0.034914
0.043803
0.035209
0.037743
0.044759
0.030171
0.035733
0.033663
0.036220
0.032989
0.038745
0.030550
0.042251
0.047303
0.058885
0.033138
0.034632
0.040994
0.038268
0.041501
0.043009
0.053502
0.044983
0.044043
0.056818
0.070772
0.064950
0.042916
0.028881
0.035556
0.035190
0.029741
0.046755
0.039269
0.043642
0.057570
0.053622
0.041201
0.043356
0.037244
0.039316
0.039388
0.045469
0.039660
0.026907
0.040415
0.061447
0.052834
0.048707
0.045998
0.045704
0.038415
0.053344
0.033725
0.038604
0.044066
0.037112
0.045419
0.035036
0.032996
0.041815
0.032298
0.047580
0.051593
0.044981
0.046282
0.040544
0.049114
0.039827
0.046589
0.037557
0.044707
0.040101
0.028276
0.036828
0.036369
0.040751
0.041683
0.052449
0.036049
0.050433
0.044425
0.038558
0.042091
0.054529
0.045161
0.040379
0.044815
0.043129
0.043288
0.034114
0.048705
0.046629
0.037610
0.035370
0.047826
0.043609
0.054862
0.040856
0.051790
0.034717
0.048548
0.035802
0.045276
0.046932
0.033214
0.034097
0.046497
0.049087
0.050296
0.034335
0.045865
0.043741
0.036383
0.033058
0.041461
0.029767
0.039971
0.039099
0.037094
0.035066
0.053512
0.032856
0.026866
0.046029
0.038786
0.045214
0.031366
0.037135
0.040570
0.042105
0.033731
0.040761
0.036047
0.044332
0.041612
0.042468
0.037937
0.042749
0.059228
0.051384
0.050176
0.047014
0.051705
0.049001
0.043513
0.030211
0.054587
0.038573
0.048235
0.048879
0.045186
0.033460
0.035065
0.052696
0.038234
0.042277
0.036861
0.040788
0.035396
0.045048
0.038265
0.039194
0.045196
0.039981
0.045061
0.040598
0.038498
0.036407
0.048383
0.046784
0.037427
0.030549
0.043861
0.037037
0.038062
0.046410
0.026927
0.044302
0.045947
0.044451
0.036605
0.039578
0.040370
0.038578
0.062181
0.041768
0.043202
0.048157
0.050408
0.039470
0.046318
0.042403
0.043670
0.046418
0.044286
0.044738
0.039462
0.044489
0.035166
0.034570
0.037828
0.035196
0.042681
0.033797
0.034711
0.040128
0.044297
0.036821
0.041046
0.050885
0.065754
0.066336
0.063858
0.059909
0.054266
0.049850
0.048657
0.031910
0.035845
0.039976
0.027478
0.045644
0.050279
0.041160
0.047531
0.041787
0.037149
0.038209
0.046259
0.030726
0.040769
0.044868
0.048628
0.029735
0.038864
0.030691
0.026857
0.049417
0.031125
0.036168
0.038138
0.038106
0.040510
0.057240
0.035630
0.055096
0.043019
0.041268
0.054671
0.051060
0.044568
0.049439
0.048319
0.032229
0.041335
0.050708
0.043947
0.044567
0.046120
0.032865
0.058633
0.053266
0.053307
0.042583
0.027720
0.041603
0.037075
0.043551
0.035537
0.048411
0.054360
0.051952
0.055466
0.045223
0.049316
0.029726
0.043681
0.049738
0.039872
0.047718
0.051258
0.053897
0.052561
0.028599
0.045643
0.032596
0.036411
0.044251
0.049582
0.053040
0.046540
0.042431
0.041753
0.035357
0.039107
0.033150
0.034511
0.045832
0.057494
0.055734
0.037848
0.049367
0.039991
0.042840
0.039737
0.034634
0.044454
0.046795
0.053710
0.032877
0.035116
0.051461
0.054638
0.057390
0.032765
0.033941
0.043847
0.046364
0.051246
0.043022
0.040826
0.046720
0.035262
0.031481
0.038169
0.049086
0.049853
0.046039
0.038409
0.045625
0.038924
0.036405
0.038450
0.023301
0.036838
0.041061
0.041354
0.032213
0.038521
0.042206
0.040193
0.041752
0.037844
0.044866
0.042434
0.044764
0.047728
0.031463
0.023860
0.055849
0.033069
0.035578
0.036216
0.038393
0.042949
0.048728
0.061244
0.048077
0.035986
0.045700
0.031523
0.050743
0.043512
0.041656
0.054260
0.037537
0.041366
0.039554
0.052565
0.039615
0.049204
0.049889
0.053493
0.051392
0.080390
0.046110
0.045274
0.044122
0.058124
0.049938
0.033663
0.043521
0.029088
0.035952
0.037155
0.041971
0.024313
0.044580
0.034732
0.038143
0.021993
0.042184
0.042142
0.035724
0.044443
0.052133
0.044063
0.043240
0.051297
0.034503
0.050978
0.050886
0.047776
0.045240
0.031828
0.042191
0.039216
0.043010
0.029870
0.033636
0.041265
0.033329
0.041523
0.044582
0.050705
0.047935
0.044641
0.051664
0.044366
0.038466
0.025403
0.036124
0.043133
0.041865
0.037063
0.042737
0.051913
0.048557
0.044906
0.034767
0.034997
0.050054
0.049012
0.045856
0.027573
0.040352
0.035805
0.030190
0.034022
0.042617
0.031591
0.044712
0.041599
0.028154
0.045134
0.049080
0.035406
0.034763
0.036170
0.045468
0.035368
0.043262
0.027561
0.040543
0.035178
0.037310
0.039855
0.060015
0.053367
0.047693
0.042572
0.037947
0.052889
0.058812
0.052766
0.053213
0.058445
0.063586
0.057678
0.059925
0.057039
0.050275
0.031194
0.050972
0.045269
0.044574
0.055408
0.041533
0.034158
0.052428
0.053300
0.064704
0.049457
0.060447
0.048281
0.044723
0.056381
0.060676
0.060105
0.067570
0.041381
0.048828
0.045291
0.044734
0.046762
0.033162
0.053125
0.037391
0.057150
0.052747
0.045910
0.032526
0.044259
0.041409
0.034554
0.043205
0.035551
0.043738
0.040612
0.063811
0.050723
0.042042
0.036366
0.041991
0.050525
0.039568
0.031771
0.039953
0.045242
0.035474
0.039502
0.054574
0.039951
0.023414
0.043969
0.053973
0.036941
0.049214
0.038238
0.041907
0.040297
0.039471
0.049593
0.053279
0.057368
0.048740
0.039151
0.038111
0.028024
0.036721
0.047646
0.047655
0.046925
0.027181
0.048539
0.039763
0.045775
0.030124
0.032217
0.034321
0.046520
0.046504
0.045603
0.041775
0.035229
0.045644
0.062479
0.056183
0.040050
0.071824
0.043624
0.045595
0.037922
0.037686
0.048624
0.054598
0.055105
0.047424
0.045729
0.048649
0.028530
0.038853
0.037729
0.053138
0.053246
0.065364
0.051876
0.056980
0.052533
0.084549
0.036288
0.055998
0.037816
0.045071
0.059741
0.052523
0.050432
0.050363
0.039641
0.047350
0.040176
0.043011
0.059605
0.041233
0.050551
0.032591
0.026070
0.041909
0.049643
0.048075
0.051022
0.050559
0.049819
0.047530
0.035038
0.039768
0.054975
0.045139
0.053500
0.040991
0.045747
0.043604
0.043884
0.041770
0.029184
0.036360
0.036376
0.038964
0.055934
0.044111
0.065917
0.058078
0.061649
0.040330
0.032380
0.046348
0.027323
0.046172
0.042167
0.037481
0.045746
0.046647
0.041120
0.048398
0.031089
0.038589
0.041835
0.052747
0.050429
0.042025
0.054712
