0.010782
0.034183
0.039183
0.037251
0.037489
0.045350
0.043036
0.036371
0.042921
0.040797
0.031947
0.048959
0.041887
0.034196
0.048686
0.042440
0.039149
0.045603
0.037128
0.040861
0.053245
0.050218
0.039335
0.033399
0.032757
0.030197
0.037865
0.041550
0.034333
0.034874
0.046327
0.045739
0.038877
0.048614
0.043663
0.047965
0.041829
0.051649
0.044283
0.036109
0.036849
0.041324
0.037697
0.042389
0.025888
0.038886
0.043503
0.039702
0.056256
0.052287
0.047077
0.035275
0.042874
0.037100
0.029838
0.038270
0.038760
0.035243
0.055959
0.038737
0.042409
0.040296
0.028225
0.036892
0.049969
0.038334
0.032214
0.048135
0.038465
0.038710
0.034034
0.040688
0.033266
0.029897
0.026850
0.030430
0.036062
0.027391
0.043659
0.036468
0.030244
0.032939
0.024587
0.022920
0.031673
0.030085
0.044361
0.031077
0.036226
0.026849
0.034592
0.034291
0.037930
0.037498
0.032887
0.035825
0.037226
0.030276
0.040518
0.042023
0.051735
0.043140
0.047120
0.044804
0.059395
0.063106
0.048228
0.036651
0.057703
0.040219
0.047646
0.042212
0.042942
0.054200
0.049884
0.038975
0.035036
0.045220
0.049751
0.039998
0.040225
0.038727
0.031901
0.038041
0.049742
0.048737
0.046251
0.061080
0.037964
0.037108
0.043325
0.036689
0.067994
0.057043
0.053039
0.039388
0.046359
0.031669
0.037532
0.043396
0.041762
0.037578
0.043060
0.044938
0.041055
0.034884
0.023758
0.029476
0.041849
0.038006
0.045203
0.046893
0.035764
0.044656
0.041235
0.049592
0.046338
0.041402
0.049612
0.047140
0.050149
0.040547
0.032996
0.031651
0.030422
0.035157
0.033828
0.036447
0.043948
0.030806
0.046225
0.047891
0.040008
0.048093
0.038035
0.043938
0.039984
0.028919
0.037129
0.040437
0.029024
0.049731
0.050115
0.045935
0.051422
0.051859
0.040531
0.036178
0.031943
0.035815
0.037664
0.036135
0.058952
0.043118
0.042789
0.030338
0.038831
0.043632
0.033691
0.041932
0.050439
0.037218
0.033503
0.036880
0.043699
0.036126
0.037597
0.037460
0.046184
0.035834
0.034024
0.044278
0.045625
0.035579
0.041534
0.050396
0.045141
0.041303
0.044358
0.030365
0.046628
0.038811
0.035768
0.035635
0.028739
0.037648
0.040700
0.033005
0.038092
0.031697
0.043186
0.038904
0.044982
0.039997
0.034180
0.043386
0.029834
0.032675
0.055754
0.029645
0.028225
0.042756
0.038760
0.041856
0.038295
0.040034
0.034401
0.036683
0.040608
0.037564
0.043775
0.038706
0.036222
0.034830
0.036725
0.045649
0.043113
0.044419
0.046574
0.048409
0.050549
0.053720
0.064139
0.040415
0.044723
0.046030
0.046672
0.024185
0.053521
0.056243
0.037376
0.043331
0.031667
0.036743
0.039996
0.042644
0.045850
0.049095
0.053867
0.053361
0.041212
0.027125
0.050339
0.049550
0.035121
0.052219
0.051035
0.059726
0.042074
0.039067
0.039527
0.032241
0.031437
0.030463
0.043023
0.046350
0.043351
0.038061
0.025857
0.040072
0.037643
0.035811
0.038589
0.043423
0.050576
0.052019
0.052339
0.047657
0.066770
0.084326
0.055434
0.052919
0.034607
0.051344
0.046720
0.053149
0.071962
0.064929
0.079294
0.057064
0.039634
0.034420
0.051409
0.030097
0.029587
0.045583
0.043271
0.048481
0.051266
0.049101
0.055170
0.079952
0.097821
0.058910
0.035673
0.044790
0.045455
0.052199
0.048343
0.047460
0.054351
0.059378
0.049411
0.051225
0.062978
0.058731
0.056665
0.051388
0.048785
0.041792
0.026611
0.041439
0.052960
0.056258
0.054573
0.066703
0.049633
0.068124
0.035600
0.047345
0.059115
0.051179
0.033541
0.047901
0.049002
0.067603
0.056694
0.044197
0.047766
0.047626
0.034179
0.038064
0.031744
0.050321
0.043199
0.037652
0.042187
0.047935
0.045007
0.052257
0.055618
0.040758
0.046383
0.047255
0.056774
0.046759
0.040934
0.042021
0.046387
0.080606
0.062212
0.062491
0.066747
0.046270
0.029130
0.039991
0.061043
0.062791
0.061342
0.042955
0.055591
0.041663
0.058680
0.036559
0.062251
0.052561
0.064862
0.034450
0.046383
0.053145
0.058709
0.053174
0.056455
0.061867
0.047594
0.046916
0.059566
0.091677
0.056782
0.049214
0.046171
0.051806
0.041396
0.042518
0.031239
0.039112
0.040681
0.070369
0.037557
0.035324
0.037834
0.034053
0.043040
0.045521
0.054721
0.046670
0.056062
0.044341
0.050721
0.051648
0.056359
0.067705
0.051910
0.052619
0.035386
0.053347
0.064144
0.043874
0.068159
0.044860
0.058649
0.042242
0.057519
0.071586
0.047740
0.050225
0.039709
0.065794
0.057582
0.087291
0.037259
0.061860
0.045202
0.026480
0.030788
0.042054
0.050364
0.030319
0.065187
0.034898
0.060750
0.039397
0.048032
0.039300
0.027286
0.028952
0.044946
0.028449
0.044309
0.045364
0.032299
0.044943
0.052473
0.035793
0.036905
0.046120
0.041245
0.030081
0.042669
0.043591
0.050644
0.051704
0.038635
0.043109
0.049771
0.044510
0.057645
0.049777
0.051854
0.057292
0.033458
0.042763
0.041106
0.043438
0.043008
0.044142
0.048744
0.052982
0.049091
0.038813
0.053622
0.050876
0.037730
0.042725
0.044529
0.051257
0.045907
0.043382
0.033401
0.044435
0.042532
0.045541
0.044734
0.045919
0.033905
0.037562
0.041567
0.045588
0.038172
0.039159
0.035116
0.028211
0.037135
0.038516
0.051169
0.043813
0.048638
0.039505
0.035621
0.045084
0.043898
0.029233
0.035418
0.038738
0.050579
0.040138
0.027122
0.038569
0.034364
0.057928
0.038236
0.041132
0.039653
0.046228
0.042095
0.048386
0.048528
0.055603
0.047064
0.051244
0.052285
0.054597
0.032240
0.049133
0.043811
0.029657
0.058434
0.034527
0.035213
0.040253
0.042966
0.051067
0.028139
0.035802
0.047899
0.037088
0.030257
0.034786
0.029415
0.043056
0.041277
0.039525
0.042614
0.034410
0.035183
0.038997
0.036639
0.046366
0.041502
0.037438
0.041669
0.048698
0.037202
0.030963
0.050821
0.031872
0.039313
0.040895
0.043702
0.034827
0.049084
0.048438
0.047188
0.039928
0.034768
0.043558
0.045706
0.044236
0.057700
0.044582
0.049427
0.047539
0.047067
0.046455
0.048059
0.047692
0.041060
0.039538
0.038950
0.032019
0.047292
0.041469
0.043715
0.052914
0.027956
0.042884
0.048705
0.045725
0.032670
0.039260
0.066522
0.042660
0.046395
0.030064
0.039223
0.059536
0.052099
0.046609
0.041873
0.040761
0.051120
0.055474
0.045181
0.044200
0.042171
0.048099
0.045957
0.050631
0.055378
0.046880
0.046301
0.051265
0.050783
0.054317
0.055083
0.041133
0.042255
0.041459
0.037237
0.047303
0.035270
0.042899
0.029482
0.039267
0.045458
0.042674
0.047024
0.051370
0.052043
0.044707
0.037084
0.031532
0.053020
0.048995
0.037132
0.032102
0.044039
0.038766
0.044365
0.052454
0.047466
0.031675
0.050448
0.033415
0.030010
0.032742
0.035610
0.050345
0.039798
0.034593
0.042812
0.026229
0.038973
0.046257
0.054292
0.063400
0.059127
0.044017
0.045018
0.063546
0.053952
0.052374
0.043153
0.051996
0.062977
0.048597
0.040614
0.043051
0.039974
0.046925
0.042937
0.041952
0.039813
0.041890
0.042736
0.049273
0.047742
0.058817
0.052470
0.051647
0.052121
0.055532
0.034518
0.036766
0.036914
0.040581
0.049792
0.048119
0.048822
0.044112
0.053417
0.043401
0.044896
0.035882
0.046910
0.039441
0.038363
0.063910
0.048898
0.031769
0.065911
0.056198
0.041122
0.045354
0.041103
0.044666
0.058913
0.055233
0.040789
0.041459
0.047599
0.036366
0.031488
0.040106
0.037389
0.039702
0.053251
0.046339
0.076462
0.049683
0.045767
0.037735
0.033528
0.050993
0.044414
0.032966
0.048139
0.038682
0.039725
0.032913
0.042094
0.038562
0.036850
0.038809
0.031138
0.044785
0.045087
0.037543
0.035426
0.041759
0.037964
0.039809
0.036072
0.059445
0.049238
0.031248
0.035367
0.052325
0.031733
0.043061
0.040262
0.042155
0.045334
0.035247
0.040093
0.037050
0.035745
0.039727
0.045626
0.055939
0.037218
0.043531
0.037739
0.034658
0.046401
0.043949
0.044461
0.047643
0.042925
0.041142
0.052191
0.052153
0.056537
0.055047
0.044710
0.043410
0.052651
0.055987
0.047692
0.060082
0.050559
0.050812
0.054482
0.064398
0.040736
0.040616
0.040729
0.043342
0.031798
0.039879
0.038717
0.042136
0.043127
0.046668
0.044620
0.045763
0.032614
0.032026
0.043890
0.053437
0.048720
0.037239
0.024622
0.031585
0.039310
0.036060
0.026471
0.031622
0.039691
0.032963
0.035662
0.035623
0.031477
0.040772
0.049606
0.049144
0.053158
0.040547
0.042834
0.033354
0.034215
0.034061
0.035714
0.043927
0.043471
0.046134
0.037316
0.042174
0.043627
0.043484
0.037179
0.046182
0.035239
0.048315
0.051224
0.040380
0.025323
0.035764
0.038343
0.035443
0.031080
0.030212
0.056506
0.058648
0.042515
0.057620
0.036721
0.058828
0.041728
0.034342
0.029651
0.041561
0.039010
0.038325
0.034603
0.034109
0.037916
0.043368
0.040218
0.033137
0.037182
0.047122
0.035903
0.039005
0.036842
0.043076
0.051644
0.038259
0.035492
0.053089
0.041951
0.028469
0.043232
0.039784
0.047289
0.034399
0.043843
0.041298
0.041920
0.048070
0.037676
0.043747
0.033967
0.045048
0.030850
0.041489
0.040442
0.029418
0.034672
0.051980
0.049184
0.031509
0.044379
0.038888
0.040688
0.056175
0.051602
0.043496
0.039641
0.047856
0.034222
0.038489
0.043079
0.041836
0.047395
0.034087
0.032355
0.035878
0.035813
0.033120
0.036245
0.030245
0.048659
0.052773
0.035215
0.029011
0.046829
0.040685
0.036127
0.046399
0.030848
0.033733
0.025639
0.040880
0.041762
0.028041
0.052069
0.040957
0.044394
0.042379
0.049097
0.050802
0.050245
0.059488
0.052118
0.054741
0.045979
0.044699
0.037575
0.040834
0.041246
0.045096
0.050068
0.039596
0.050966
0.044829
0.051917
0.049570
0.040805
0.039733
0.039014
0.049787
0.041846
0.038714
0.039653
0.036883
0.044430
0.041262
0.048201
0.052033
0.042774
0.054185
0.046392
0.034258
0.046683
0.036674
0.035814
0.037890
0.042362
0.048903
0.028228
0.042983
0.043760
0.038034
0.051016
0.042700
0.037731
0.037343
0.040128
0.047605
0.040933
0.051307
0.055950
0.051351
0.056736
0.027910
0.042122
0.028075
0.043874
0.040551
0.034234
0.033281
0.038391
0.036901
0.028196
0.034847
0.035319
0.039339
0.057345
0.038526
0.036596
0.031257
0.050686
0.051278
0.031908
0.037970
0.039182
0.034751
0.053399
0.036193
0.043142
0.040400
0.040446
0.040986
0.040793
0.032905
0.035356
0.052223
0.041795
0.038443
0.034157
0.034350
0.044935
0.029884
0.048447
0.036436
0.041986
0.025524
0.038392
0.033548
0.046258
0.047598
0.045836
0.052700
0.048358
0.048258
0.044448
0.044899
0.043780
0.042906
0.041630
0.037535
0.042172
0.041176
0.043076
0.036356
0.043403
0.043344
0.046981
0.032558
0.055335
0.037500
0.044414
0.034011
0.055258
0.044350
0.049261
0.042670
0.044831
0.052082
0.039741
0.048347
0.044757
0.038171
0.044749
0.042543
0.042455
0.043412
0.030849
0.039382
0.044734
0.051939
0.044132
0.036259
0.032478
0.060988
0.036550
0.044928
0.031113
0.035993
0.044701
0.044004
0.042630
0.047091
0.040095
0.044734
0.038744
0.035530
0.026715
0.032382
0.040952
0.040799
0.039016
0.047676
0.051405
0.029891
0.048933
0.041281
0.048485
0.040020
0.036615
0.041038
0.034291
0.041110
0.045443
0.048950
0.056428
0.033669
0.052800
0.036646
0.031653
0.036915
0.045288
0.032172
0.044153
0.035170
