0.018448
0.055457
0.034672
0.054177
0.041304
0.049018
0.044261
0.033634
0.031319
0.028714
0.035277
0.040202
0.063450
0.056614
0.062638
0.054010
0.057382
0.028985
0.041644
0.047056
0.040488
0.048217
0.051434
0.044440
0.051229
0.049837
0.048160
0.052192
0.039593
0.040678
0.034592
0.039643
0.047183
0.033029
0.040939
0.040922
0.043767
0.049755
0.054790
0.038916
0.047008
0.052020
0.057923
0.041836
0.042970
0.037228
0.028903
0.063091
0.045799
0.048127
0.052237
0.037723
0.044215
0.034399
0.039418
0.033078
0.035809
0.048654
0.037277
0.035766
0.032862
0.041917
0.041498
0.056232
0.054966
0.047413
0.054767
0.048139
0.051852
0.027761
0.067231
0.064548
0.050759
0.056688
0.048732
0.042275
0.050447
0.023286
0.047196
0.041613
0.034588
0.057472
0.050096
0.032285
0.052309
0.084887
0.053913
0.046907
0.049824
0.050790
0.051581
0.062056
0.050563
0.074668
0.055037
0.055081
0.048833
0.036997
0.054896
0.062850
0.042286
0.044984
0.054509
0.043904
0.054796
0.032191
0.056313
0.056544
0.055227
0.047760
0.051873
0.058298
0.053580
0.044781
0.038893
0.055576
0.057465
0.024157
0.052656
0.046455
0.054644
0.051499
0.058510
0.044275
0.053691
0.042740
0.033077
0.044859
0.035734
0.042604
0.056464
0.041611
0.069734
0.049383
0.040801
0.043941
0.052112
0.058755
0.051357
0.037422
0.038924
0.038673
0.046834
0.033388
0.038712
0.049363
0.055917
0.047062
0.046851
0.048714
0.063879
0.058782
0.048709
0.044098
0.037305
0.030096
0.060019
0.048601
0.033936
0.050205
0.041739
0.053858
0.047992
0.055984
0.043775
0.044285
0.048882
0.042823
0.035595
0.048829
0.049883
0.057305
0.051220
0.057136
0.050715
0.055185
0.057679
0.058920
0.039915
0.053813
0.043323
0.043215
0.036596
0.045499
0.051294
0.039230
0.046389
0.036762
0.031115
0.042314
0.056556
0.050922
0.035172
0.046739
0.049145
0.033916
0.051138
0.031685
0.040091
0.052103
0.042820
0.037583
0.038165
0.049888
0.063008
0.034656
0.040846
0.050776
0.061163
0.031462
0.058295
0.037914
0.030672
0.053920
0.045858
0.044415
0.054083
0.055044
0.043046
0.040345
0.030697
0.051094
0.039985
0.038270
0.044535
0.040898
0.048472
0.049268
0.044121
0.048522
0.068111
0.049865
0.048469
0.048781
0.049518
0.043603
0.038342
0.058014
0.047164
0.045572
0.032257
0.031053
0.034337
0.046571
0.054583
0.062777
0.068176
0.040408
0.055681
0.067512
0.043616
0.058002
0.040192
0.046082
0.058855
0.048578
0.040087
0.058999
0.041157
0.037310
0.051843
0.036388
0.061183
0.040114
0.057544
0.056838
0.055283
0.051044
0.049600
0.049328
0.049189
0.039187
0.049453
0.052026
0.062364
0.053684
0.039595
0.040646
0.047808
0.054828
0.041299
0.050942
0.038706
0.048381
0.033272
0.055993
0.054517
0.044791
0.045349
0.027740
0.045061
0.050876
0.043832
0.050472
0.039281
0.032964
0.043737
0.048652
0.031911
0.038428
0.048572
0.039506
0.041200
0.053424
0.069514
0.030826
0.039910
0.023642
0.038935
0.037958
0.037784
0.042818
0.049373
0.052977
0.052032
0.049705
0.041172
0.036242
0.056244
0.029796
0.035941
0.036754
0.043501
0.053308
0.066355
0.048352
0.050206
0.028016
0.040495
0.036955
0.060921
0.049339
0.053902
0.034878
0.057424
0.044580
0.045038
0.038129
0.037737
0.043544
0.050487
0.048684
0.053668
0.047202
0.045487
0.027238
0.053706
0.053635
0.032143
0.048475
0.043431
0.035524
0.030866
0.039507
0.043381
0.033035
0.038019
0.036522
0.056273
0.093698
0.069523
0.042561
0.053379
0.072720
0.054593
0.054307
0.070089
0.047804
0.033387
0.057803
0.041167
0.035993
0.076117
0.071666
0.075795
0.066583
0.075709
0.049314
0.052408
0.052340
0.079465
0.057338
0.081481
0.059005
0.051078
0.060582
0.056212
0.071635
0.072218
0.049000
0.045918
0.053126
0.050020
0.045787
0.044428
0.037795
0.051158
0.068346
0.053134
0.051280
0.054401
0.058144
0.057504
0.033705
0.070086
0.043188
0.050132
0.043470
0.024776
0.034184
0.041245
0.048736
0.047126
0.044384
0.044656
0.034909
0.041946
0.068217
0.045070
0.044106
0.038187
0.033879
0.037715
0.035039
0.057599
0.048631
0.058506
0.067404
0.049334
0.056875
0.055732
0.040636
0.040170
0.035716
0.039204
0.042276
0.039818
0.039789
0.070366
0.048213
0.041068
0.047144
0.039271
0.047456
0.054550
0.056608
0.054309
0.057023
0.045511
0.039979
0.048721
0.055480
0.051226
0.043774
0.046252
0.047461
0.036594
0.047161
0.025091
0.040438
0.054808
0.054901
0.054072
0.045378
0.045678
0.062781
0.071242
0.040380
0.048084
0.069751
0.029828
0.039644
0.033354
0.035478
0.032439
0.042520
0.052705
0.048392
0.032645
0.036248
0.031547
0.041770
0.044475
0.043244
0.048797
0.038838
0.052520
0.052135
0.055294
0.051420
0.040351
0.041534
0.055868
0.026994
0.039682
0.032916
0.044654
0.053076
0.040388
0.044322
0.033387
0.046666
0.045825
0.058917
0.050199
0.051225
0.056161
0.047223
0.044566
0.050060
0.049405
0.065866
0.035381
0.048308
0.047752
0.039809
0.029750
0.031490
0.036440
0.038196
0.034897
0.023905
0.037660
0.042113
0.039773
0.037883
0.035133
0.038673
0.043634
0.046481
0.033676
0.037095
0.051617
0.061100
0.051003
0.069793
0.034344
0.040717
0.059752
0.053603
0.058269
0.049643
0.050954
0.055436
0.079255
0.052264
0.043634
0.040247
0.050594
0.035649
0.054482
0.046028
0.049357
0.035638
0.048904
0.043844
0.054714
0.050244
0.042968
0.039241
0.032496
0.045911
0.041215
0.033590
0.038957
0.033527
0.039958
0.062642
0.050834
0.058213
0.049078
0.049380
0.064178
0.048361
0.036911
0.048849
0.049594
0.064471
0.068392
0.035868
0.043524
0.065046
0.056762
0.036914
0.039757
0.038668
0.046215
0.040509
0.056366
0.052069
0.047714
0.051342
0.059108
0.060317
0.049845
0.052524
0.050725
0.057202
0.047842
0.049809
0.054965
0.052819
0.043672
0.061625
0.056658
0.056574
0.047734
0.043236
0.043381
0.051707
0.049773
0.048452
0.049109
0.051199
0.069697
0.041141
0.046827
0.032443
0.041740
0.033748
0.036191
0.050159
0.055380
0.046924
0.043185
0.049618
0.044909
0.037175
0.044089
0.056427
0.049170
0.053652
0.043154
0.044671
0.038553
0.048972
0.051657
0.050967
0.035380
0.046328
0.041586
0.073030
0.045104
0.057051
0.041437
0.041830
0.052084
0.045621
0.035914
0.035932
0.064246
0.032375
0.043254
0.060163
0.041152
0.051311
0.046612
0.066214
0.044603
0.041284
0.047404
0.055475
0.028001
0.040949
0.040799
0.045275
0.045478
0.041527
0.045277
0.032424
0.050337
0.043857
0.044962
0.031941
0.043254
0.028069
0.045854
0.047534
0.042727
0.053514
0.025981
0.045219
0.031287
0.033731
0.042646
0.035639
0.041603
0.041291
0.055109
0.045869
0.048006
0.071458
0.029457
0.048257
0.035400
0.033287
0.049711
0.065732
0.053091
0.049812
0.051004
0.048378
0.049292
0.045673
0.040210
0.034849
0.048610
0.047739
0.050571
0.028345
0.039018
0.038117
0.042511
0.039585
0.042187
0.036626
0.036685
0.054118
0.032907
0.058259
0.040988
0.045736
0.051967
0.041799
0.044341
0.042429
0.040673
0.037965
0.056014
0.049817
0.044612
0.047921
0.043901
0.042179
0.028023
0.048811
0.060907
0.063989
0.060884
0.048740
0.059404
0.032136
0.046782
0.045818
0.038412
0.048203
0.047727
0.041739
0.044943
0.039406
0.042789
0.066348
0.051317
0.078624
0.041417
0.041240
0.035481
0.052256
0.039526
0.041895
0.042397
0.049916
0.036370
0.034688
0.056712
0.043223
0.036384
0.029982
0.048567
0.036236
0.030467
0.035391
0.024729
0.047989
0.039210
0.038181
0.030624
0.032115
0.050953
0.052903
0.058965
0.053487
0.048470
0.063041
0.053545
0.048259
0.060574
0.071902
0.053446
0.060993
0.051673
0.052449
0.050340
0.047951
0.059230
0.050189
0.034534
0.033137
0.044503
0.051256
0.036465
0.060712
0.066014
0.057515
0.055795
0.055964
0.048429
0.049412
0.048312
0.048816
0.055485
0.051033
0.056900
0.051070
0.048751
0.039199
0.074621
0.043581
0.047587
0.048710
0.047839
0.054764
0.053538
0.044317
0.033555
0.042456
0.040678
0.047720
0.038821
0.045207
0.044606
0.047122
0.048461
0.054209
0.038960
0.039480
0.044083
0.059790
0.046844
0.048005
0.045254
0.051668
0.058922
0.064068
0.040169
0.050320
0.047505
0.052542
0.039741
0.045350
0.053875
0.043724
0.040096
0.045407
0.049063
0.043777
0.057666
0.038134
0.043653
0.038146
0.060840
0.053357
0.050529
0.056198
0.061749
0.063325
0.051193
0.048557
0.046210
0.043581
0.044735
0.052060
0.038723
0.054105
0.057125
0.038831
0.042287
0.032643
0.038877
0.042984
0.046125
0.040376
0.031705
0.032460
0.034272
0.053653
0.060403
0.059810
0.041250
0.041600
0.037936
0.054262
0.047948
0.041535
0.037760
0.045590
0.027189
0.035936
0.040632
0.042220
0.034700
0.046327
0.031898
0.038598
0.046292
0.043168
0.054863
0.035388
0.036208
0.049176
0.031707
0.042330
0.035316
0.045505
0.037119
0.042364
0.052503
0.043775
0.039648
0.036583
0.033697
0.043432
0.032438
0.043842
0.055379
0.035425
0.047668
0.032914
0.042509
0.034734
0.068384
0.049448
0.044645
0.030133
0.041085
0.048041
0.027330
0.038041
0.052253
0.042565
0.055718
0.032906
0.039644
0.044071
0.040767
0.038582
0.037803
0.050758
0.027649
0.032053
0.037992
0.046981
0.048252
0.042600
0.052413
0.036525
0.046101
0.033373
0.059752
0.043977
0.042069
0.050155
0.035909
0.032125
0.042448
0.044312
0.048712
0.052270
0.048578
0.044791
0.022947
0.056267
0.041093
0.051030
0.048486
0.051995
0.045966
0.031927
0.040962
0.044063
0.050451
0.041243
0.038479
0.038837
0.045439
0.054425
0.036277
0.045221
0.037659
0.045674
0.055444
0.048718
0.045906
0.045012
0.055253
0.041388
0.056082
0.045471
0.046501
0.051073
0.035164
0.039738
0.050133
0.041765
0.050103
0.048712
0.046374
0.039819
0.047592
0.038388
0.055166
0.047435
0.073717
0.062199
0.060394
0.047746
0.023307
0.038666
0.053997
0.053057
0.036937
0.047630
0.049312
0.048947
0.050584
0.047926
0.054680
0.057956
0.045697
0.064605
0.051903
0.028360
0.048162
0.035622
0.042731
0.026338
0.036152
0.061533
0.064907
0.056361
0.042829
0.039693
0.031832
0.057086
0.064313
0.046681
0.048101
0.061311
0.044129
0.055375
0.050709
0.037564
0.048052
0.052831
0.051060
0.032223
0.050220
0.050098
0.040537
0.047368
0.053535
0.033557
0.050604
0.053803
0.025807
0.053759
0.051706
0.030547
0.049999
0.043387
0.037875
0.075732
0.066086
0.038202
0.050816
0.062526
0.047319
0.051836
0.071426
0.054242
0.061798
0.052739
0.049054
0.038509
0.034697
0.052157
0.047990
0.047401
0.038661
0.043364
0.036577
0.052957
0.056021
0.027763
0.061435
0.051761
0.060082
0.042053
0.052095
0.043439
0.026932
0.044254
0.046533
0.033224
0.048022
0.044479
0.035679
0.040533
0.029486
0.029965
0.042388
0.049226
0.054007
0.059319
0.044972
0.042357
0.048812
0.044732
0.040957
0.054460
0.032475
0.043674
0.043618
0.053804
0.050177
0.055590
0.038848
0.041613
0.060903
0.048058
0.052167
0.049689
0.038868
0.045154
0.037516
0.069115
0.046008
0.028748
0.045754
0.045402
0.037392
0.051311
0.054345
0.054316
0.061208
0.063656
0.037397
0.055975
0.051244
0.053030
0.049551
0.033536
0.043440
0.041566
0.044227
0.050212
0.062065
0.051999
0.045325
0.051170
0.058876
0.059839
0.047688
0.040152
0.046738
0.033241
0.041350
0.044205
0.045154
0.053990
0.039184
0.051414
0.066058
0.063005
0.047436
0.046362
0.057297
0.046234
0.048768
0.036663
0.041070
0.044190
0.044038
0.045270
0.044050
0.047411
0.034007
0.062843
0.046838
0.061961
0.032133
0.039713
0.049668
0.042730
0.044213
0.061302
0.048926
0.037594
0.054042
0.064120
0.054936
0.068315
0.041898
0.054689
0.042379
0.048744
0.036633
0.048970
0.045786
0.030400
0.045842
0.052896
0.035257
0.061473
0.038701
0.053219
0.049654
0.057887
0.053224
0.043028
0.048614
0.037693
0.037472
0.043674
0.044739
0.059113
0.042046
0.047705
0.052780
0.045283
0.041006
0.035601
0.047101
0.040774
0.046009
0.031199
0.029372
0.049481
0.038705
0.036236
0.040721
0.030634
0.039523
0.040143
0.069115
0.056701
0.050857
0.050945
0.056909
0.047640
0.039332
0.032715
0.050847
0.028342
0.046849
0.053373
0.050086
0.048853
0.051096
0.045629
0.053510
0.048213
0.036126
0.040909
0.041548
0.046256
0.041679
0.051300
0.037205
0.031898
0.040248
0.038297
0.050333
0.071297
0.049894
0.027823
0.037817
0.049479
0.037421
0.045708
0.042880
0.050430
0.040254
0.033062
0.038825
0.046188
0.031103
0.045598
0.054283
0.039761
0.031119
0.043220
0.052293
0.060167
0.050612
0.048169
0.057694
0.064677
0.055933
0.044100
0.036889
0.040711
0.067312
0.053171
0.053315
0.046569
0.040377
0.051629
0.070443
0.050007
0.058838
0.045612
0.045505
0.052323
0.044658
0.046705
0.054858
0.067252
0.041682
0.047770
0.049200
0.058400
0.053470
0.050296
0.030494
0.049255
0.031237
0.045122
0.046756
0.053236
0.047869
0.046790
0.037464
0.060823
0.071155
0.053198
0.048264
0.040795
0.041371
0.043303
0.049369
0.039458
0.034054
0.042737
0.050155
0.044212
0.043054
0.049873
0.048288
0.046910
0.021832
0.058630
0.049125
0.044527
0.035289
0.048463
0.046724
0.047442
0.043235
0.036568
0.040153
0.049729
0.036889
0.039509
0.034346
0.031042
0.042192
0.047637
0.041117
0.043632
0.031539
0.044548
0.038243
0.035062
0.045393
0.058270
0.061920
0.069260
0.051167
0.046719
0.052004
0.050304
0.042284
0.045753
0.056674
0.035308
0.048562
0.037462
0.034344
0.046590
0.045952
0.038902
0.050532
0.051499
0.034310
0.038852
0.034980
0.043716
0.036922
0.039824
0.042640
0.041505
0.038254
0.043276
0.044448
0.045181
0.062338
0.048096
0.038733
0.053643
0.079592
0.061961
0.056797
0.063190
0.039410
0.065835
0.067382
0.092796
0.064647
0.057739
0.045984
0.065873
0.055514
0.039331
0.050746
0.043207
0.045833
0.045114
0.047698
0.037740
0.048649
0.027437
0.038150
0.053888
0.038397
0.033583
0.049262
0.064367
0.028144
0.067890
0.053752
0.063971
0.056831
0.045204
0.038307
0.048090
0.041127
0.038053
0.043001
0.045940
0.058143
0.037916
0.049177
0.036504
0.043159
0.045064
0.053190
0.062090
0.068892
0.061776
0.040426
0.053643
0.049834
0.067824
0.048095
0.036648
0.031671
0.027774
0.031399
0.034234
0.061619
0.046033
0.051724
0.049898
0.059663
0.047112
0.046639
0.050372
0.044374
0.036433
0.036130
0.037976
0.036194
0.047843
0.035003
0.044829
0.031800
0.050137
0.048785
0.040008
0.038849
0.044661
0.051528
0.043108
0.051989
0.063672
0.050385
0.049931
0.051358
0.040570
0.040781
0.060722
0.041078
0.045489
0.025034
0.031792
0.036817
0.033105
0.040614
0.046701
0.044407
0.038123
0.040144
0.043678
0.031031
0.034866
0.038861
0.037524
0.038854
0.029515
0.039453
0.029310
0.029237
0.059779
0.038455
0.034529
0.048805
0.041353
0.033693
0.032167
0.040883
0.040817
0.066699
0.038922
0.037771
0.038046
0.034395
0.036211
0.035406
0.033510
0.024330
0.040941
0.046812
0.035196
0.041157
0.040925
0.039540
0.041323
0.045194
0.065288
0.061566
0.040148
0.044940
0.039615
0.039106
0.032146
0.035939
0.042161
0.057784
0.042392
0.038948
0.044156
0.040278
0.033240
0.039290
0.032512
0.045486
0.035454
0.034287
0.047072
0.049367
0.049537
0.042971
0.033882
0.047275
0.039538
0.032921
0.035609
0.041581
0.048510
0.027035
0.052859
0.045174
0.034273
0.046825
0.035769
0.033036
0.029895
0.035358
0.035364
0.029119
0.027833
0.040455
0.037911
0.042060
0.031857
0.034424
0.047161
0.056833
0.042993
0.052084
0.033146
0.064606
0.060823
0.049842
0.047782
0.049178
0.048967
0.043542
0.045055
0.029233
0.033840
0.036555
0.044263
0.019928
0.035937
0.042305
0.038039
0.040845
0.042713
0.054943
0.042782
0.034603
0.046565
0.049719
0.042310
0.050614
0.048306
0.056129
0.044589
0.030505
0.042382
0.051953
0.033182
0.043738
0.035745
0.043331
0.031443
0.038204
0.056514
0.031027
0.043116
0.049461
0.036933
0.044378
0.031596
0.034726
0.038152
0.040555
0.028901
0.043138
0.045529
0.055219
0.046921
0.043232
0.035507
0.026550
0.043128
0.057236
0.043162
0.037482
0.029265
0.033762
0.031069
0.040645
0.043931
0.044742
0.030493
0.042783
0.040398
0.039610
0.057978
0.037604
0.050172
0.050831
0.033379
0.041284
0.045567
0.026050
0.034124
0.029110
0.046125
0.032100
0.044702
0.044332
0.046176
0.031271
0.031813
0.034899
0.038522
0.050864
0.039541
0.043769
0.043295
0.047423
0.043962
0.043856
0.035467
0.026026
0.034192
0.049134
0.041289
0.049548
0.033189
0.031023
0.033784
0.024476
0.028814
0.030067
0.044393
0.031407
0.025173
0.038567
0.040602
0.030134
0.030699
0.035290
0.034250
0.027596
0.025177
0.031269
0.028712
0.022541
0.033417
0.041714
0.045274
0.042644
0.036215
0.035543
0.019453
0.041732
0.038864
0.032111
0.032161
0.023230
0.028100
0.041023
0.027103
0.035224
0.040869
0.032511
0.043889
0.044194
0.039383
0.036876
0.030504
0.025215
0.043060
0.043686
0.038771
0.035962
0.034988
0.043143
0.039393
0.038813
0.025559
0.050699
0.039493
0.036322
0.025460
0.029357
0.033617
0.034918
0.019331
0.033338
0.029110
0.022225
0.039294
0.021485
0.028949
0.035648
0.030958
0.030722
0.026441
0.033451
0.042527
0.022098
0.027156
0.033835
0.038558
0.037537
0.034140
0.034366
0.039786
0.031782
0.039360
0.027529
0.021511
0.025372
0.032238
0.025716
0.033282
0.034321
0.027092
0.030273
0.027224
0.032989
0.035005
0.026118
0.035406
0.033195
0.044502
0.023767
0.035289
0.030068
0.038186
0.037368
0.041284
0.044909
0.048488
0.040685
0.030459
0.036992
0.052132
0.040551
0.034523
0.047154
0.055966
0.045924
0.047207
0.024262
0.038950
0.043647
0.033611
0.028511
0.038309
0.030109
0.043861
0.044041
0.041334
0.025234
0.030367
0.033248
0.024447
0.028589
0.028824
0.031074
0.030854
0.030670
0.037558
0.022759
0.028575
0.031530
0.032179
0.027167
0.026395
0.032072
0.022958
0.021088
0.029483
0.030700
0.027636
0.022586
0.025409
0.024254
0.037467
0.021243
0.039597
0.036879
0.035892
0.042325
0.028316
0.033489
0.019867
0.024374
0.025325
0.030529
0.030758
0.033433
0.033446
0.037163
0.024091
0.032073
0.030881
0.029444
0.036020
0.034488
0.030634
0.024316
0.027040
0.024028
0.032803
0.027227
0.020075
0.034509
0.029238
0.030050
0.028149
0.021175
0.034007
0.039806
0.030765
0.022608
0.021595
0.025549
0.030046
0.032248
0.027767
0.024801
0.028818
0.022673
0.029349
0.029681
0.030668
0.020960
0.026958
0.031481
0.019943
0.026315
0.030316
0.034212
0.035981
0.029055
0.031121
0.034992
0.031534
0.034188
0.029639
0.034404
0.041203
0.034437
0.028354
0.027814
0.028744
0.027906
0.031604
0.029011
0.017956
0.025770
0.019866
0.024561
0.030982
0.031319
0.035168
0.036232
0.030719
0.032774
0.026171
0.038321
0.031184
0.030241
0.028543
0.030237
0.033120
0.029283
0.029210
0.023031
0.033440
0.028623
0.023715
0.028149
0.024548
0.025869
0.033276
0.033695
0.026457
0.022007
0.028294
0.030743
0.035504
0.033268
0.027538
0.028140
0.027075
0.030132
0.032541
0.033380
0.032931
0.033143
0.024818
0.025115
0.034413
0.035050
0.023405
0.021801
0.025886
0.029366
0.030327
0.034298
0.033195
0.027860
0.032148
0.028331
0.023990
0.026284
0.036486
0.036874
0.028597
0.035102
0.021527
0.029604
0.023927
0.039574
0.038390
0.038093
0.042662
0.033284
0.027318
0.026079
0.017945
0.030290
0.030872
0.041324
0.026865
0.030560
0.028519
0.032367
0.035646
0.034818
0.033325
0.038546
0.029423
0.030771
0.028596
0.024597
0.026281
0.021830
0.028625
0.024423
0.024993
0.023455
0.027684
0.025276
0.021644
0.025549
0.017964
0.020962
0.022738
0.017771
0.021365
0.025032
0.024312
0.018104
0.029968
0.021418
0.017443
0.020959
0.022197
0.017529
0.032386
0.021868
0.022221
0.028498
0.031974
0.033255
0.030997
0.036215
0.022271
0.023179
0.024610
0.021557
0.023576
0.023246
0.023771
0.021598
0.022216
0.024368
0.018141
0.022293
0.017904
0.022125
0.022505
0.027750
0.023819
0.021727
0.030818
0.021167
0.021050
0.021359
0.022675
0.030056
0.024774
0.032299
0.031448
0.022638
0.025516
0.025006
0.021636
0.027446
0.020265
0.021765
0.028144
0.021905
0.020892
0.017737
0.032381
0.019649
0.020821
0.022965
0.022994
0.022761
0.024158
0.024691
0.023687
0.033597
0.025132
0.026049
0.030039
0.024246
0.027911
0.028450
0.024492
0.027561
0.028241
0.023923
0.023844
0.023747
0.023613
0.028332
0.023880
0.024463
0.020611
0.020712
0.023235
0.018586
0.025063
0.026539
0.023679
0.018637
0.022159
0.022993
0.027030
0.022783
0.023033
0.021648
0.027856
0.027900
0.025968
0.022887
0.026941
0.023595
0.017858
0.028238
0.022885
0.026886
0.022846
0.020936
0.025689
0.018214
0.021891
0.029027
0.026649
0.018607
0.022027
0.031889
0.023019
0.021111
0.021725
0.025174
0.024214
0.018331
0.022344
0.026897
0.022094
0.027037
0.027150
0.021905
0.025838
0.019475
0.031392
0.027372
0.030063
0.021053
0.021793
0.025888
0.019320
0.024824
0.017817
0.020100
0.025559
0.017504
0.020700
0.020176
0.030134
0.024853
0.020660
0.023938
0.027828
0.024994
0.024885
0.017111
0.020742
0.025587
0.028790
0.023956
0.025460
0.018017
0.029202
0.030206
0.035689
0.024583
0.027023
0.021497
0.027162
0.027832
0.023866
0.025549
0.021940
0.022640
0.029594
0.024812
0.018993
0.021584
0.026440
0.019784
0.021599
0.032739
0.022852
0.018123
0.019960
0.023989
0.020406
0.023693
0.026301
0.017766
0.024947
0.026625
0.029273
0.028974
0.030603
0.028919
0.022012
0.020026
0.028297
0.028324
0.031877
0.017654
0.026887
0.017684
0.024293
0.028931
0.020558
0.019064
0.021809
0.021848
0.026479
0.026866
0.026997
0.024795
0.024355
0.022819
0.023312
0.024711
0.021115
0.023678
0.020948
0.019280
0.025875
0.022717
0.029438
0.029850
0.030203
0.025644
0.023211
0.025090
0.024543
0.022978
0.019837
0.022011
0.024518
0.026617
0.020767
0.029135
0.023908
0.018596
0.027200
0.020550
0.029917
0.027973
0.021549
0.021994
0.020878
0.020625
0.027395
0.022915
0.017585
