0.012464
0.061192
0.071590
0.033281
0.040939
0.031877
0.028412
0.037874
0.033635
0.043482
0.055101
0.045809
0.049229
0.041660
0.036893
0.037641
0.061162
0.049388
0.048083
0.046736
0.048656
0.041520
0.054562
0.046443
0.050736
0.038951
0.048099
0.044190
0.063494
0.044649
0.042176
0.041189
0.041111
0.041234
0.052295
0.054851
0.041463
0.057682
0.063443
0.034073
0.046470
0.032846
0.036977
0.083909
0.047781
0.050521
0.059324
0.046861
0.033984
0.036820
0.042481
0.032052
0.050792
0.042856
0.045377
0.044526
0.045294
0.041906
0.046311
0.055358
0.039893
0.071094
0.038802
0.043092
0.056752
0.042467
0.038289
0.031462
0.043504
0.039701
0.046204
0.068611
0.040640
0.037148
0.027850
0.040121
0.037314
0.022812
0.043114
0.040967
0.039320
0.038915
0.027337
0.045901
0.055430
0.061242
0.041481
0.038585
0.044550
0.032957
0.038064
0.034679
0.034276
0.033843
0.043829
0.052821
0.053057
0.039985
0.040810
0.040967
0.051032
0.061951
0.047208
0.043976
0.044576
0.046434
0.030777
0.035527
0.035388
0.051495
0.035341
0.051594
0.043436
0.050283
0.050267
0.040187
0.047020
0.049805
0.054026
0.064098
0.056058
0.053903
0.033172
0.047929
0.050949
0.057179
0.049411
0.032300
0.026194
0.042678
0.048117
0.039202
0.044244
0.024053
0.039278
0.037838
0.042166
0.043130
0.040533
0.041893
0.043056
0.032719
0.032516
0.040463
0.024985
0.039940
0.039349
0.030386
0.035399
0.040467
0.026706
0.037849
0.033115
0.049041
0.037277
0.034961
0.043415
0.048616
0.037442
0.033216
0.035598
0.039328
0.035940
0.037742
0.037742
0.032353
0.043595
0.049634
0.046316
0.054777
0.041735
0.056789
0.041360
0.026902
0.040564
0.051803
0.038580
0.043689
0.051525
0.051201
0.034607
0.035177
0.040065
0.033870
0.040662
0.037555
0.049214
0.042018
0.040691
0.049329
0.052521
0.048186
0.051034
0.056277
0.033364
0.046310
0.048086
0.076191
0.040150
0.055026
0.037138
0.035307
0.036214
0.046549
0.034533
0.045744
0.048012
0.040069
0.036152
0.041798
0.048813
0.042776
0.049157
0.041581
0.039045
0.052744
0.046136
0.033064
0.037324
0.034973
0.038508
0.035101
0.040147
0.040099
0.038937
0.034858
0.037642
0.036266
0.036279
0.029491
0.032334
0.045219
0.046105
0.034392
0.043011
0.026786
0.032590
0.038311
0.048620
0.035215
0.037363
0.022152
0.043401
0.036539
0.036129
0.034352
0.039352
0.042777
0.034096
0.039561
0.039824
0.026417
0.039499
0.036404
0.041133
0.036665
0.040265
0.048247
0.042388
0.025025
0.036513
0.038122
0.036294
0.034603
0.021946
0.043373
0.041901
0.037820
0.041049
0.025484
0.043436
0.038712
0.031617
0.039111
0.038564
0.039141
0.044124
0.041788
0.046362
0.043075
0.045300
0.041745
0.040665
0.036754
0.039973
0.039339
0.032987
0.030376
0.032071
0.040956
0.045232
0.031922
0.029399
0.041903
0.038639
0.045735
0.036500
0.031968
0.055109
0.038491
0.039290
0.049249
0.050497
0.043989
0.039991
0.041058
0.032695
0.037453
0.035815
0.035153
0.034120
0.018523
0.043054
0.032700
0.031744
0.043080
0.060756
0.044222
0.047784
0.050994
0.052370
0.038142
0.056714
0.040977
0.047111
0.036562
0.053199
0.044617
0.019990
0.040584
0.045664
0.032275
0.052500
0.033489
0.061828
0.035475
0.036485
0.036851
0.025059
0.030134
0.029346
0.024386
0.030645
0.032390
0.026133
0.027034
0.030224
0.032793
0.047500
0.034624
0.024087
0.033342
0.030485
0.023055
0.029240
0.030487
0.029369
0.021340
0.025435
0.036033
0.025841
0.036216
0.051266
0.022216
0.028419
0.042135
0.029305
0.028491
0.032863
0.028170
0.038183
0.039962
0.031682
0.032588
0.022715
0.033398
0.030101
0.032570
0.032374
0.026361
0.021524
0.033776
0.034459
0.034398
0.029037
0.033184
0.030772
0.029847
0.020699
0.028208
0.035139
0.019522
0.029802
0.031368
0.026794
0.031336
0.024997
0.040896
0.037712
0.024175
0.024439
0.025714
0.036560
0.032566
0.028930
0.039824
0.028904
0.043621
0.036887
0.025699
0.028220
0.023504
0.033461
0.034650
0.019952
0.025115
0.029555
0.026309
0.023696
0.026108
0.040929
0.026653
0.029108
0.025963
0.025976
0.037327
0.031420
0.022772
0.027164
0.026859
0.024352
0.029448
0.021755
0.028494
0.027642
0.037089
0.029000
0.034382
0.026630
0.028182
0.023124
0.034062
0.032111
0.021705
0.027263
0.030181
0.029029
0.040060
0.029310
0.027308
0.025521
0.030954
0.025272
0.024337
0.027753
0.043241
0.031386
0.018674
0.027263
0.029659
0.033272
0.032726
0.027006
0.025516
0.032007
0.031530
0.033518
0.033321
0.026784
0.033240
0.020400
0.036164
0.034745
0.040221
0.029100
0.018792
0.027013
0.025656
0.024594
0.028732
0.030845
0.033919
0.030092
0.028699
0.028327
0.028292
0.035210
0.028769
0.017905
0.041749
0.030812
0.034943
0.020204
0.029134
0.025568
0.033999
0.024646
0.030092
0.020419
0.031056
0.028696
0.026079
0.028482
0.021634
0.025761
0.027838
0.031745
0.028838
0.024917
0.022793
0.026863
0.036620
0.034517
0.037391
0.039430
0.019216
0.025531
0.029124
0.030380
0.026702
0.024120
0.024179
0.024070
0.030071
0.024794
0.026953
0.027394
0.024158
0.023836
0.021663
0.027342
0.023722
0.021499
0.021976
0.023350
0.022938
0.028813
0.027664
0.018965
0.018345
0.025457
0.020822
0.023536
0.024475
0.027962
0.018533
0.022314
0.022114
0.018983
0.025445
0.027572
0.018493
0.024435
0.026471
0.026407
0.022915
0.024201
0.019967
0.022951
0.026697
0.025350
0.021897
0.024102
0.018702
0.027503
0.026906
0.024263
0.021847
0.023059
0.023514
0.025162
0.021880
0.021758
0.023325
0.022762
0.026181
0.025918
0.027676
0.018987
0.020518
0.027925
0.025189
0.019925
0.024607
0.026079
0.022603
0.021081
0.021578
0.024413
0.021849
0.022736
0.022123
0.017781
0.022161
0.027140
0.023595
0.022117
0.025625
0.020682
0.022475
0.018148
0.021835
0.025413
0.021531
0.021409
0.017589
0.018002
0.026436
0.021698
0.023143
0.017734
0.021166
0.025522
0.018189
0.021851
0.021413
0.018289
0.023215
0.021480
0.022719
0.023445
0.022006
0.021613
0.022491
0.025774
0.022718
0.019942
0.021055
0.022020
0.030877
0.031611
0.026520
0.023071
0.021640
0.026618
0.022536
0.032480
0.027520
0.024956
0.027397
0.021566
0.021456
0.025846
0.028417
0.021497
0.026608
0.020560
0.032861
0.035159
0.026542
0.027494
0.018554
0.024752
0.022073
0.021833
0.024171
0.029338
0.021857
0.022632
0.022966
0.023649
0.020619
0.022721
0.018951
0.023707
0.024086
0.023571
0.021972
0.025023
0.033236
0.026827
0.024405
0.026845
0.019052
0.020484
0.022070
0.024092
0.025926
0.023040
0.034034
0.028610
0.027742
0.020416
0.023635
0.026076
0.025143
0.020710
0.022380
0.023628
0.026677
0.021188
0.022283
0.019631
0.028352
0.024456
0.029220
0.023801
0.024391
0.021692
0.034333
0.028328
0.027320
0.027328
0.025992
0.024920
0.018414
0.025111
0.025513
0.018176
0.033023
0.024477
0.035380
0.025218
0.025325
0.024436
0.018683
0.019014
0.024640
0.022175
0.024198
0.023821
0.029348
0.030017
0.025626
0.022161
0.022854
0.034171
0.031863
0.025452
0.023896
0.026565
0.023496
0.024508
0.031233
0.031362
0.029168
0.024966
0.018607
0.019565
0.023713
0.026770
0.025644
0.029630
0.029598
0.026796
0.029156
0.028311
0.025851
0.026477
0.020088
0.030677
0.027593
0.018424
0.023937
0.023483
0.028958
0.026715
0.029530
0.023413
0.023638
0.023094
0.024154
0.029248
0.024077
0.021839
0.021906
0.021349
0.029530
0.021761
0.027513
0.027338
0.021142
0.020233
0.021365
0.025500
0.034448
0.028764
0.023233
0.021534
0.017474
0.019713
0.021531
0.017592
0.017828
0.018310
0.021556
0.021467
0.017603
0.017528
0.017611
0.017076
0.017210
0.021144
0.018016
0.019853
0.016536
0.016255
0.019323
0.016153
0.020580
0.016374
0.016866
0.021210
0.016658
0.016957
0.019562
0.019994
0.017967
0.019818
0.019866
0.019758
0.016737
0.016501
0.016573
0.016508
0.019459
0.020394
0.018980
0.018849
0.019609
0.021156
0.019291
0.017606
0.019299
0.023693
0.020450
0.021184
0.020387
0.020422
0.024249
0.020033
0.020537
0.021718
0.017854
0.018540
0.016721
0.019334
0.016698
0.017198
0.019787
0.020961
0.023333
0.016868
0.017161
0.019657
0.016987
0.019119
0.016948
0.021564
0.017565
0.020728
0.016997
0.018960
0.020164
0.017340
0.017179
0.018919
0.017354
0.018872
0.019787
0.019848
0.017147
0.020364
0.020835
0.017294
0.018355
0.019984
0.017216
0.020075
0.020285
0.020102
0.019012
0.017322
0.019856
0.017243
0.017915
0.020216
0.018302
0.022476
0.019775
0.020598
0.020628
0.025696
0.024244
0.020542
0.023912
0.028903
0.026662
0.025041
0.028141
0.023255
0.024710
0.028020
0.023310
0.024922
0.028625
0.022076
0.024889
0.022787
0.016999
0.016812
0.016860
0.016209
0.019988
0.020217
0.016719
0.022136
0.016762
0.016445
0.016542
0.016997
0.017007
0.019538
0.020323
0.019981
0.016435
0.016472
0.018375
0.016959
0.016492
0.019382
0.019924
0.017337
0.016740
0.016886
0.018323
0.020163
0.021000
0.018562
0.024620
0.019774
0.017274
0.017314
0.017233
0.016833
0.016943
0.017742
0.019887
0.020153
0.016796
0.016783
0.016675
0.017402
0.018209
0.017267
0.017268
0.017120
0.017145
0.020560
0.016654
0.019823
0.017422
0.017686
0.017702
0.017246
0.017555
0.019742
0.016839
0.022850
0.017198
0.016907
0.017089
0.018256
0.017074
0.021067
0.016801
0.017744
0.019886
0.019126
0.016469
0.019347
0.019623
0.020732
0.017276
0.017359
0.017576
0.019135
0.017292
0.019663
0.017319
0.016867
0.019324
0.017437
0.017384
0.021546
0.019823
0.024560
0.020738
0.017104
0.017399
0.018255
0.018056
0.017391
0.018081
0.020822
0.020903
0.023827
0.025489
0.025753
0.025777
0.026065
0.026234
0.024058
0.023839
0.026274
0.020823
0.021338
0.017060
0.016878
0.019681
0.016581
0.016846
0.021237
0.017276
0.022757
0.021266
0.016932
0.016707
0.017049
0.016799
0.016722
0.016865
0.017022
0.020428
0.019824
0.019968
0.022396
0.019496
0.020148
0.020005
0.022994
0.019649
0.019063
0.020125
0.017441
0.019953
0.017367
0.020615
0.016846
0.020355
0.016826
0.016987
0.016999
0.021180
0.017462
0.017368
0.017524
0.020494
0.017245
0.019235
0.020012
0.016922
0.016291
0.019005
0.016784
0.016912
0.016112
0.016729
0.019501
0.016170
0.016263
0.020342
0.016726
0.017015
0.016812
0.016868
0.018556
0.021210
0.016894
0.016732
0.019691
0.018565
0.016684
0.016683
0.020396
0.016575
0.016457
0.019193
0.016828
0.018914
0.016431
0.016351
0.016388
0.016337
0.016350
0.019315
0.016047
0.016014
0.016123
0.016415
0.016357
0.020057
0.018373
0.021229
0.016533
0.019703
0.016472
0.016375
0.016352
0.019852
0.018164
0.021516
0.016895
0.017739
0.016484
0.018928
0.019625
0.019516
0.023622
0.016961
0.016855
0.019678
0.020287
0.020099
0.024678
0.023089
0.025010
0.021307
0.025571
0.024608
0.022866
0.024076
0.019365
0.017322
0.017197
0.017377
0.017422
0.018320
0.019747
0.019840
0.029815
0.016744
0.021413
0.018009
0.018132
0.018692
0.037282
0.022010
0.023869
0.018205
0.017474
0.027052
0.017714
0.017597
0.016825
0.021291
0.017296
0.017175
0.037351
0.017164
0.017214
0.019538
0.024919
0.017534
0.028603
0.017089
0.017550
0.016760
0.016923
0.016850
0.027402
0.020728
0.022719
0.021723
0.021849
0.020531
0.018616
0.025340
0.031729
0.017415
0.018228
0.020767
0.033835
0.028122
0.024026
0.024436
0.019913
0.023361
0.019608
0.026260
0.028740
0.020786
0.023471
0.023170
0.021977
0.029970
0.029830
0.020244
0.024003
0.019690
0.021171
0.031201
0.024261
0.021953
0.018527
0.024040
0.021605
0.032277
0.022204
0.025153
0.018304
0.021040
0.018022
0.037292
0.024743
0.030280
0.023640
0.026609
0.022096
0.028719
0.025929
0.029079
0.030226
0.032967
0.029587
0.027493
0.033051
0.031892
0.031172
0.026536
0.026411
0.023610
0.033592
0.027115
0.022211
0.031752
0.034713
0.026937
0.030066
0.030563
0.034093
0.034719
0.027493
0.030697
0.029456
0.030048
0.035743
0.037615
0.034016
0.025046
0.035182
0.026345
0.027587
0.022457
0.025764
0.023449
0.028843
0.022228
0.031146
0.028841
0.030216
0.028744
0.022768
0.023591
0.025503
0.027500
0.023012
0.030740
0.022556
0.029996
0.026111
0.028051
0.026797
0.025835
0.024567
0.029160
0.034390
0.024791
0.038475
0.033417
0.029247
0.018270
0.029492
0.033847
0.029645
0.023287
0.027717
0.035526
0.025188
0.025217
0.032732
0.027390
0.026345
0.024421
0.033890
0.027306
0.026118
0.026705
0.025711
0.021210
0.031310
0.027009
0.028334
0.020843
0.033001
0.029289
0.021647
0.023965
0.017863
0.023345
0.019164
0.018242
0.030879
0.031091
0.028655
0.028636
0.028434
0.028150
0.024628
0.027557
0.029347
0.020942
0.021555
0.029156
0.023010
0.018168
0.024254
0.017965
0.017856
0.021628
0.021171
0.021836
0.022748
0.021682
0.019114
0.019820
0.022031
0.023442
0.021355
0.021367
0.023755
0.021193
0.029306
0.018588
0.017766
0.020761
0.024995
0.023425
0.024589
0.019973
0.022201
0.018063
0.018142
0.017752
0.031104
0.028915
0.030195
0.025012
0.024626
0.028185
0.024011
0.021536
0.019094
0.019966
0.018372
0.022539
0.018344
0.029223
0.026956
0.021433
0.022823
0.020854
0.029826
0.022281
0.021690
0.018298
0.018348
0.020149
0.021889
0.021833
0.021427
0.017982
0.021099
0.020733
0.024188
0.018244
0.018131
0.017681
0.023499
0.017977
0.020734
0.017664
0.017495
0.018052
0.021247
0.020545
0.021450
0.019186
0.022974
0.020089
0.018432
0.019295
0.020564
0.024627
0.018330
0.018046
0.019090
0.018799
0.018719
0.020128
0.018738
0.018819
0.022424
0.018140
0.022272
0.018078
0.022390
0.018108
0.017981
0.017650
0.021126
0.019293
0.016860
0.016933
0.021415
0.017323
0.021381
0.016940
0.019815
0.020021
0.021376
0.017327
0.020886
0.021993
0.031129
0.026379
0.023708
0.017978
0.017640
0.017769
0.025939
0.018327
0.017890
0.022444
0.022352
0.019006
0.018324
0.018564
0.018701
0.018128
0.021090
0.022430
0.017411
0.019713
0.018491
0.020938
0.022171
0.017994
0.018757
0.018912
0.018831
0.018179
0.018693
0.018333
0.021797
0.018727
0.018840
0.018680
0.026649
0.018293
0.018353
0.017973
0.020905
0.017891
0.020499
0.017791
0.018343
0.018799
0.018600
0.018442
0.018529
0.018482
0.018669
0.018791
0.021791
0.026598
0.021290
0.023724
0.018067
0.025155
0.017542
0.017945
0.027406
0.025222
0.030661
0.025463
0.021357
0.017362
0.020101
0.022873
0.020948
0.022762
0.023983
0.021446
0.024549
0.023601
0.022495
0.016967
0.017907
0.021152
0.021289
0.022897
0.020819
0.017512
0.017045
0.021339
0.021014
0.017703
0.016824
0.023365
0.017760
0.017399
0.025256
0.025137
0.025454
0.023401
0.021363
0.018329
0.017404
0.021377
0.029543
0.023312
0.027725
0.024200
0.024076
0.031035
0.024496
0.023888
0.023592
0.023917
0.023781
0.023679
0.024759
0.028857
0.024891
0.024041
0.023517
0.023648
0.024515
0.023575
0.025996
0.023050
0.023785
0.023654
0.017431
0.017081
0.016900
0.017170
0.020677
0.016920
0.016705
0.020136
0.017241
0.018874
0.019974
0.016865
0.017842
0.020464
0.017003
0.020363
0.017046
0.021414
0.018470
0.017142
0.016962
0.017240
0.020405
0.019215
0.017162
0.017238
0.024959
0.017604
0.017673
0.017484
0.017278
0.017474
0.019227
0.017372
0.016889
0.016745
0.017150
0.021091
0.017458
0.017493
0.017272
0.017200
0.021113
0.017309
0.017341
0.019671
0.017225
0.017245
0.019785
0.017320
0.017436
0.020684
0.017412
0.018876
0.017571
0.017479
0.017296
0.017363
0.020927
0.018002
0.017630
0.017717
0.017487
0.018038
0.021170
0.017174
0.017277
0.021312
0.018349
0.017349
0.017594
0.018312
0.017049
0.017241
0.017341
0.020646
0.017666
0.017238
0.017934
0.016591
0.016678
0.018144
0.018079
0.016699
0.016893
0.017005
0.017183
0.017977
0.017055
0.017018
0.017179
0.017162
0.020473
0.018085
0.017442
0.017046
0.017302
0.018118
0.017252
0.017007
0.017169
0.017894
0.016975
0.017351
0.017569
0.017805
0.017617
0.017461
0.017429
0.017587
0.017901
0.018991
0.017386
0.016775
0.017113
0.017095
0.020691
0.016981
0.022229
0.017427
0.017306
0.017738
0.019932
0.019203
0.018032
0.018080
0.017838
0.017737
0.017574
0.017529
0.017336
0.017589
0.017671
0.017597
0.018176
0.018206
0.021437
0.017938
0.017978
0.018029
0.017718
0.017953
0.018509
0.017912
0.021668
0.017867
0.018038
0.017915
0.020613
0.017967
0.017921
0.018007
0.017869
0.017853
0.017962
0.017775
0.018100
0.021369
0.017914
0.017771
0.018418
0.017770
0.017760
0.017593
0.018493
0.018364
0.021584
0.018350
0.018385
0.018508
0.018437
0.018096
0.018307
0.018366
0.018434
0.018292
0.018409
0.021993
0.018339
0.018261
0.018451
0.019791
0.018467
0.018252
0.018863
0.018289
0.017615
0.018806
0.018032
0.019175
0.019448
0.017174
0.017076
0.017026
0.017323
0.023126
0.017899
0.017789
0.017716
0.017706
0.017843
0.017580
0.017386
0.017412
0.017263
0.017420
0.022352
0.016675
0.016894
0.023983
0.025864
0.031516
0.025866
0.029266
0.029540
0.025888
0.029616
0.022666
0.020341
0.021017
0.017999
0.017078
0.020836
0.021093
0.017020
0.016957
0.016830
0.020032
0.017089
0.019945
0.016812
0.019756
0.017193
0.017042
0.020181
0.017179
0.020152
0.017249
0.017283
0.017282
0.017383
0.021115
0.017437
0.017395
0.020215
0.017453
0.017685
0.017630
0.017790
0.017604
0.017482
0.021161
0.017346
0.017450
0.017446
0.017806
0.021438
0.018239
0.018056
0.017573
0.017385
0.017676
0.020752
0.017578
0.017558
0.018466
0.017317
0.021541
0.017575
0.017463
0.019831
0.017337
0.019923
0.017368
0.017083
0.020666
0.017049
0.016874
0.016706
0.017049
0.017041
0.020768
0.016977
0.017132
0.016870
0.016850
0.016632
0.021021
0.017294
0.017235
0.017076
0.020701
0.017280
0.018941
0.018730
0.019319
0.016945
0.020694
0.017062
0.017474
0.020308
0.017066
0.017047
0.020501
0.016995
0.016938
0.021155
0.018010
0.018081
0.017371
0.017654
0.020646
0.018236
0.018199
0.017913
0.020664
0.017982
0.018045
0.017855
0.018181
0.021392
0.017779
0.017771
0.022735
0.018318
0.018173
0.017643
0.017820
0.017556
0.017507
0.017707
0.018526
0.017817
0.017680
0.017955
0.018271
0.018687
0.018029
0.018284
0.018072
0.018384
0.018230
0.018028
0.018163
0.018085
0.018182
0.018132
0.017942
0.018044
0.017898
0.017394
0.017637
0.017561
0.017568
0.017700
0.017414
0.018422
0.018465
0.017855
0.017481
0.017542
0.017745
0.017521
0.017385
0.017260
0.017251
0.017214
0.017250
0.017216
0.017363
0.017296
0.017282
0.017408
0.017492
0.017921
0.018263
0.018251
0.018334
0.017830
0.017754
0.017783
0.018166
0.018131
0.017355
0.017315
0.017196
0.017209
0.017141
0.017033
0.016951
0.016951
0.017038
0.016864
0.016868
0.016822
0.016659
0.016550
0.016582
0.016703
0.016490
0.016521
0.016432
0.016265
0.016244
0.016157
0.016172
0.016114
0.016471
0.016737
0.016353
0.016303
0.016448
0.016642
0.016815
0.016637
0.016723
0.016886
0.016792
0.016840
0.016752
0.016761
0.016612
0.016634
0.016567
0.016691
0.016867
0.016706
0.016679
0.016677
0.016998
0.016933
0.017230
0.017037
0.017410
0.018421
0.017241
0.017216
0.017404
0.017767
0.017621
0.017227
0.018036
0.017113
0.017414
0.017424
0.017549
0.017409
0.017839
0.017202
0.017216
0.017097
0.017224
0.017178
0.017176
0.018389
0.017657
0.017164
0.016949
0.017335
0.017491
0.016934
0.016963
0.017000
0.021911
0.021456
0.021656
0.017814
0.016979
0.017142
0.016923
0.016885
0.016757
0.016834
0.016881
0.016885
0.016747
0.016725
0.016448
0.016586
0.016621
0.016565
0.016482
0.016422
0.016365
0.016430
0.016686
0.016583
0.016549
0.016591
0.016730
0.017113
0.017394
0.017222
0.017177
0.016961
0.016883
0.016983
0.016940
0.016786
0.016702
0.016721
0.016803
0.016737
0.018589
0.016859
0.016646
0.016758
0.016738
0.016739
0.016669
0.016714
0.019014
0.018633
0.017527
0.017173
0.017329
0.017446
0.017424
0.017183
0.017216
0.017251
0.017092
0.017145
0.017244
0.017381
0.016961
0.017199
0.017416
0.017423
0.017099
0.016974
0.016876
0.017020
0.017236
0.017400
0.017609
0.017823
0.017615
0.018111
0.017429
0.017751
0.017642
0.017567
0.017396
0.017348
0.017185
0.017389
0.017585
0.017393
0.017383
0.017362
0.016998
0.017246
0.017049
0.017026
0.016963
0.017181
0.017120
0.017187
0.016960
0.016944
0.017552
0.017577
0.017136
0.017203
0.017365
0.017683
0.017474
0.017285
0.017438
0.017495
0.017396
0.017526
0.017406
0.017293
0.017195
0.017183
0.017263
0.017271
0.017392
0.017120
0.017024
0.017043
0.017120
0.017085
0.017059
0.017681
0.017571
0.017378
0.017174
0.017409
0.017583
0.017550
0.017292
0.017359
0.017358
0.017385
0.017385
0.017663
0.017554
0.017558
0.017334
0.017450
0.017561
0.017638
0.017666
0.017724
0.017637
0.017459
0.017362
0.017176
0.017365
0.018083
0.017539
0.017041
0.017067
0.017247
0.017618
0.017586
0.017510
0.017333
0.017266
0.017594
0.017617
0.017305
0.017183
0.017034
