0.020633
4.988872
0.228387
0.257391
0.202439
0.236796
0.297784
0.429979
0.143996
0.340132
0.268599
0.266940
0.206257
0.191728
0.296337
0.333703
0.286732
0.174509
0.286715
0.206250
0.290123
0.367367
0.223043
0.295427
0.234275
0.310247
0.301835
0.388959
0.314453
0.289045
0.283582
0.238408
0.262921
0.313252
0.204860
0.260585
0.278320
0.242323
0.353502
0.366517
0.460863
0.346966
0.361675
0.315089
0.328171
0.301445
0.319710
0.367116
0.290237
0.309080
0.288764
0.272980
0.280493
0.345190
0.239562
0.201311
0.247783
0.381809
0.327486
0.361620
0.407719
0.330992
0.428052
0.114819
0.341866
0.359704
0.186615
0.301177
0.370233
0.298999
0.240246
0.285762
0.337771
0.294648
0.293092
0.362039
0.312653
0.310839
0.311991
0.280015
0.314610
0.238894
0.260026
0.299790
0.195337
0.262992
0.421947
0.315422
0.323473
0.363152
0.523050
0.309074
0.219492
0.362355
0.294429
0.352819
0.264735
0.294382
0.353230
0.266793
0.396305
0.368090
0.398855
0.303610
0.421128
0.382113
0.265436
0.319757
0.283816
0.442877
0.334483
0.293983
0.261406
0.310593
0.398452
0.370917
0.276286
0.297809
0.277065
0.268697
0.220652
0.265624
0.295644
0.327096
0.262153
0.395957
0.262032
0.224821
0.378881
0.317566
0.222914
0.249351
0.328694
0.318394
0.205699
0.125695
0.257910
0.289570
0.234938
0.276513
0.283560
0.389358
0.270724
0.279210
0.315473
0.352689
0.330389
0.446475
0.450682
0.330214
0.304801
0.300146
0.285732
0.297461
0.254070
0.273094
0.321120
0.253559
0.313092
0.325449
0.258930
0.305017
0.408792
0.276353
0.331574
0.373270
0.401600
0.278389
0.307975
0.268924
0.369148
0.292201
0.225658
0.242801
0.320933
0.385048
0.253378
0.469340
0.261621
0.280006
0.253702
0.289607
0.349480
0.352684
0.214809
0.277529
0.360230
0.215194
0.313976
0.260979
0.343565
0.315567
0.251153
0.301389
0.212855
0.342698
0.319460
0.169732
0.259801
0.158906
0.275213
0.191025
0.358477
0.211987
0.231304
0.311139
0.250288
0.214756
0.142701
0.377926
0.278738
0.235607
0.081586
0.294326
0.383297
0.260588
0.317838
0.216295
0.251994
0.284073
0.305164
0.133720
0.304138
0.266085
0.319368
0.323341
0.301142
0.284205
0.247173
0.313488
0.232043
0.371213
0.229899
0.296558
0.203749
0.380416
0.187329
0.243932
0.237392
0.292387
0.336044
0.236880
0.261521
0.082463
0.299106
0.301973
0.262224
0.197970
0.313536
0.237984
0.280020
0.274663
0.351178
0.278690
0.199698
0.198936
0.259255
0.137233
0.274824
0.256487
0.301134
0.189981
0.267088
0.253461
0.247159
0.180289
0.277630
0.218603
0.210156
0.272129
0.267265
0.255542
0.250523
0.198619
0.246687
0.244375
0.206531
0.273448
0.186703
0.315909
0.211464
0.231579
0.172152
0.210976
0.223616
0.331801
0.259553
0.200957
0.268804
0.228615
0.270859
0.205202
0.196513
0.228707
0.264497
0.097790
0.293808
0.217376
0.164125
0.230244
0.220296
0.177640
0.213058
0.237093
0.203331
0.379441
0.252687
0.370512
0.215080
0.180735
0.229835
0.247612
0.254687
0.287493
0.197514
0.220046
0.269993
0.223640
0.179717
0.307219
0.214864
0.276801
0.256822
0.171360
0.228697
0.261914
0.279459
0.146173
0.258237
0.266799
0.229494
0.214575
0.188796
0.377668
0.252770
0.359959
0.345277
0.255622
0.272606
0.292633
0.200557
0.354113
0.256458
0.306519
0.090542
0.386462
0.166443
0.277191
0.233956
0.183225
0.342672
0.188308
0.277271
0.249092
0.357388
0.216471
0.074222
0.198258
0.233140
0.261700
0.226065
0.179439
0.141166
0.215992
0.233796
0.272524
0.138351
0.307048
0.211358
0.337988
0.160057
0.267475
0.257673
0.217066
0.277768
0.320530
0.389007
0.286560
0.350658
0.366560
0.317621
0.287100
0.272681
0.317354
0.260163
0.282662
0.275468
0.271859
0.265897
0.269316
0.301160
0.219964
0.289850
0.265624
0.340782
0.257931
0.211434
0.262074
0.310245
0.301925
0.208557
0.358348
0.279802
0.253023
0.176271
0.246888
0.320724
0.339155
0.227066
0.262191
0.240431
0.284872
0.397141
0.226482
0.275333
0.255770
0.277025
0.231641
0.234704
0.237035
0.257122
0.275472
0.166604
0.258297
0.322860
0.235207
0.277347
0.217250
0.298796
0.399604
0.301235
0.263777
0.383958
0.307453
0.373100
0.212025
0.317771
0.224664
0.426308
0.305477
0.356542
0.205319
0.346680
0.297877
0.223068
0.219570
0.342494
0.356564
0.234043
0.425621
0.143769
0.213596
0.310961
0.226711
0.331961
0.151594
0.303088
0.164861
0.245309
0.247469
0.229985
0.226042
0.303324
0.192527
0.217157
0.268489
0.365388
0.106889
0.343147
0.269603
0.281392
0.328221
0.381613
0.221446
0.247828
0.333505
0.226497
0.316345
0.267746
0.297660
0.381764
0.153411
0.348089
0.183527
0.388964
0.262364
0.338532
0.234479
0.258849
0.085589
0.291857
0.201223
0.261311
0.290645
0.336223
0.260604
0.256610
0.209063
0.171204
0.221497
0.360223
0.204863
0.308627
0.346313
0.239242
0.330936
0.324542
0.182516
0.343003
0.260117
0.222533
0.360573
0.163091
0.328230
0.150537
0.315649
0.301838
0.359818
0.286492
0.269034
0.277440
0.094846
0.357348
0.208580
0.264625
0.167914
0.339789
0.252232
0.274192
0.447516
0.334099
0.274381
0.259029
0.242069
0.393138
0.354231
0.300213
0.263288
0.264085
0.292819
0.298361
0.221405
0.334998
0.276026
0.361729
0.150930
0.224029
0.360870
0.387045
0.430433
0.194929
0.280167
0.214010
0.236590
0.260140
0.260237
0.216899
0.291689
0.210840
0.240210
0.212775
0.315756
0.175717
0.297157
0.287577
0.173287
0.206554
0.336591
0.214715
0.256792
0.199808
0.277081
0.109834
0.213520
0.249282
0.238272
0.103413
0.263743
0.268691
0.125602
0.238447
0.279403
0.247281
0.278351
0.186368
0.134449
0.244288
0.273126
0.320580
0.204667
0.296517
0.358783
0.278381
0.243677
0.315179
0.245994
0.283369
0.248307
0.116762
0.279084
0.224624
0.159428
0.233861
0.343436
0.295541
0.257998
0.272355
0.293340
0.263172
0.291793
0.243870
0.363628
0.400133
0.427462
0.232842
0.314485
0.244500
0.281910
0.373856
0.251838
0.271732
0.212093
0.221247
0.230739
0.172946
0.200836
0.219953
0.242747
0.300121
0.235935
0.085150
0.251858
0.161997
0.285723
0.218179
0.228527
0.384391
0.146808
0.292250
0.163610
0.124843
0.130852
0.111302
0.084342
0.060483
0.097305
0.199548
0.191858
0.098580
0.356988
0.081450
0.130746
0.312015
0.222952
0.267165
0.150415
0.214679
0.339503
0.291610
0.230929
0.245861
0.305857
0.306808
0.324665
0.236293
0.312360
0.283367
0.247122
0.148988
0.213204
0.319439
0.232688
0.242247
0.204820
0.361031
0.310287
0.265311
0.257091
0.271232
0.231785
0.316072
0.346356
0.423813
0.308884
0.298880
0.361432
0.270150
0.244378
0.309692
0.214968
0.369106
0.353273
0.278680
0.216336
0.246691
0.345394
0.274146
0.276102
0.258424
0.260007
0.255056
0.229391
0.180668
0.213531
0.294551
0.068018
0.153881
0.247687
0.177502
0.464682
0.338003
0.285655
0.227580
0.136574
0.201180
0.257262
0.134562
0.267304
0.216548
0.223985
0.108499
0.284663
0.147560
0.358884
0.224219
0.251790
0.259158
0.231363
0.211552
0.323065
0.327859
0.238142
0.274365
0.425073
0.215976
0.301339
0.228866
0.271208
0.251188
0.256961
0.228110
0.335302
0.227999
0.315663
0.217093
0.186846
0.283474
0.066438
0.070237
0.197712
0.215444
0.279961
0.230873
0.215243
0.144902
0.262301
0.277322
0.222534
0.371918
0.345772
0.282738
0.309289
0.290967
0.068212
0.280741
0.220812
0.168978
0.287417
0.385494
0.211154
0.289161
0.252668
0.289952
0.374728
0.314625
0.195747
0.255568
0.265041
0.386294
0.306059
0.228582
0.197496
0.227057
0.237758
0.283100
0.241827
0.249058
0.228426
0.229276
0.158858
0.063927
0.152907
0.259662
0.137589
0.169869
0.281585
0.268678
0.355531
0.123842
0.264716
0.223622
0.313920
0.236236
0.254860
0.222637
0.322195
0.263894
0.320186
0.063761
0.272322
0.183839
0.200495
0.150678
0.277111
0.217055
0.166323
0.243528
0.252931
0.254891
0.304334
0.075406
0.200096
0.234329
0.305254
0.271444
0.132985
0.274357
0.196213
0.309409
0.244675
0.282599
0.196223
0.203481
0.102198
0.169755
0.241907
0.303260
0.122804
0.244878
0.260557
0.264417
0.162523
0.341126
0.212555
0.269905
0.254026
0.184547
0.250618
0.212735
0.175478
0.264370
0.272437
0.204673
0.249775
0.315036
0.240864
0.293793
0.198782
0.226668
0.228971
0.312904
0.249670
0.378227
0.294761
0.304311
0.295135
0.241807
0.316553
0.179012
0.289093
0.244887
0.205261
0.457346
0.389172
0.242055
0.287340
0.313470
0.383658
0.381888
0.198698
0.291845
0.209549
0.311605
0.197381
0.236710
0.388209
0.192218
0.258686
0.211965
0.266063
0.278337
0.307177
0.203713
0.340596
0.231027
0.177325
0.255973
0.296593
0.384231
0.335513
0.274697
0.173341
0.342861
0.291936
0.296150
0.292528
0.339547
0.203458
0.205395
0.247936
0.150750
0.228789
0.183794
0.260566
0.202604
0.179817
0.202406
0.205111
0.229348
0.291315
0.236598
0.143174
0.077208
0.234986
0.189799
0.321732
0.166425
0.315092
0.194557
0.135184
0.281276
0.216647
0.104436
0.309903
0.087756
0.234515
0.199225
0.338145
0.182256
0.241839
0.245242
0.233228
0.196070
0.282362
0.263975
0.241549
0.380466
0.255007
0.358056
0.200739
0.246364
0.231141
0.315340
0.085844
0.329886
0.066675
0.191834
0.209143
0.200535
0.292827
0.303429
0.279986
0.362189
0.332875
0.163496
0.381110
0.316596
0.202624
0.457399
0.283037
0.291677
0.187117
0.267008
0.211844
0.257860
0.128087
0.151216
0.177168
0.302114
0.125773
0.093748
0.355570
0.150873
0.192009
0.216343
0.119111
0.160657
0.235459
0.270508
0.216989
0.166182
0.207251
0.205403
0.122686
0.236143
0.153710
0.248633
0.324839
0.221641
0.249670
0.267539
0.194026
0.274718
0.298318
0.255555
0.119821
0.192916
0.215446
0.340292
0.215850
0.165166
0.339082
0.173958
0.245144
0.164211
0.279471
0.298667
0.157552
0.237467
0.150602
0.074786
0.241032
0.228986
0.155110
0.200775
0.218690
0.131180
0.076954
0.085284
0.212291
0.203914
0.201713
0.205756
0.233120
0.180569
0.215500
0.219882
0.166128
0.215498
0.223196
0.155991
0.324419
0.187645
0.238605
0.208136
0.234305
0.326362
0.162385
0.232257
0.375160
0.303755
0.285157
0.107585
0.278185
0.249061
0.251845
0.229364
0.215646
0.123364
0.179642
0.256148
0.205538
0.155473
0.269957
0.214934
0.349714
0.173510
0.251540
0.253080
0.141728
0.313141
0.248856
0.193407
0.246225
0.261125
0.251347
0.304559
0.241721
0.345990
0.266877
0.246459
0.304095
0.319792
0.201932
0.349004
0.283447
0.277264
0.297837
0.322180
0.307812
0.194695
0.279548
0.344516
0.335298
0.177465
0.272030
0.150357
0.283656
0.180982
0.243112
0.291685
