72	81	70	75
70	78	71	74
65	81	69	72
59	83	68	72
56	84	67	72
53	88	67	70
48	88	67	68
46	89	66	67
41	92	65	65
40	93	64	62
36	94	63	60
34	96	63	62
35	98	62	60
35	100	62	59
32	100	62	60
33	100	59	60
32	99	61	59
32	101	58	59
30	102	59	57
30	106	58	52
29	104	58	52
34	106	55	49
35	105	54	49
37	105	54	45
37	106	52	42
41	106	51	42
42	106	52	42
45	105	50	40
47	104	49	39
49	104	49	39
54	104	48	37
56	104	47	37
57	102	46	37
59	103	46	35
61	102	45	36
65	102	46	36
67	100	47	36
70	98	46	36
73	99	46	35
79	99	45	34
84	98	46	36
88	99	44	34
94	100	43	34
95	97	45	37
96	96	44	37
101	96	45	36
102	95	46	37
106	96	43	37
109	94	42	38
111	94	44	37
114	93	46	36
116	93	46	36
117	91	43	36
118	90	42	37
121	86	51	43
124	83	50	44
124	84	51	45
124	79	52	48
123	75	52	51
124	74	51	53
123	72	50	52
125	73	53	51
122	66	50	55
122	66	51	55
119	62	49	59
119	60	48	60
118	61	49	58
114	59	61	62
118	59	53	65
113	60	54	64
111	63	53	61
108	62	64	64
104	61	68	64
104	63	73	68
103	56	77	76
99	52	82	83
102	52	80	85
98	51	82	89
94	51	81	89
98	56	79	91
96	57	82	91
94	58	86	95
90	56	92	95
89	58	90	92
88	56	93	94
86	57	96	92
81	53	90	90
83	51	90	90
82	51	88	87
87	52	89	85
86	49	89	85
87	44	86	86
85	45	87	86
86	39	88	90
85	39	86	88
83	36	85	88
83	39	85	84
79	37	86	87
84	38	84	85
81	39	78	79
83	38	77	81
87	40	77	81
90	45	76	77
89	49	74	74
92	55	73	71
91	61	72	67
93	64	74	69
94	71	73	67
92	74	69	66
94	77	72	68
98	82	63	66
98	80	65	69
100	85	61	65
102	89	58	65
101	89	60	63
100	92	63	63
101	94	66	59
97	93	64	57
105	99	56	55
106	105	45	47
105	104	45	48
109	106	49	49
107	108	54	47
110	107	50	48
107	108	51	47
111	113	49	45
109	109	51	49
107	115	49	46
108	114	46	45
103	111	42	46
98	112	43	47
96	120	41	41
92	119	41	38
91	122	41	34
87	124	41	32
83	125	41	30
81	125	40	30
76	125	38	28
72	123	40	31
67	124	39	30
64	123	39	32
60	122	39	33
56	121	40	35
51	120	40	37
50	120	39	36
44	116	39	38
42	118	39	36
37	117	38	37
34	116	38	38
33	115	38	39
30	115	37	38
27	113	37	39
24	113	37	39
23	112	36	38
21	112	36	38
19	112	38	37
17	112	36	36
15	111	38	38
15	112	38	37
12	113	38	37
12	113	39	37
11	113	38	38
10	114	41	41
9	115	40	41
9	117	41	40
9	118	42	41
10	120	43	41
10	121	43	41
9	122	44	42
12	122	45	44
13	121	46	44
15	122	45	45
15	119	47	47
18	120	47	49
19	119	48	49
22	117	48	50
23	115	48	50
28	115	48	48
31	115	48	47
35	114	47	46
36	111	48	46
42	109	48	46
43	106	48	46
47	104	49	47
51	100	49	53
54	97	51	53
53	94	53	53
58	89	52	54
63	88	52	52
64	85	52	53
67	82	52	52
71	81	53	50
79	79	53	51
82	73	53	53
86	74	53	49
91	74	52	46
95	73	50	45
99	73	50	43
100	72	49	42
103	71	48	40
109	72	47	40
113	73	45	38
116	71	46	38
117	70	48	39
120	69	46	38
121	66	49	40
123	65	50	42
126	63	49	43
125	62	48	42
127	56	46	46
129	53	46	48
129	51	45	47
132	49	40	50
131	50	40	47
132	48	42	48
131	47	47	50
131	42	50	56
130	43	55	53
132	42	55	54
133	42	60	60
135	43	61	58
131	38	65	67
139	40	58	61
136	37	64	61
135	41	63	60
134	38	58	60
136	38	62	61
132	31	68	66
131	30	65	65
118	23	79	74
116	18	74	78
110	17	70	77
107	14	62	77
104	11	59	73
100	9	65	78
95	3	76	87
91	0	84	93
92	0	88	96
92	0	89	97
88	0	89	94
85	0	94	96
84	3	90	93
81	0	94	93
77	1	99	91
75	2	98	91
70	2	97	92
71	1	96	93
68	3	94	95
68	3	97	92
70	7	96	91
67	13	94	90
65	14	92	90
69	23	88	86
68	25	86	87
69	27	85	89
71	33	81	86
70	38	81	82
71	41	80	80
74	45	75	78
73	47	74	76
76	50	72	72
78	54	70	70
80	58	71	70
81	60	69	69
81	63	67	65
83	64	65	61
85	65	61	60
87	68	61	58
88	68	61	56
89	70	57	52
90	72	55	48
89	72	55	46
90	74	53	44
90	74	52	42
89	73	50	42
90	71	50	43
89	73	50	39
87	69	47	43
86	71	47	41
86	73	44	36
84	73	43	36
84	75	41	32
83	78	40	31
80	77	39	30
76	78	40	29
74	79	41	28
72	79	41	30
67	80	41	28
64	79	39	27
64	79	39	27
61	80	40	25
59	80	39	25
56	80	40	27
52	79	40	28
52	78	40	29
47	77	42	32
42	76	44	34
40	75	43	36
36	74	45	37
34	74	46	38
31	72	46	40
28	73	46	40
27	73	46	41
22	71	47	42
20	71	47	44
18	71	48	44
17	70	50	45
14	70	51	46
14	70	53	47
12	70	51	47
11	67	56	48
12	67	57	55
11	68	58	56
12	67	58	58
11	65	60	61
11	62	60	61
12	60	62	63
14	58	65	65
18	55	67	67
21	52	69	69
24	47	71	72
30	44	72	72
35	40	72	73
38	38	73	72
45	32	75	76
54	31	77	76
58	24	76	77
67	20	75	77
73	18	78	77
83	16	76	76
89	13	78	77
93	9	75	76
100	8	70	74
106	9	64	70
110	11	62	69
111	12	61	68
114	10	61	68
117	10	64	71
114	10	70	74
116	15	63	69
168	78	148	135
325	235	20	24
334	250	11	10
336	246	10	13
336	250	10	10
334	250	11	10
336	250	10	10
326	250	19	10
321	250	22	10
336	246	10	13
323	250	22	10
318	250	27	10
318	250	26	10
307	250	38	10
297	250	47	10
305	242	40	17
310	250	35	10
300	250	45	10
333	250	12	10
323	250	22	10
312	250	33	10
301	250	44	10
292	250	49	10
284	250	53	10
276	250	55	10
269	250	56	10
283	250	37	10
273	250	46	10
293	247	37	12
326	242	19	17
336	250	10	10
326	250	19	10
315	250	30	10
304	250	41	10
294	250	48	10
286	250	52	10
278	250	55	10
270	250	56	10
263	250	57	10
256	250	57	10
249	250	57	10
242	250	57	10
247	229	37	30
224	250	81	10
234	250	75	10
242	250	44	10
233	250	50	10
239	238	37	21
235	239	45	20
228	250	44	10
219	250	50	10
211	250	53	10
203	250	55	10
196	250	56	10
188	250	57	10
181	250	57	10
175	250	57	10
168	250	57	10
161	250	57	10
154	250	57	10
147	250	57	10
186	246	34	13
171	250	51	10
163	250	54	10
201	240	34	19
211	250	40	10
204	250	50	10
246	241	30	18
252	250	38	10
243	250	47	10
268	250	38	10
302	250	25	10
323	250	20	10
336	250	10	10
335	250	10	10
336	249	10	10
336	250	10	10
328	250	17	10
322	250	23	10
313	250	32	10
336	250	10	10
326	250	19	10
319	250	26	10
308	250	37	10
306	250	39	10
307	250	38	10
312	250	29	10
336	237	10	22
336	250	10	10
326	250	19	10
327	250	18	10
332	250	13	10
325	250	20	10
336	240	10	19
336	232	10	21
336	237	10	22
336	236	10	23
318	250	27	10
310	250	35	10
312	250	29	10
316	250	29	10
305	250	40	10
313	248	32	11
301	250	44	10
292	250	50	10
284	250	53	10
276	250	55	10
269	250	56	10
261	250	57	10
254	250	57	10
247	250	57	10
241	250	57	10
234	250	57	10
227	250	57	10
220	250	57	10
213	250	57	10
211	250	60	10
258	250	32	10
247	250	43	10
238	250	49	10
230	250	53	10
222	250	55	10
215	250	56	10
229	250	38	10
219	250	47	10
230	250	57	10
223	250	57	10
216	250	57	10
209	250	57	10
202	250	57	10
213	250	34	10
203	250	44	10
194	250	50	10
186	250	53	10
199	250	35	10
225	240	27	19
225	250	37	10
216	250	46	10
249	242	31	17
230	250	55	10
223	250	56	10
215	250	57	10
208	250	57	10
201	250	57	10
195	250	57	10
197	250	63	10
240	233	38	26
275	250	43	10
266	250	49	10
258	250	53	10
250	250	55	10
243	250	56	10
235	250	57	10
228	250	57	10
222	250	57	10
236	250	37	10
269	250	25	10
281	250	24	10
281	250	38	10
289	247	32	12
315	250	30	10
306	245	29	14
336	250	10	10
335	250	10	10
331	250	14	10
336	250	10	10
336	246	10	13
336	246	10	13
323	250	22	10
326	250	19	10
314	250	31	10
304	250	41	10
311	243	34	16
309	250	36	10
328	250	17	10
317	250	28	10
329	250	16	10
319	250	26	10
323	250	22	10
312	250	33	10
327	250	18	10
316	250	29	10
305	250	40	10
295	250	48	10
293	250	52	10
285	250	55	10
277	250	56	10
270	250	57	10
263	250	57	10
256	250	57	10
249	250	57	10
242	250	57	10
257	250	37	10
246	250	46	10
237	250	51	10
239	242	35	17
220	250	60	10
213	250	58	10
241	250	38	10
231	250	47	10
234	250	52	10
264	250	36	10
254	250	45	10
245	250	51	10
264	250	34	10
254	250	44	10
265	250	31	10
254	250	42	10
249	242	31	17
276	250	34	10
265	250	44	10
298	250	29	10
287	250	41	10
317	243	28	16
336	238	10	21
319	250	26	10
308	250	37	10
298	250	46	10
302	250	37	10
301	250	27	10
309	232	27	27
329	250	16	10
318	250	27	10
307	250	38	10
297	250	47	10
288	250	51	10
280	250	54	10
273	250	55	10
277	250	36	10
267	250	45	10
258	250	51	10
250	250	54	10
242	250	55	10
235	250	56	10
228	250	57	10
221	250	57	10
214	250	57	10
207	250	57	10
200	250	57	10
193	250	57	10
203	250	37	10
193	250	46	10
184	250	51	10
221	250	30	10
210	250	42	10
220	250	31	10
214	250	41	10
219	250	31	10
216	250	44	10
248	250	31	10
237	250	42	10
227	250	49	10
219	250	52	10
211	250	55	10
204	250	56	10
219	250	36	10
218	250	46	10
213	250	56	10
223	250	34	10
239	250	28	10
228	250	40	10
219	250	48	10
231	250	33	10
220	250	44	10
251	250	32	10
240	250	43	10
231	250	49	10
222	250	53	10
261	250	31	10
250	250	42	10
241	250	49	10
232	250	52	10
225	250	55	10
217	250	56	10
243	246	38	13
274	230	32	29
278	250	51	10
312	250	33	10
302	250	43	10
333	250	12	10
323	250	22	10
312	250	33	10
301	250	44	10
292	250	49	10
329	250	16	10
318	250	27	10
336	245	10	14
323	250	22	10
336	246	10	13
323	250	22	10
312	250	33	10
301	250	44	10
292	250	49	10
284	250	53	10
277	250	55	10
269	250	56	10
262	250	57	10
255	250	57	10
287	246	39	13
298	250	38	10
308	250	37	10
321	250	24	10
336	223	10	22
325	240	20	19
329	250	16	10
320	250	25	10
328	250	17	10
331	250	14	10
328	250	17	10
323	250	21	10
311	250	34	10
301	250	44	10
333	250	12	10
322	250	23	10
325	250	20	10
336	232	10	22
336	231	10	24
336	250	10	10
336	250	10	10
331	250	14	10
320	250	25	10
322	250	23	10
320	246	25	13
336	250	10	10
326	250	19	10
315	250	30	10
304	250	41	10
294	250	48	10
286	250	52	10
299	250	36	10
292	250	49	10
294	250	32	10
318	240	26	19
308	250	37	10
315	250	30	10
313	250	25	10
301	250	41	10
290	250	52	10
290	250	41	10
294	250	31	10
296	250	28	10
283	250	43	10
274	250	51	10
294	232	42	27
265	250	80	10
263	250	67	10
258	250	62	10
252	250	59	10
246	250	58	10
239	250	57	10
232	250	57	10
225	250	57	10
218	250	57	10
211	250	57	10
215	250	37	10
218	250	30	10
223	248	29	11
247	250	25	10
236	250	38	10
226	250	47	10
218	250	51	10
209	250	54	10
202	250	55	10
222	250	38	10
254	221	29	27
283	248	38	11
312	250	31	10
322	250	23	10
336	243	10	16
321	250	24	10
310	250	35	10
300	250	45	10
291	250	51	10
282	250	54	10
275	250	55	10
268	250	56	10
260	250	57	10
253	250	57	10
247	250	57	10
240	250	57	10
233	250	57	10
236	250	60	10
248	250	36	10
237	250	45	10
247	250	35	10
236	250	45	10
227	250	51	10
219	250	54	10
212	250	55	10
204	250	56	10
197	250	57	10
190	250	57	10
183	250	57	10
198	250	37	10
217	250	27	10
206	250	39	10
235	243	30	16
216	250	54	10
209	250	55	10
202	250	56	10
194	250	57	10
187	250	57	10
180	250	57	10
174	250	57	10
188	250	37	10
191	250	30	10
196	250	27	10
191	250	28	10
192	250	26	10
180	250	39	10
171	250	47	10
162	250	52	10
154	250	54	10
160	250	39	10
190	250	27	10
194	250	25	10
195	250	24	10
204	250	26	10
198	250	38	10
220	250	42	10
229	250	32	10
255	250	24	10
270	250	31	10
295	250	33	10
284	250	44	10
276	250	48	10
317	250	28	10
335	250	10	10
334	250	11	10
335	250	10	10
336	250	10	10
336	250	10	10
332	239	13	15
336	239	10	20
319	250	26	10
323	250	22	10
325	250	20	10
336	250	10	10
330	250	14	10
336	250	10	10
326	250	19	10
315	250	30	10
332	250	13	10
321	250	24	10
310	250	35	10
309	250	27	10
298	250	39	10
311	234	33	25
314	250	31	10
303	250	42	10
294	250	49	10
304	250	36	10
294	250	45	10
296	250	49	10
307	250	38	10
297	250	46	10
288	250	51	10
280	250	54	10
272	250	55	10
265	250	56	10
258	250	57	10
251	250	57	10
244	250	57	10
248	250	35	10
238	250	45	10
248	246	34	13
269	240	36	19
247	250	63	10
249	250	58	10
242	250	57	10
254	246	42	13
288	233	33	26
286	250	48	10
278	250	52	10
274	250	58	10
273	250	61	10
315	250	30	10
304	250	41	10
294	250	48	10
286	250	52	10
278	250	55	10
288	250	57	10
281	250	57	10
274	250	57	10
268	250	57	10
261	250	57	10
254	250	57	10
247	250	57	10
240	250	57	10
233	250	57	10
241	231	40	28
225	250	89	10
266	250	49	10
258	250	53	10
250	250	55	10
243	250	56	10
236	250	57	10
229	250	57	10
222	250	57	10
236	250	39	10
267	250	34	10
283	250	29	10
306	250	23	10
309	250	25	10
304	250	41	10
301	250	44	10
305	250	35	10
312	250	29	10
308	250	37	10
316	250	29	10
305	250	40	10
336	245	10	14
328	250	17	10
320	250	25	10
336	250	10	10
336	246	10	13
336	236	10	19
336	245	10	14
336	250	10	10
330	250	14	10
320	250	25	10
309	250	36	10
299	250	45	10
290	250	51	10
282	250	54	10
274	250	55	10
267	250	56	10
260	250	57	10
253	250	57	10
262	250	37	10
252	250	46	10
243	250	51	10
244	250	38	10
234	250	47	10
226	250	51	10
217	250	54	10
225	250	35	10
232	250	29	10
221	250	41	10
239	248	34	11
226	250	48	10
218	250	52	10
213	250	60	10
234	250	40	10
225	250	48	10
236	250	34	10
226	250	44	10
236	250	34	10
226	250	44	10
217	250	51	10
224	237	36	22
219	210	46	48
270	250	57	10
308	250	37	10
321	239	24	20
300	250	45	10
317	250	28	10
306	250	39	10
296	250	47	10
288	250	52	10
280	250	54	10
272	250	55	10
265	250	56	10
258	250	57	10
251	250	57	10
244	250	57	10
237	250	57	10
252	250	37	10
239	250	52	10
253	250	33	10
277	250	27	10
285	250	26	10
289	250	25	10
289	250	25	10
305	237	26	22
320	250	25	10
319	250	26	10
323	250	22	10
317	250	28	10
309	250	36	10
321	250	24	10
328	233	17	26
336	236	10	23
335	239	10	20
336	230	10	23
336	233	10	23
336	248	10	11
324	250	21	10
313	250	32	10
302	250	43	10
293	250	49	10
285	250	53	10
277	250	55	10
288	245	42	14
291	250	37	10
281	250	46	10
297	250	35	10
286	250	45	10
277	250	51	10
269	250	54	10
261	250	55	10
254	250	56	10
269	250	35	10
284	247	33	12
308	250	37	10
311	250	29	10
330	250	15	10
333	247	12	12
320	250	25	10
309	250	36	10
299	250	45	10
290	250	51	10
282	250	54	10
274	250	55	10
267	250	56	10
260	250	57	10
253	250	57	10
246	250	57	10
239	250	57	10
232	250	57	10
225	250	57	10
260	234	35	25
253	250	44	10
244	250	50	10
236	250	53	10
228	250	55	10
221	250	56	10
248	246	37	13
233	250	54	10
225	250	55	10
239	250	37	10
229	250	46	10
221	250	51	10
233	250	35	10
223	250	45	10
214	250	51	10
206	250	54	10
198	250	55	10
191	250	56	10
184	250	57	10
177	250	57	10
201	247	43	12
235	250	31	10
230	250	40	10
260	239	29	20
276	250	56	10
318	250	27	10
336	250	10	10
330	250	15	10
332	250	13	10
336	232	10	16
336	232	10	21
336	250	10	10
336	250	10	10
333	250	12	10
322	250	23	10
324	250	21	10
332	250	13	10
322	250	23	10
311	250	34	10
318	250	27	10
327	250	18	10
336	250	10	10
336	247	10	12
336	250	10	10
327	250	15	10
321	241	21	18
336	241	10	18
333	250	12	10
336	250	10	10
331	250	14	10
328	235	17	19
336	250	10	10
326	250	19	10
336	246	10	13
323	250	22	10
312	250	33	10
336	226	10	27
331	212	14	29
307	195	30	31
320	179	25	46
288	159	56	52
263	215	76	44
331	250	14	10
321	250	24	10
310	250	35	10
300	250	45	10
290	250	51	10
282	250	54	10
275	250	55	10
267	250	56	10
260	250	57	10
253	250	57	10
246	250	57	10
239	250	57	10
233	250	57	10
242	250	36	10
232	250	45	10
223	250	51	10
215	250	54	10
207	250	55	10
200	250	56	10
193	250	57	10
213	250	38	10
215	250	52	10
205	217	37	37
233	183	55	64
308	247	37	12
295	250	50	10
286	250	54	10
279	250	55	10
272	250	56	10
264	250	57	10
257	250	57	10
250	250	57	10
244	250	57	10
237	250	57	10
230	250	57	10
223	250	57	10
254	246	39	13
254	250	38	10
244	250	47	10
246	250	54	10
265	229	37	30
284	250	49	10
326	250	19	10
336	250	10	10
332	250	13	10
336	250	10	10
336	249	10	10
336	241	10	16
336	241	10	18
321	250	24	10
309	250	36	10
307	250	30	10
332	250	13	10
321	250	24	10
333	241	12	18
324	250	21	10
313	250	32	10
302	250	43	10
323	250	22	10
312	250	33	10
301	250	44	10
301	250	35	10
291	250	45	10
281	250	51	10
273	250	54	10
266	250	55	10
258	250	56	10
273	250	37	10
287	250	29	10
314	250	22	10
332	250	13	10
329	245	16	14
315	250	30	10
304	250	41	10
313	250	32	10
302	250	43	10
313	250	32	10
303	250	42	10
318	250	27	10
319	250	25	10
318	250	25	10
319	250	23	10
322	250	23	10
336	250	10	10
326	250	19	10
315	250	30	10
304	250	41	10
294	250	48	10
286	250	52	10
278	250	55	10
270	250	56	10
285	250	37	10
275	250	45	10
295	250	37	10
285	250	46	10
306	247	35	12
293	250	50	10
285	250	53	10
277	250	55	10
296	245	39	14
280	250	57	10
295	250	37	10
302	250	30	10
311	250	34	10
304	240	29	19
331	250	14	10
320	250	25	10
309	250	36	10
315	250	30	10
320	250	25	10
316	250	29	10
313	250	26	10
325	250	20	10
336	235	10	22
336	246	10	13
329	250	16	10
336	250	10	10
336	250	10	10
336	250	10	10
332	250	13	10
336	250	10	10
335	250	10	10
336	250	10	10
331	250	13	10
336	250	10	10
327	250	18	10
325	250	20	10
314	250	31	10
303	250	42	10
294	250	49	10
285	250	52	10
277	250	55	10
270	250	56	10
263	250	57	10
256	250	57	10
249	250	57	10
242	250	57	10
235	250	57	10
228	250	57	10
221	250	57	10
261	250	34	10
286	250	27	10
308	245	24	14
292	250	45	10
309	221	33	33
336	218	10	41
328	249	17	10
317	250	28	10
306	250	39	10
324	249	21	10
313	250	32	10
303	250	42	10
293	250	49	10
328	236	17	23
306	250	39	10
296	250	47	10
288	250	52	10
280	250	54	10
294	223	39	36
273	250	72	10
269	250	64	10
264	250	60	10
258	250	58	10
251	250	58	10
244	250	57	10
237	250	57	10
230	250	57	10
223	250	57	10
235	250	44	10
234	250	46	10
244	243	34	16
255	212	36	39
290	232	55	27
336	250	10	10
326	250	19	10
315	250	30	10
317	250	28	10
336	248	10	11
324	250	21	10
313	250	32	10
314	250	28	10
336	250	10	10
336	250	10	10
336	250	10	10
336	250	10	10
336	247	10	12
336	250	10	10
335	250	10	10
326	250	19	10
336	250	10	10
328	250	17	10
336	250	10	10
336	250	10	10
332	250	13	10
329	250	16	10
318	250	27	10
313	245	27	14
305	239	33	20
295	242	41	17
301	216	41	43
298	192	47	67
336	235	10	24
317	250	28	10
306	250	39	10
296	250	47	10
317	247	28	12
304	250	41	10
302	250	43	10
308	250	37	10
302	250	43	10
331	213	14	30
336	187	10	29
315	208	30	37
336	213	10	46
333	218	12	36
336	233	10	26
316	250	29	10
330	240	15	19
318	250	27	10
336	250	10	10
336	241	10	17
323	228	20	22
336	221	10	35
336	244	10	15
322	250	23	10
336	241	10	18
332	250	13	10
335	250	10	10
330	250	15	10
330	250	15	10
319	250	26	10
332	250	13	10
332	245	13	14
327	247	18	12
336	241	10	18
336	250	10	10
326	250	19	10
315	250	30	10
304	250	41	10
303	250	34	10
293	250	44	10
306	249	37	10
333	250	12	10
322	250	23	10
311	250	34	10
300	250	44	10
291	250	50	10
283	250	53	10
276	250	55	10
268	250	56	10
261	250	57	10
254	250	57	10
247	250	57	10
240	250	57	10
233	250	57	10
226	250	57	10
241	250	36	10
231	250	45	10
222	250	51	10
225	243	35	16
254	231	35	28
225	250	74	10
221	250	65	10
216	250	61	10
233	250	39	10
241	250	31	10
238	250	27	10
259	250	23	10
248	250	36	10
280	250	26	10
269	250	38	10
260	250	47	10
251	250	51	10
243	250	54	10
235	250	55	10
228	250	56	10
221	250	57	10
254	250	36	10
244	250	45	10
235	250	51	10
227	250	54	10
219	250	55	10
241	250	37	10
231	250	46	10
222	250	51	10
214	250	54	10
206	250	55	10
199	250	56	10
192	250	57	10
185	250	57	10
178	250	57	10
171	250	57	10
186	250	37	10
184	250	30	10
182	250	26	10
199	250	25	10
205	250	26	10
203	250	24	10
191	250	38	10
181	250	47	10
193	250	33	10
195	250	28	10
186	227	27	26
174	250	37	10
182	250	30	10
195	250	29	10
217	249	26	10
220	250	27	10
242	250	23	10
238	250	23	10
239	250	26	10
231	245	27	14
224	250	30	10
249	250	31	10
273	245	25	14
276	250	27	10
299	250	30	10
324	250	21	10
336	250	10	10
336	250	10	10
329	250	16	10
336	250	10	10
336	250	10	10
336	250	10	10
330	250	15	10
336	250	10	10
326	250	19	10
315	250	30	10
304	250	41	10
294	250	48	10
329	250	16	10
318	250	27	10
307	250	38	10
297	250	47	10
288	250	51	10
280	250	54	10
273	250	55	10
266	250	56	10
258	250	57	10
252	250	57	10
245	250	57	10
238	250	57	10
240	250	64	10
282	240	39	19
260	250	67	10
255	250	61	10
249	250	59	10
242	250	58	10
236	250	57	10
229	250	57	10
222	250	57	10
248	250	40	10
238	250	48	10
230	250	52	10
222	250	54	10
215	250	55	10
208	250	56	10
200	250	57	10
193	250	57	10
234	250	33	10
223	250	43	10
214	250	49	10
230	250	38	10
220	250	47	10
211	250	51	10
203	250	54	10
196	250	55	10
189	250	56	10
181	250	57	10
175	250	57	10
168	250	57	10
161	250	57	10
154	250	57	10
157	250	62	10
181	250	39	10
210	250	28	10
199	250	40	10
229	250	27	10
222	250	40	10
253	250	25	10
252	250	26	10
277	245	23	14
261	250	44	10
282	243	33	16
292	250	37	10
285	250	48	10
308	250	33	10
294	250	42	10
330	250	15	10
336	250	10	10
336	236	10	15
336	236	10	19
324	221	21	22
336	236	10	23
323	218	22	23
336	217	10	36
336	244	10	15
325	250	20	10
327	250	18	10
336	250	10	10
330	250	15	10
336	234	10	22
336	244	10	15
332	250	13	10
321	250	24	10
310	250	35	10
300	250	45	10
291	250	51	10
283	250	54	10
275	250	55	10
268	250	56	10
260	250	57	10
254	250	57	10
287	250	37	10
277	250	46	10
304	250	32	10
294	250	43	10
284	250	49	10
276	250	53	10
269	250	55	10
261	250	56	10
254	250	57	10
247	250	57	10
240	250	57	10
233	250	57	10
226	250	57	10
219	250	57	10
212	250	57	10
205	250	57	10
198	250	57	10
192	250	57	10
185	250	57	10
178	250	57	10
171	250	57	10
190	250	40	10
181	250	48	10
172	250	52	10
164	250	54	10
157	250	55	10
150	250	56	10
158	250	37	10
181	250	28	10
191	250	24	10
191	250	23	10
209	246	23	13
235	250	24	10
250	246	25	13
246	250	31	10
235	250	42	10
226	250	49	10
217	250	52	10
209	250	55	10
202	250	56	10
210	250	38	10
200	250	47	10
191	250	51	10
183	250	54	10
176	250	55	10
202	250	37	10
196	250	47	10
213	250	34	10
208	250	43	10
216	250	36	10
224	250	28	10
216	250	41	10
248	250	27	10
266	250	32	10
266	250	40	10
290	250	40	10
287	250	45	10
288	250	31	10
299	250	26	10
288	250	39	10
305	248	34	11
299	250	46	10
314	250	31	10
331	250	14	10
336	250	10	10
326	250	19	10
336	250	10	10
326	250	19	10
315	250	30	10
304	250	41	10
294	250	48	10
286	250	52	10
278	250	55	10
270	250	56	10
263	250	57	10
256	250	57	10
249	250	57	10
242	250	57	10
236	250	57	10
229	250	57	10
222	250	57	10
215	250	57	10
208	250	57	10
201	250	57	10
194	250	57	10
187	250	57	10
180	250	57	10
173	250	57	10
166	250	57	10
159	250	57	10
152	250	57	10
145	250	57	10
139	250	57	10
132	250	57	10
125	250	57	10
118	250	57	10
111	250	57	10
126	250	38	10
116	250	47	10
107	250	51	10
110	250	54	10
149	240	32	19
178	235	35	24
178	216	48	43
237	166	58	73
144	235	81	24
206	250	61	10
249	250	34	10
239	250	44	10
264	213	34	29
299	242	42	17
300	250	45	10
310	247	35	12
336	242	10	17
321	250	24	10
331	249	14	10
324	250	21	10
327	250	18	10
325	250	20	10
320	250	23	10
336	250	10	10
336	249	10	10
336	250	10	10
332	250	13	10
336	250	10	10
336	250	10	10
336	239	10	15
336	235	10	22
336	243	10	16
326	250	19	10
329	250	16	10
330	250	15	10
322	250	23	10
311	250	34	10
333	250	12	10
323	250	22	10
311	250	34	10
301	250	44	10
302	250	43	10
334	250	11	10
324	250	21	10
313	250	32	10
302	250	43	10
326	250	19	10
315	250	30	10
304	250	41	10
313	250	32	10
302	250	43	10
311	250	34	10
300	250	44	10
291	250	50	10
283	250	53	10
276	250	55	10
268	250	56	10
261	250	57	10
254	250	57	10
247	250	57	10
240	250	57	10
233	250	57	10
226	250	57	10
219	250	57	10
213	250	57	10
259	250	30	10
248	250	41	10
239	250	48	10
230	250	52	10
223	250	55	10
215	250	56	10
208	250	57	10
201	250	57	10
194	250	57	10
187	250	57	10
180	250	57	10
173	250	57	10
166	250	57	10
181	250	37	10
179	250	49	10
179	250	57	10
184	250	57	10
182	250	63	10
188	250	61	10
205	250	38	10
205	250	29	10
228	245	26	14
212	250	46	10
222	250	36	10
212	250	45	10
223	250	34	10
212	250	44	10
216	237	36	22
249	220	40	39
290	250	52	10
287	250	33	10
290	250	27	10
311	250	33	10
336	250	10	10
336	246	10	13
332	250	13	10
332	250	13	10
336	250	10	10
336	250	10	10
334	250	11	10
336	250	10	10
326	250	19	10
317	250	28	10
321	250	24	10
316	250	29	10
316	250	29	10
305	250	40	10
295	250	48	10
287	250	52	10
279	250	54	10
272	250	55	10
265	250	56	10
257	250	57	10
251	250	57	10
244	250	57	10
237	250	57	10
230	250	57	10
257	250	37	10
247	250	46	10
238	250	51	10
235	250	57	10
247	250	57	10
240	250	57	10
233	250	57	10
226	250	57	10
219	250	57	10
233	250	38	10
224	250	47	10
247	241	33	18
226	250	59	10
220	250	58	10
224	250	58	10
217	250	57	10
214	250	63	10
251	239	38	20
228	250	67	10
223	250	61	10
217	250	59	10
211	250	58	10
204	250	57	10
197	250	57	10
190	250	57	10
183	250	57	10
176	250	57	10
169	250	57	10
162	250	57	10
155	250	57	10
148	250	57	10
141	250	57	10
150	250	37	10
140	250	46	10
154	250	38	10
144	250	47	10
135	250	51	10
142	250	35	10
132	250	45	10
163	237	32	22
151	250	67	10
175	243	44	16
163	250	69	10
210	214	39	39
240	195	59	56
301	250	44	10
320	250	25	10
331	250	14	10
323	250	22	10
336	250	10	10
336	246	10	13
336	250	10	10
336	238	10	16
336	225	10	21
336	242	10	17
336	243	10	16
336	241	10	18
336	238	10	21
336	250	10	10
335	242	10	14
322	250	23	10
336	250	10	10
326	250	19	10
336	243	10	16
336	250	10	10
326	250	19	10
315	250	30	10
304	250	41	10
308	250	33	10
314	250	29	10
303	250	41	10
294	250	48	10
285	250	52	10
288	250	57	10
306	250	39	10
301	250	44	10
335	250	10	10
326	250	19	10
315	250	30	10
304	250	41	10
295	250	48	10
286	250	52	10
278	250	55	10
271	250	56	10
264	250	57	10
257	250	57	10
250	250	57	10
243	250	57	10
236	250	57	10
261	246	42	13
286	212	39	42
325	250	20	10
336	250	10	10
332	238	13	17
336	234	10	24
336	233	10	26
316	250	29	10
305	250	40	10
296	250	48	10
307	250	34	10
296	250	44	10
300	243	36	16
316	250	29	10
305	250	40	10
295	250	48	10
287	250	52	10
279	250	54	10
271	250	55	10
264	250	56	10
257	250	57	10
250	250	57	10
243	250	57	10
236	250	57	10
229	250	57	10
222	250	57	10
225	250	62	10
219	250	60	10
217	250	62	10
258	250	37	10
252	250	50	10
276	250	36	10
288	250	29	10
310	250	26	10
333	221	12	21
336	207	10	24
336	205	10	26
336	198	10	24
336	201	10	24
324	202	21	24
323	206	22	38
336	224	10	35
310	212	30	30
336	245	10	14
336	237	10	18
336	250	10	10
334	250	11	10
336	250	10	10
336	250	10	10
336	243	10	16
336	244	10	15
336	244	10	15
336	250	10	10
330	250	15	10
336	250	10	10
332	250	13	10
321	250	24	10
317	250	28	10
306	250	39	10
296	250	47	10
288	250	52	10
280	250	54	10
272	250	55	10
265	250	56	10
258	250	57	10
251	250	57	10
244	250	57	10
237	250	57	10
230	250	57	10
263	241	39	18
258	250	46	10
250	250	51	10
241	250	54	10
234	250	55	10
227	250	56	10
220	250	57	10
213	250	57	10
206	250	57	10
199	250	57	10
192	250	57	10
185	250	57	10
178	250	57	10
171	250	57	10
164	250	57	10
157	250	57	10
173	250	36	10
163	250	45	10
154	250	51	10
145	250	56	10
171	250	38	10
161	250	47	10
153	250	51	10
145	250	54	10
137	250	55	10
130	250	56	10
123	250	57	10
116	250	57	10
109	250	57	10
102	250	57	10
95	250	57	10
88	250	57	10
118	250	54	10
143	250	38	10
172	250	27	10
176	250	27	10
175	250	26	10
178	250	27	10
191	250	26	10
180	250	39	10
193	250	31	10
194	250	28	10
199	250	27	10
224	221	23	25
245	246	50	13
284	250	47	10
311	250	34	10
336	250	10	10
336	241	10	16
336	246	10	13
334	250	11	10
328	250	17	10
336	250	10	10
326	250	19	10
320	250	23	10
323	246	22	13
317	250	27	10
321	250	24	10
321	250	24	10
318	250	23	10
320	250	24	10
336	250	10	10
326	250	19	10
315	250	30	10
315	250	28	10
322	250	23	10
320	250	25	10
327	250	18	10
328	250	17	10
319	250	26	10
336	250	10	10
326	250	19	10
315	250	30	10
329	250	16	10
318	250	27	10
307	250	38	10
297	250	47	10
288	250	51	10
280	250	54	10
273	250	55	10
266	250	56	10
258	250	57	10
252	250	57	10
245	250	57	10
238	250	57	10
231	250	57	10
224	250	57	10
217	250	57	10
210	250	57	10
220	250	59	10
213	250	58	10
206	250	57	10
222	250	35	10
212	250	45	10
244	250	31	10
233	250	42	10
223	250	49	10
215	250	52	10
207	250	55	10
200	250	56	10
193	250	57	10
186	250	57	10
179	250	57	10
172	250	57	10
165	250	57	10
158	250	57	10
151	250	57	10
144	250	57	10
185	250	32	10
174	250	43	10
165	250	49	10
157	250	53	10
180	247	39	12
183	250	33	10
173	250	44	10
192	247	35	12
221	250	29	10
217	250	45	10
244	232	33	27
212	250	65	10
214	250	35	10
246	250	23	10
266	250	21	10
256	247	25	12
257	249	30	10
275	250	38	10
298	250	40	10
296	250	49	10
336	250	10	10
336	250	10	10
333	250	12	10
322	250	23	10
329	250	16	10
336	244	10	15
327	250	18	10
