0.104713
0.206503
0.250983
0.183799
0.118192
0.221042
0.097167
0.179894
0.286720
0.212289
0.168959
0.177543
0.166502
0.203220
0.211091
0.227444
0.136079
0.252472
0.208265
0.194488
0.236385
0.191211
0.270020
0.166682
0.136865
0.276099
0.198487
0.388196
0.379025
0.286465
0.304900
0.245759
0.176091
0.342294
0.206813
0.102924
0.203644
0.129748
0.182803
0.256642
0.165914
0.189764
0.187566
0.211470
0.212008
0.243648
0.180485
0.226488
0.179937
0.161567
0.230375
0.196935
0.144225
0.154902
0.129421
0.180729
0.157068
0.277020
0.133943
0.177900
0.081469
0.065689
0.062564
0.247878
0.115505
0.101040
0.111748
0.124637
0.137790
0.157164
0.127193
0.121313
0.115022
0.093222
0.067081
0.096276
0.107810
0.069818
0.107903
0.129471
0.091784
0.126728
0.122873
0.090817
0.110004
0.113619
0.094055
0.104174
0.070029
0.080877
0.074484
0.061115
0.102389
0.083036
0.148821
0.081597
0.066760
0.078007
0.106156
0.085799
0.077682
0.061974
0.068889
0.065922
0.100078
0.067441
0.083021
0.061245
0.059192
0.100141
0.058475
0.084698
0.070780
0.105385
0.076671
0.069029
0.169368
0.127917
0.056029
0.056502
0.057933
0.059814
0.098023
0.115649
0.056842
0.058511
0.060772
0.060126
0.061157
0.093845
0.071697
0.089108
0.060620
0.070555
0.058049
0.058501
0.059237
0.065114
0.058050
0.062875
0.174950
0.145096
0.090642
0.076220
0.064070
0.068670
0.077029
0.062929
0.068272
0.098505
0.058940
0.075944
0.103505
0.061116
0.062948
0.075241
0.079615
0.060278
0.061229
0.061990
0.087168
0.072792
0.089549
0.062057
0.059039
0.064139
0.059302
0.081362
0.126655
0.060832
0.068054
0.089105
0.077189
0.167361
0.088629
0.063733
0.060472
0.060897
0.115629
0.091604
0.112131
0.115494
0.126488
0.243698
0.096070
0.063396
0.072714
0.167939
0.098021
0.078626
0.206362
0.281231
0.097995
0.124115
0.064503
0.209451
0.187752
0.288264
0.164503
0.139440
0.178957
0.275776
0.122203
0.083203
0.149058
0.131986
0.140860
0.179106
0.109429
0.209942
0.195989
0.206776
0.177690
0.122170
0.238309
0.190769
0.118955
0.131125
0.085139
0.109752
0.178299
0.118029
0.113007
0.203372
0.215401
0.203471
0.186238
0.184713
0.158002
0.194389
0.170810
0.185315
0.195562
0.165046
0.170708
0.190812
0.197659
0.275661
0.205959
0.164675
0.244426
0.183824
0.225136
0.162236
0.242481
0.138416
0.166353
0.176956
0.188481
0.208635
0.181296
0.177684
0.136381
0.139340
0.182996
0.156811
0.160147
0.110429
0.145078
0.232266
0.194231
0.246984
0.239783
0.161382
0.171133
0.146548
0.138564
0.172109
0.073976
0.067769
0.095858
0.147062
0.091666
0.073303
0.066468
0.110965
0.077170
0.072924
0.078040
0.074482
0.114525
0.222240
0.135831
0.169315
0.116802
0.092494
0.178914
0.130866
0.136704
0.183266
0.199666
0.166019
0.218425
0.191814
0.167518
0.199439
0.209469
0.062864
0.062258
0.079460
0.071553
0.184404
0.084763
0.063313
0.105385
0.071341
0.075449
0.091082
0.071486
0.064183
0.075962
0.091245
0.095730
0.088387
0.088698
0.088096
0.066570
0.057522
0.093392
0.070778
0.057174
0.095964
0.087913
0.091838
0.076413
0.083956
0.105030
0.084722
0.124273
0.067876
0.154778
0.060513
0.104710
0.064578
0.060862
0.067123
0.255776
0.255667
0.110920
0.085735
0.140987
0.153946
0.074306
0.091132
0.060225
0.059467
0.091896
0.100486
0.188670
0.117523
0.073500
0.092808
0.248385
0.141925
0.131032
0.185407
0.258777
0.161863
0.208601
0.220566
0.252937
0.100437
0.188814
0.073231
0.101657
0.120167
0.262738
0.216344
0.127556
0.144009
0.143394
0.128042
0.171652
0.085667
0.167416
0.152037
0.095449
0.193557
0.177499
0.081668
0.167881
0.163324
0.173678
0.135347
0.121142
0.162785
0.172198
0.101570
0.067184
0.269846
0.150312
0.118023
0.104461
0.076997
0.084530
0.171130
0.133960
0.127169
0.077033
0.158323
0.094222
0.180297
0.068253
0.142134
0.149673
0.059264
0.066157
0.098968
0.092529
0.108478
0.084916
0.151231
0.067313
0.086234
0.113448
0.117557
0.099097
0.096116
0.068273
0.068643
0.097706
0.081520
0.117370
0.112874
0.064223
0.091327
0.069572
0.091009
0.082530
0.167744
0.060261
0.129299
0.077598
0.193904
0.086703
0.154677
0.077726
0.087436
0.064439
0.143030
0.155505
0.180219
0.125408
0.086838
0.178516
0.216832
0.203883
0.143807
0.122876
0.113173
0.082400
0.181611
0.108483
0.067181
0.134845
0.069093
0.127198
0.077456
0.094705
0.103288
0.145084
0.069012
0.198548
0.134248
0.076364
0.164551
0.196477
0.091170
0.105556
0.122975
0.083306
0.074852
0.133852
0.086505
0.212494
0.087853
0.072045
0.153185
0.103423
0.168973
0.080475
0.097135
0.111357
0.111891
0.095709
0.095806
0.089047
0.115923
0.098430
0.091537
0.106795
0.071982
0.101586
0.143572
0.070865
0.102166
0.213625
0.143076
0.084141
0.177411
0.196745
0.120659
0.175596
0.206113
0.148791
0.185223
0.101477
0.100802
0.222998
0.109704
0.112417
0.126195
0.158434
0.094424
0.149497
0.115129
0.152682
0.083284
0.123102
0.084607
0.100947
0.115506
0.155464
0.128289
0.211694
0.213413
0.115064
0.151751
0.116690
0.109831
0.092816
0.126904
0.078388
0.093745
0.181223
0.100290
0.151738
0.202549
0.255540
0.189651
0.126895
0.137632
0.135571
0.126329
0.073131
0.094805
0.080506
0.110610
0.096749
0.101838
0.114582
0.079845
0.113568
0.105811
0.098194
0.142639
0.098313
0.140685
0.107966
0.085748
0.130186
0.115744
0.074528
0.094081
0.093748
0.103364
0.228893
0.196366
0.183560
0.071683
0.116367
0.073127
0.126709
0.087179
0.090812
0.097087
0.114877
0.073578
0.062741
0.106428
0.207842
0.120581
0.089259
0.084337
0.144243
0.094387
0.088943
0.141235
0.111116
0.191262
0.072168
0.120235
0.099972
0.183607
0.111207
0.111658
0.094850
0.117707
0.150637
0.166782
0.083083
0.096999
0.129776
0.203701
0.123423
0.102147
0.112096
0.175699
0.081825
0.097137
0.091175
0.083928
0.095133
0.095559
0.175420
0.137696
0.097726
0.107179
0.057431
0.063557
0.110488
0.156190
0.122162
0.097122
0.089788
0.135159
0.072064
0.143363
0.104409
0.094184
0.130436
0.103109
0.151766
0.092657
0.067424
0.117719
0.185190
0.105370
0.083340
0.162705
0.087030
0.096455
0.171282
0.111976
0.120347
0.116537
0.134176
0.108537
0.221303
0.091869
0.081667
0.112134
0.078490
0.105540
0.104503
0.080441
0.088875
0.071018
0.112027
0.073206
0.099576
0.097050
0.100786
0.075564
0.137879
0.076134
0.091103
0.140330
0.082152
0.070468
0.126096
0.088900
0.063404
0.087122
0.113295
0.147227
0.189914
0.073610
0.125829
0.077795
0.080928
0.116361
0.154546
0.132594
0.087493
0.065568
0.092092
0.187461
0.104256
0.126722
0.076647
0.091808
0.113677
0.108908
0.103350
0.151742
0.163010
0.071160
0.144669
0.143285
0.069444
0.078881
0.123559
0.110346
0.073842
0.096984
0.203332
0.152457
0.092869
0.092779
0.137609
0.070995
0.074089
0.206722
0.148942
0.231863
0.081520
0.106158
0.078648
0.096411
0.080107
0.207718
0.183507
0.207683
0.115069
0.061488
0.082433
0.104448
0.103230
0.091413
0.116339
0.096898
0.120383
0.104858
0.110802
0.100542
0.091356
0.094462
0.100496
0.108185
0.100748
0.102670
0.097848
0.165432
0.095922
0.099335
0.106492
0.082090
0.133291
0.084301
0.104335
0.074697
0.121701
0.105541
0.063140
0.074235
0.106222
0.061859
0.129698
0.140027
0.153389
0.125194
0.071167
0.062032
0.093362
0.102756
0.099721
0.250737
0.112952
0.101737
0.109014
0.087218
0.091004
0.119885
0.060817
0.089884
0.070791
0.100928
0.115218
0.098221
0.102823
0.095505
0.103662
0.063011
0.096884
0.073339
0.134314
0.125712
0.083850
0.135899
0.156133
0.192741
0.061172
0.127095
0.114592
0.067935
0.058235
0.059534
0.061646
0.075368
0.129000
0.100869
0.057578
0.060719
0.064566
0.088753
0.062967
0.093358
0.060989
0.070437
0.061372
0.130588
0.073171
0.061868
0.064121
0.062584
0.061407
0.062945
0.067189
0.161886
0.102101
0.068422
0.057774
0.057291
0.056360
0.070673
0.069368
0.096956
0.096809
0.106902
0.103844
0.099117
0.098297
0.083029
0.133269
0.109268
0.109959
0.088063
0.076411
0.076856
0.107240
0.080624
0.095283
0.084364
0.112385
0.130838
0.174927
0.144355
0.110894
0.178041
0.120799
0.106528
0.124213
0.080534
0.118014
0.065865
0.177747
0.145816
0.078871
0.138735
0.088758
0.129999
0.082009
0.169299
0.064075
0.088465
0.110921
0.100451
0.090891
0.088376
0.081504
0.135346
0.103135
0.081789
0.169506
0.136875
0.086386
0.070495
0.127984
0.121898
0.192716
0.177332
0.181186
0.087045
0.109781
0.110163
0.116364
0.120502
0.112583
0.072309
0.183026
0.086035
0.094959
0.174919
0.119773
0.083261
0.095598
0.060771
0.063864
0.090736
0.076273
0.132090
0.185378
0.148259
0.142125
0.089000
0.103722
0.086913
0.067142
0.086948
0.149007
0.080235
0.153586
0.062366
0.090727
0.078293
0.071945
0.152225
0.080957
0.061661
0.145975
0.068595
0.085210
0.202234
0.070443
0.091796
0.194115
0.102573
0.099636
0.074369
0.104621
0.113497
0.100992
0.117939
0.100916
0.100493
0.099982
0.100705
0.120439
0.105711
0.078692
0.076888
0.121353
0.106700
0.140523
0.157266
0.087071
0.164494
0.071232
0.114026
0.109559
0.134460
0.082894
0.091068
0.162507
0.115863
0.103620
0.067502
0.090213
0.130447
0.074710
0.254209
0.134984
0.069592
0.079728
0.075689
0.078856
0.164016
0.199553
0.232617
0.086956
0.087083
0.091572
0.125150
0.089233
0.089311
0.083012
0.123576
0.120904
0.092510
0.110662
0.077430
0.084321
0.091983
0.096526
0.071576
0.085263
0.089617
0.061348
0.205826
0.202130
0.066908
0.082840
0.069427
0.188770
0.058017
0.091300
0.089206
0.059627
0.093915
0.122758
0.109390
0.116097
0.113513
0.107833
0.076231
0.095908
0.105679
0.089533
0.119076
0.096158
0.168922
0.076728
0.092133
0.108167
0.086433
0.083444
0.114398
0.158634
0.089724
0.073335
0.060340
0.087236
0.086802
0.090987
0.099786
0.184397
0.077928
0.080733
0.079990
0.094826
0.091626
0.061036
0.070717
0.172506
0.084882
0.108670
0.079591
0.107070
0.092075
0.111769
0.097831
0.097626
0.107305
0.069209
0.072633
0.079329
0.155838
0.090745
0.075036
0.097337
0.103808
0.109314
0.099258
0.063687
0.129279
0.103853
0.131995
0.074560
0.096736
0.221365
0.107644
0.082476
0.098507
0.150733
0.094413
0.117172
0.102941
0.095541
0.074580
0.081193
0.088305
0.102904
0.129981
0.115976
0.105665
0.101139
0.224723
0.143911
0.134567
0.095329
0.150995
0.085087
0.121889
0.094632
0.142242
0.097255
0.094706
0.082232
0.103600
0.179447
0.137016
0.131916
0.118181
0.130557
0.093540
0.106233
0.101003
0.087418
0.089068
0.089198
0.137741
0.107027
0.091973
0.132276
0.128361
0.115319
0.086647
0.089887
0.071400
0.143173
0.082801
0.100530
0.067900
0.077907
0.149941
0.073135
0.130805
0.114009
0.076963
0.086133
0.130241
0.135562
0.101450
0.109939
0.088059
0.087904
0.089773
0.199397
0.138762
0.085663
0.089958
0.100669
0.175851
0.115847
0.089605
0.189577
0.114490
0.162747
0.145267
0.103184
0.181587
0.100188
0.071503
0.120579
0.107110
0.192822
0.079976
0.090373
0.111121
0.114044
0.082739
0.120629
0.105647
0.067358
0.090680
0.118490
0.090367
0.133995
0.077545
0.103433
0.109890
0.121145
0.165527
0.139555
0.076995
0.083959
0.107290
0.155344
0.074410
0.185460
0.074109
0.140595
0.115572
0.206575
0.086565
0.102192
0.138025
0.139939
0.089599
0.143307
0.128755
0.116789
0.072177
0.162299
0.065901
0.083532
0.111638
0.097150
0.094938
0.224032
0.167579
0.063736
0.092581
0.088989
0.085556
0.127299
0.198116
0.105439
0.115164
0.099461
0.099430
0.125330
0.176582
0.170255
0.090447
0.157233
0.266672
0.260436
0.079887
0.170279
0.103001
0.083643
0.099855
0.085174
0.142287
0.079796
0.115054
0.096987
0.094224
0.080456
0.092016
0.087977
0.129404
0.078112
0.068307
0.094841
0.065776
0.068933
0.063695
0.107509
0.078013
0.102693
0.098534
0.085354
0.085369
0.102950
0.083332
0.100867
0.107903
0.122233
0.075312
0.070223
0.102209
0.094825
0.129337
0.146153
0.070064
0.091183
0.081020
0.099324
0.075554
0.139170
0.099292
0.147178
0.113951
0.218641
0.157831
0.089190
0.163584
0.084048
0.208017
0.108844
0.116566
0.075942
0.168823
0.117723
0.162663
0.170305
0.069670
0.263758
0.096361
0.084043
0.146714
0.109654
0.223935
0.090656
0.228020
0.224240
0.098577
0.121187
0.188833
0.113263
0.092913
0.083318
0.097599
0.187230
0.152545
0.067902
0.130248
0.077052
0.142408
0.121706
0.100551
0.101543
0.098346
0.107080
0.105025
0.117333
0.121636
0.109916
0.118533
0.127047
0.103348
0.091331
0.087131
0.100019
0.126260
0.182362
0.152749
0.143427
0.171023
0.093801
0.134639
0.194832
0.203357
0.195637
0.167456
0.106652
0.192633
0.093675
0.120401
0.138361
0.092980
0.184698
0.123978
0.086262
0.141342
0.159467
0.129760
0.163873
0.158665
0.112632
0.076378
0.094869
0.226185
0.170784
0.271262
0.184026
0.165827
0.102050
0.090375
0.095617
0.130022
0.090490
0.172284
0.139256
0.094154
0.162250
0.151416
0.151259
0.132246
0.104172
0.086967
0.126938
0.080181
0.143800
0.101984
0.067326
0.078754
0.176545
0.106037
0.090790
0.136039
0.080939
0.173879
0.103928
0.141930
0.081441
0.068588
0.174873
0.097597
0.091272
0.071635
0.160850
0.074978
0.106430
0.083884
0.179177
0.099242
0.097036
0.070677
0.081378
0.114484
0.082066
0.121857
0.108897
0.116715
0.120654
0.101977
0.103654
0.117701
0.128073
0.144313
0.095706
0.084116
0.081338
0.133737
0.119347
0.077781
0.112234
0.124223
0.096702
0.100975
0.198106
0.068254
0.132726
0.127746
0.116854
0.118450
0.085392
0.135744
0.160715
0.082057
0.080464
0.073828
0.132955
0.163073
0.108315
0.177424
0.176644
0.152205
0.093923
0.084143
0.140164
0.138283
0.193316
0.108789
0.065172
0.168187
0.093651
0.074069
0.072607
0.098746
0.111962
0.098986
0.102597
0.079620
0.098359
0.139722
0.078365
0.169508
0.080926
0.081101
0.090673
0.201308
0.133844
0.092690
0.098251
0.095505
0.110856
0.105467
0.109958
0.090614
0.118344
0.118546
0.085189
0.118647
0.072956
0.100964
0.108732
0.109704
0.080039
0.109387
0.113782
0.112202
0.059913
0.112062
0.112550
0.104751
0.113366
0.076421
0.122167
0.123167
0.115291
0.097289
0.097223
0.106529
0.092415
0.099140
0.160517
0.082542
0.089639
0.110670
0.089648
0.084716
0.108173
0.096264
0.078801
0.063127
0.094003
0.084146
0.100402
0.092227
0.082663
0.093178
0.127755
0.099876
0.134979
0.092549
