0.028759
0.078847
0.106278
0.084385
0.067466
0.100771
0.084844
0.118409
0.073027
0.243407
0.091783
0.204152
0.062200
0.105140
0.064096
0.101597
0.106155
0.100342
0.077849
0.127989
0.130901
0.082323
0.077780
0.072864
0.124728
0.066199
0.069046
0.145497
0.102836
0.199198
0.123698
0.150169
0.172535
0.298458
0.225843
0.211466
0.083095
0.060470
0.092507
0.087324
0.109753
0.102299
0.156757
0.066376
0.086921
0.072712
0.193745
0.061610
0.087185
0.163014
0.096296
0.059400
0.228690
0.177190
0.080145
0.061553
0.098562
0.117791
0.134110
0.069955
0.102314
0.133494
0.100900
0.089772
0.080389
0.113722
0.088761
0.089375
0.104282
0.118042
0.108719
0.150170
0.058831
0.116908
0.074357
0.157186
0.080112
0.123732
0.075238
0.119018
0.136496
0.093937
0.127870
0.215909
0.123400
0.140540
0.108067
0.145704
0.186503
0.197062
0.085496
0.175378
0.287118
0.140922
0.061662
0.110391
0.141675
0.063959
0.063031
0.085088
0.248552
0.201601
0.076317
0.095907
0.113210
0.101034
0.083122
0.104411
0.081427
0.070651
0.118526
0.093532
0.227610
0.288018
0.173814
0.238790
0.124677
0.283690
0.076796
0.141223
0.082141
0.090803
0.118978
0.115180
0.121728
0.121956
0.095896
0.217545
0.250487
0.093052
0.072466
0.087921
0.080460
0.184328
0.267436
0.205603
0.323656
0.127681
0.139281
0.086642
0.091649
0.077011
0.114332
0.104862
0.062629
0.097106
0.086029
0.158437
0.074916
0.083607
0.067102
0.170044
0.139995
0.089454
0.086517
0.143975
0.184823
0.125203
0.063414
0.120350
0.121958
0.113162
0.098652
0.077017
0.207927
0.079551
0.104802
0.075659
0.121184
0.104993
0.241486
0.237299
0.148823
0.219352
0.245284
0.075656
0.238696
0.160301
0.086161
0.088568
0.089288
0.069088
0.088639
0.099243
0.152763
0.067667
0.169872
0.075905
0.130482
0.182761
0.107969
0.122475
0.163709
0.097852
0.143407
0.106458
0.059008
0.120250
0.172159
0.092651
0.158599
0.087512
0.101912
0.102622
0.099246
0.105078
0.091886
0.087786
0.145405
0.091977
0.103112
0.104787
0.086410
0.075495
0.108820
0.110480
0.087673
0.066897
0.085405
0.083954
0.080238
0.084113
0.078664
0.137910
0.086554
0.072471
0.141654
0.095788
0.061271
0.058405
0.099486
0.077163
0.057916
0.105088
0.105141
0.114520
0.077150
0.079914
0.071569
0.162204
0.087429
0.198539
0.086523
0.124375
0.089858
0.099558
0.068024
0.160173
0.081655
0.118833
0.073720
0.100984
0.064001
0.262905
0.071181
0.302035
0.065684
0.186785
0.065004
0.143741
0.092669
0.074421
0.121809
0.119437
0.225608
0.164438
0.165293
0.122783
0.060772
0.122618
0.101843
0.088977
0.098531
0.109574
0.112751
0.088807
0.102578
0.102186
0.088029
0.104646
0.115514
0.100266
0.087168
0.119182
0.106849
0.077973
0.098491
0.079891
0.083479
0.102371
0.067312
0.068875
0.114315
0.092116
0.079965
0.153871
0.118924
0.078621
0.073515
0.109051
0.092596
0.077248
0.085113
0.062154
0.197566
0.057576
0.086444
0.134427
0.079857
0.186919
0.099960
0.067221
0.085469
0.080906
0.096611
0.100764
0.084430
0.066816
0.094818
0.084213
0.090535
0.085928
0.095840
0.087962
0.094168
0.063544
0.124332
0.141994
0.126584
0.085743
0.138735
0.108332
0.075052
0.206236
0.079233
0.078503
0.068901
0.140347
0.115942
0.101172
0.059673
0.083601
0.061768
0.271564
0.151271
0.095324
0.067065
0.066217
0.094340
0.074055
0.131028
0.101165
0.102563
0.117467
0.098832
0.110664
0.065904
0.097746
0.100507
0.109500
0.122691
0.078225
0.066010
0.095268
0.114599
0.114007
0.062766
0.147703
0.080708
0.197630
0.205976
0.097631
0.125407
0.069600
0.065012
0.073086
0.192378
0.140782
0.099534
0.153571
0.110752
0.080640
0.095929
0.087754
0.158489
0.163102
0.084274
0.138369
0.124458
0.130662
0.079348
0.101242
0.131550
0.081143
0.063937
0.125165
0.100374
0.082169
0.087614
0.085848
0.077520
0.063755
0.089236
0.104301
0.102490
0.128202
0.094966
0.095757
0.147637
0.087417
0.141886
0.132361
0.139783
0.182317
0.093377
0.125808
0.187627
0.099929
0.088629
0.085629
0.104074
0.187116
0.098640
0.086070
0.092258
0.153529
0.120287
0.096081
0.073441
0.108477
0.087630
0.082607
0.068807
0.106423
0.133213
0.131366
0.101548
0.074206
0.200070
0.095499
0.065906
0.082682
0.063400
0.070407
0.102137
0.101333
0.120158
0.183623
0.067950
0.102024
0.098979
0.083110
0.200376
0.089655
0.063676
0.190690
0.096930
0.073981
0.082628
0.104089
0.145632
0.093937
0.118308
0.070649
0.107946
0.120151
0.099881
0.101982
0.088062
0.093965
0.110299
0.169807
0.132774
0.219174
0.089056
0.105398
0.126459
0.090629
0.092400
0.125877
0.079352
0.278673
0.187916
0.081962
0.069845
0.123020
0.126515
0.119225
0.196019
0.082887
0.068218
0.062253
0.067514
0.206646
0.182041
0.105546
0.083468
0.180747
0.200551
0.087782
0.098546
0.150913
0.082692
0.119372
0.094153
0.063143
0.078588
0.106201
0.165267
0.129161
0.128561
0.084806
0.171915
0.100063
0.097592
0.091866
0.062584
0.083947
0.093153
0.108260
0.059296
0.150315
0.178518
0.062444
0.059517
0.095818
0.067597
0.203215
0.114464
0.170096
0.098070
0.091489
0.088649
0.094928
0.105072
0.072966
0.099130
0.098749
0.103930
0.096723
0.093233
0.111724
0.095306
0.129474
0.081989
0.065605
0.092901
0.084890
0.086598
0.097793
0.097627
0.164899
0.087398
0.165473
0.079449
0.090796
0.057972
0.081491
0.113341
0.096614
0.097702
0.089685
0.092478
0.104015
0.104497
0.093555
0.111571
0.080278
0.072734
0.086755
0.081150
0.126091
0.113254
0.134355
0.164884
0.116021
0.138424
0.128138
0.104151
0.104028
0.097853
0.114448
0.072545
0.099670
0.068450
0.101912
0.144162
0.089238
0.107813
0.059854
0.139284
0.098647
0.068605
0.073825
0.104861
0.103078
0.061779
0.174243
0.092494
0.158346
0.079463
0.153154
0.080982
0.088351
0.062804
0.134275
0.063181
0.067161
0.075465
0.089963
0.231014
0.134089
0.062761
0.059958
0.064059
0.222319
0.112734
0.082638
0.235485
0.087929
0.128774
0.110287
0.083192
0.074543
0.110023
0.094064
0.111273
0.086789
0.117564
0.107095
0.110369
0.113832
0.125021
0.121741
0.102410
0.101677
0.068719
0.164057
0.089358
0.117878
0.069150
0.153405
0.117379
0.092037
0.093544
0.097661
0.089858
0.081527
0.102754
0.078857
0.061723
0.075340
0.090465
0.191716
0.142022
0.094936
0.106856
0.102368
0.062651
0.083469
0.066068
0.152672
0.147454
0.069782
0.089550
0.061729
0.141306
0.075504
0.106126
0.080585
0.066710
0.060597
0.111942
0.127190
0.066847
0.068129
0.091809
0.096933
0.132766
0.069651
0.149170
0.095151
0.058589
0.144297
0.086922
0.079983
0.097073
0.085862
0.118671
0.096004
0.174398
0.132100
0.086890
0.102784
0.140736
0.149307
0.108670
0.070838
0.107928
0.085912
0.087585
0.088487
0.129850
0.071167
0.134187
0.106273
0.206140
0.085238
0.162571
0.078451
0.093137
0.090676
0.098530
0.113171
0.113300
0.112525
0.101762
0.098525
0.113154
0.115862
0.099773
0.103422
0.059748
0.152289
0.098495
0.081400
0.071759
0.085073
0.119847
0.187834
0.101552
0.123386
0.071282
0.175964
0.060454
0.151606
0.094885
0.090832
0.061653
0.071970
0.089352
0.142214
0.082272
0.106373
0.067883
0.080325
0.088581
0.106802
0.085704
0.063707
0.109383
0.149843
0.114002
0.125899
0.060351
0.077385
0.131459
0.089316
0.202179
0.089100
0.147238
0.076730
0.073639
0.087368
0.075934
0.148297
0.083552
0.081268
0.069497
0.095053
0.189325
0.274563
0.136344
0.066757
0.081418
0.121368
0.087462
0.076777
0.157677
0.230042
0.237123
0.150362
0.074297
0.065952
0.119998
0.076624
0.078258
0.071638
0.076696
0.084381
0.105766
0.099578
0.101791
0.127808
0.096047
0.106317
0.076374
0.095800
0.078232
0.089950
0.072906
0.142743
0.229101
0.081289
0.095903
0.095515
0.162783
0.146477
0.178609
0.197449
0.077263
0.133947
0.245569
0.137089
0.098569
0.125598
0.087562
0.068399
0.118604
0.179877
0.104851
0.090950
0.071939
0.098626
0.162605
0.111445
0.098155
0.065989
0.067342
0.080350
0.149219
0.118527
0.098346
0.103572
0.260248
0.311521
0.192076
0.192785
0.075671
0.091947
0.138325
0.101889
0.152660
0.117774
0.079258
0.084168
0.070385
0.088765
0.070888
0.150400
0.082853
0.083131
0.081808
0.106003
0.099976
0.104481
0.096302
0.108217
0.116032
0.131894
0.092867
0.104719
0.082635
0.059233
0.098851
0.259520
0.139515
0.148718
0.154144
0.112201
0.199363
0.068419
0.274781
0.065963
0.329090
0.201541
0.180237
0.092310
0.089431
0.108300
0.160919
0.111700
0.066211
0.069366
0.075566
0.195068
0.090155
0.143820
0.167829
0.228149
0.228818
0.076057
0.118713
0.251311
0.114424
0.295994
0.241163
0.231581
0.175153
0.060789
0.164688
0.066710
0.215280
0.116698
0.087488
0.149111
0.099499
0.062449
0.098726
0.086964
0.070703
0.069311
0.244667
0.068291
0.221835
0.062587
0.111851
0.107516
0.117224
0.073042
0.061045
0.094579
0.071654
0.114370
0.109591
0.214738
0.097955
0.106497
0.207885
0.099081
0.068810
0.112976
0.146396
0.080258
0.103909
0.114721
0.101754
0.078897
0.116385
0.101639
0.091520
0.117493
0.067174
0.078526
0.120816
0.079868
0.066672
0.102022
0.108010
0.107506
0.113432
0.099961
0.108523
0.098330
0.101226
0.080274
0.107245
0.098781
0.097364
0.078633
0.108028
0.085979
0.101888
0.140180
0.106793
0.072614
0.092971
0.112479
0.108576
0.072482
0.067765
0.066462
0.120409
0.229852
0.115777
0.078442
0.164364
0.097094
0.114513
0.112513
0.098364
0.084832
0.076133
0.072638
0.164834
0.070310
0.173173
0.135384
0.115382
0.186156
0.142843
0.128642
0.102091
0.066062
0.105426
0.100157
0.145259
0.069931
0.075476
0.174442
0.088975
0.099048
0.101758
0.076397
0.091919
0.118148
0.072248
0.077625
0.087766
0.135934
0.088390
0.078913
0.113744
0.075569
0.149190
0.069405
0.084040
0.088093
0.159634
0.065754
0.098100
0.060344
0.097279
0.112271
0.115964
0.092434
0.079453
0.095939
0.107285
0.081500
0.100634
0.099313
0.105994
0.112992
0.115026
0.106378
0.110059
0.114297
0.068058
0.099615
0.065382
0.084418
0.103866
0.089304
0.093871
0.106444
0.102961
0.103059
0.059912
0.076412
0.087401
0.109133
0.112494
0.107256
0.112796
0.121301
0.090803
0.093982
0.104712
0.081305
0.073833
0.081379
0.086241
0.126459
0.072768
0.123543
0.086652
0.081283
0.134114
0.140010
0.086209
0.115685
0.090950
0.092152
0.108295
0.123399
0.075375
0.089786
0.085921
0.105073
0.101723
0.081152
0.084258
0.091697
0.082303
0.088231
0.105266
0.092106
0.074685
0.094563
0.123445
0.099364
0.084598
0.092316
0.127264
0.079010
0.093549
0.156847
0.118487
0.099516
0.107988
0.069322
0.084903
0.089185
0.086766
0.085788
0.106509
0.113757
0.108673
0.085418
0.088270
0.108699
0.114176
0.116908
0.122204
0.111091
0.108124
0.107880
0.077071
0.088258
0.102322
0.095896
0.140769
0.089843
0.083907
0.116898
0.105204
0.081842
0.090177
0.112893
0.110509
0.104158
0.085709
0.104465
0.094069
0.102975
0.101063
0.117743
0.089478
0.081228
0.109527
0.070340
0.115685
0.109612
0.081429
0.104185
0.063226
0.109504
0.103508
0.074758
0.086797
0.092654
0.114665
0.145692
0.060502
0.061992
