0.001359
0.132933
0.070257
0.071688
0.150219
0.072356
0.087243
0.089631
0.059661
0.094973
0.065274
0.083509
0.074559
0.104879
0.060704
0.067020
0.110781
0.088653
0.106928
0.218019
0.219153
0.152393
0.126326
0.176242
0.112971
0.211746
0.161955
0.063387
0.120693
0.109125
0.067426
0.059458
0.059579
0.091124
0.069102
0.061087
0.060328
0.122788
0.159124
0.058837
0.066919
0.077483
0.063055
0.098258
0.080222
0.084007
0.088744
0.078194
0.090153
0.078069
0.063241
0.058215
0.058667
0.058552
0.059522
0.077745
0.111583
0.092592
0.112596
0.081293
0.059574
0.058027
0.057560
0.105043
0.060573
0.059204
0.058521
0.059338
0.063817
0.081515
0.059544
0.057370
0.058660
0.082615
0.082081
0.064688
0.096895
0.080784
0.061360
0.083761
0.104264
0.090140
0.096107
0.076559
0.057620
0.064801
0.100001
0.096896
0.084088
0.058326
0.062554
0.059679
0.081713
0.062855
0.101155
0.061313
0.059462
0.067019
0.071382
0.061302
0.062187
0.081074
0.082885
0.152367
0.083590
0.059081
0.059604
0.066674
0.073392
0.076376
0.102509
0.092685
0.067936
0.092623
0.102643
0.094892
0.111833
0.076910
0.089724
0.072403
0.069484
0.107870
0.070539
0.127723
0.082473
0.068965
0.072301
0.088866
0.092081
0.064078
0.072992
0.163893
0.136010
0.091144
0.102028
0.133003
0.058292
0.061774
0.076716
0.096091
0.096173
0.059771
0.088679
0.078568
0.073637
0.073329
0.086342
0.066891
0.099769
0.075278
0.066375
0.066534
0.112677
0.075233
0.058774
0.063106
0.084608
0.127115
0.085300
0.062811
0.086208
0.066257
0.240392
0.060282
0.084496
0.098312
0.107589
0.071176
0.060621
0.079925
0.070473
0.265830
0.065967
0.072747
0.107898
0.089816
0.090246
0.084568
0.072316
0.071625
0.095701
0.070434
0.083454
0.134954
0.083760
0.145070
0.084759
0.129224
0.060707
0.136952
0.064125
0.060998
0.060081
0.100600
0.128954
0.096954
0.087160
0.073514
0.084183
0.078434
0.065828
0.106344
0.071213
0.139554
0.146423
0.064213
0.109364
0.077270
0.216346
0.178210
0.102604
0.063360
0.106696
0.068529
0.110081
0.068903
0.106938
0.070451
0.129707
0.156995
0.084197
0.082697
0.095122
0.067528
0.090708
0.090696
0.069131
0.086535
0.077384
0.086947
0.088128
0.080593
0.068664
0.083345
0.081753
0.062298
0.104771
0.098157
0.087812
0.079598
0.098769
0.081243
0.059180
0.056166
0.067128
0.085160
0.059181
0.094539
0.083229
0.086002
0.061563
0.088496
0.091266
0.098117
0.099905
0.098214
0.096797
0.090590
0.069844
0.071258
0.080331
0.065885
0.171910
0.064360
0.077383
0.114072
0.108404
0.163942
0.061487
0.107957
0.123626
0.205557
0.084871
0.178552
0.085760
0.070696
0.079237
0.072995
0.171405
0.103373
0.060829
0.101541
0.124002
0.061701
0.069533
0.085906
0.251451
0.179860
0.104945
0.066794
0.079036
0.136432
0.078770
0.116429
0.090665
0.060826
0.086125
0.077049
0.065655
0.161646
0.123453
0.077719
0.092566
0.100195
0.098624
0.063153
0.098631
0.057775
0.061508
0.092494
0.094085
0.155468
0.067911
0.079580
0.158625
0.066599
0.168848
0.082181
0.087107
0.076654
0.114637
0.059920
0.059143
0.075011
0.068763
0.075805
0.106574
0.061359
0.074636
0.157565
0.131425
0.059841
0.068666
0.090222
0.135617
0.131782
0.106213
0.124493
0.117359
0.090806
0.065623
0.075765
0.085505
0.131381
0.083617
0.114381
0.063459
0.099732
0.068306
0.094128
0.067722
0.062941
0.180950
0.080264
0.100703
0.083584
0.060768
0.150913
0.075434
0.061928
0.064748
0.081625
0.090087
0.070359
0.063807
0.096552
0.112193
0.108301
0.156802
0.070712
0.082874
0.134908
0.091140
0.191210
0.068235
0.139965
0.177464
0.091794
0.061544
0.090219
0.060740
0.154659
0.063911
0.143618
0.067402
0.103996
0.062198
0.162229
0.067964
0.064399
0.062798
0.071580
0.170429
0.088117
0.074624
0.095104
0.078550
0.111148
0.093023
0.059189
0.064612
0.061383
0.062464
0.091909
0.078225
0.144401
0.072923
0.125140
0.078636
0.076930
0.095781
0.128884
0.126656
0.095175
0.076863
0.077169
0.110414
0.063615
0.109206
0.075585
0.072597
0.084969
0.077358
0.064802
0.060308
0.121240
0.196650
0.081417
0.084570
0.062885
0.066445
0.075911
0.150835
0.088326
0.126477
0.119278
0.223014
0.110253
0.076693
0.090268
0.150713
0.086877
0.100476
0.093086
0.133584
0.106986
0.063667
0.076599
0.167769
0.067018
0.095564
0.100993
0.138510
0.064486
0.095096
0.084848
0.190348
0.104447
0.079119
0.141018
0.132358
0.073225
0.064624
0.074733
0.159909
0.060746
0.066969
0.091262
0.090235
0.092065
0.091820
0.089294
0.081682
0.147877
0.060923
0.083553
0.059066
0.056971
0.057237
0.057649
0.058750
0.058123
0.079654
0.079845
0.061217
0.057603
0.067190
0.058929
0.060292
0.058953
0.059127
0.059772
0.060091
0.060643
0.059310
0.068358
0.092954
0.058956
0.063988
0.056255
0.056324
0.056693
0.056583
0.057611
0.057138
0.056959
0.061583
0.057842
0.057937
0.074305
0.074664
0.058477
0.084874
0.084187
0.057236
0.065860
0.066411
0.086110
0.058813
0.060581
0.062149
0.069426
0.093220
0.101963
0.071317
0.080565
0.090464
0.067533
0.091719
0.057907
0.081067
0.063873
0.071503
0.085158
0.076561
0.069260
0.076093
0.069097
0.083552
0.058907
0.087640
0.097551
0.072334
0.090034
0.056827
0.058254
0.088370
0.059432
0.058415
0.057028
0.076559
0.062377
0.057493
0.057392
0.057487
0.065135
0.058613
0.060602
0.058510
0.103449
0.057921
0.065118
0.100716
0.079833
0.075659
0.077320
0.071386
0.072059
0.098772
0.084437
0.087405
0.163841
0.108348
0.084400
0.082659
0.172391
0.128921
0.074340
0.064833
0.066239
0.152170
0.156954
0.069495
0.061508
0.092581
0.085275
0.096530
0.060195
0.108527
0.063306
0.067732
0.070565
0.115070
0.067567
0.088227
0.088109
0.061786
0.107540
0.070774
0.066578
0.067242
0.088080
0.067521
0.133335
0.087671
0.082413
0.061191
0.066347
0.085802
0.098454
0.095149
0.079508
0.063534
0.100922
0.060346
0.065132
0.068099
0.062447
0.076567
0.060990
0.257607
0.105568
0.066673
0.081753
0.153799
0.143180
0.109030
0.116652
0.065047
0.127630
0.064408
0.059979
0.075492
0.108710
0.096489
0.066180
0.117767
0.093905
0.082580
0.124523
0.073148
0.110657
0.097048
0.136038
0.070738
0.064358
0.057697
0.058656
0.104853
0.146844
0.190814
0.058756
0.058985
0.058680
0.064083
0.087553
0.063797
0.058162
0.065339
0.107286
0.078919
0.072627
0.122753
0.117426
0.060465
0.070029
0.088611
0.061541
0.070112
0.081735
0.143193
0.181741
0.130284
0.087146
0.074060
0.065897
0.076892
0.140648
0.083025
0.086026
0.067193
0.079916
0.079551
0.082336
0.095204
0.143440
0.062395
0.064127
0.192347
0.142151
0.134850
0.058910
0.218688
0.206091
0.066977
0.073715
0.088454
0.094787
0.069360
0.078967
0.128242
0.088459
0.077728
0.080916
0.108204
0.097922
0.093855
0.060396
0.058410
0.068012
0.109749
0.131443
0.062568
0.074513
0.061322
0.094490
0.075477
0.066561
0.065439
0.097268
0.095361
0.070710
0.095275
0.097347
0.094631
0.136216
0.061795
0.094575
0.125026
0.062621
0.081244
0.077484
0.076662
0.097244
0.086980
0.068003
0.159429
0.061532
0.123261
0.135955
0.105995
0.128050
0.082217
0.066525
0.071208
0.061651
0.196655
0.066965
0.062722
0.101902
0.077405
0.155114
0.063647
0.063777
0.061036
0.077797
0.069729
0.098598
0.157347
0.089787
0.061302
0.062476
0.071067
0.077642
0.091594
0.066719
0.061176
0.099319
0.074375
0.069335
0.059795
0.094675
0.076069
0.065447
0.096424
0.060813
0.110521
0.060547
0.060869
0.068950
0.097754
0.147596
0.071123
0.191957
0.061500
0.069249
0.077900
0.061692
0.069221
0.195394
0.061062
0.068332
0.069272
0.064561
0.118372
0.069304
0.162748
0.072373
0.059104
0.153808
0.068153
0.136285
0.101683
0.088851
0.066795
0.060329
0.065367
0.086375
0.070901
0.093222
0.110404
0.081107
0.073668
0.084131
0.096340
0.058383
0.073389
0.100578
0.098609
0.093344
0.060688
0.094736
0.081629
0.090034
0.077771
0.093524
0.110478
0.072514
0.140184
0.066394
0.081563
0.102274
0.146634
0.074087
0.090549
0.088421
0.060332
0.065367
0.143307
0.077761
0.062934
0.106282
0.122376
0.064867
0.084895
0.080166
0.100392
0.113816
0.087750
0.089420
0.082397
0.084771
0.179721
0.072555
0.081455
0.066835
0.084198
0.179296
0.066645
0.135844
0.098376
0.086429
0.187132
0.063979
0.067958
0.067895
0.102005
0.147053
0.064000
0.061264
0.108252
0.063500
0.076104
0.127151
0.119286
0.110761
0.128572
0.070285
0.066832
0.084626
0.115795
0.076234
0.106134
0.079060
0.072402
0.082889
0.065784
0.073208
0.074700
0.060895
0.059534
0.066259
0.097654
0.119024
0.065726
0.078168
0.091177
0.076933
0.085265
0.067641
0.074965
0.081057
0.085898
0.121024
0.104736
0.071492
0.153377
0.133138
0.093565
0.072979
0.064892
0.079609
0.061758
0.092578
0.074830
0.175011
0.085719
0.090687
0.074254
0.089215
0.066524
0.086228
0.079868
0.062116
0.155024
0.116631
0.075191
0.090711
0.068302
0.158824
0.104759
0.079704
0.141441
0.065529
0.070960
0.073236
0.252409
0.140767
0.062340
0.065890
0.062670
0.065244
0.216511
0.105796
0.063578
0.077712
0.096239
0.123005
0.260777
0.090679
0.166328
0.115066
0.124938
0.079903
0.064713
0.080701
0.109076
0.107601
0.067636
0.106353
0.078367
0.086479
0.102215
0.092387
0.105958
0.080052
0.093494
0.067923
0.095802
0.085656
0.096199
0.096937
0.090542
0.092616
0.085838
0.196081
0.068570
0.138516
0.098935
0.072334
0.126620
0.097099
0.079470
0.145636
0.059519
0.103644
0.082945
0.113533
0.081013
0.079238
0.115262
0.089523
0.089921
0.063834
0.063225
0.102029
0.060428
0.151488
0.076484
0.065512
0.084524
0.216992
0.106967
0.061903
0.127524
0.075207
0.136903
0.070071
0.074366
0.065107
0.060925
0.074645
0.117425
0.080953
0.093621
0.063623
0.085526
0.061561
0.124741
0.091751
0.082871
0.183187
0.097664
0.060356
0.090557
0.070446
0.145155
0.132323
0.166431
0.133447
0.121211
0.124267
0.181792
0.169256
0.090304
0.062272
0.089862
0.120217
0.083817
0.084738
0.089365
0.117744
0.064570
0.062853
0.083661
0.069739
0.096366
0.115402
0.065561
0.138302
0.096335
0.121877
0.093347
0.113042
0.066801
0.108849
0.066831
0.100245
0.096721
0.084148
0.118144
0.067662
0.071263
0.064347
0.132446
0.066186
0.108625
0.081090
0.096551
0.070438
0.122607
0.070645
0.061733
0.088372
0.106975
0.078746
0.108982
0.071080
0.072909
0.084670
0.089068
0.170866
0.110621
0.074323
0.154248
0.076690
0.151909
0.092028
0.103515
0.063985
0.077760
0.082786
0.114991
0.085002
0.075770
0.082399
0.060873
0.068915
0.124833
0.108898
0.076792
0.146770
0.082256
0.097096
0.141418
0.144943
0.066864
0.083160
0.064243
0.077968
0.078026
0.069529
0.078198
0.107791
0.107397
0.164778
0.089349
0.103410
0.082910
0.063831
0.079593
0.098257
0.221168
0.066455
0.064430
0.111693
0.072501
0.061499
0.107916
0.086974
0.070034
0.086781
0.063082
0.059729
0.062025
0.146696
0.089471
0.130071
0.144165
0.113317
0.090786
0.069508
0.068494
0.181637
0.091471
0.066458
0.077807
0.096151
0.069026
0.076753
0.145740
0.129093
0.117866
0.142936
0.084748
0.095322
0.173985
0.096902
0.130759
0.074866
0.074642
0.083647
0.067820
0.117765
0.067655
0.067077
0.075106
0.071231
0.077471
0.096823
0.080930
0.096601
0.087141
0.096018
0.082774
0.087525
0.108294
0.100410
0.070995
0.091588
0.114700
0.094419
0.099677
0.099511
0.073823
0.065334
0.082687
0.077108
0.154377
0.066092
0.191787
0.063444
0.102363
0.132981
0.087269
0.142743
0.116693
0.063140
0.107065
0.073459
0.127056
0.067661
0.097288
0.158040
0.110681
0.107414
0.061925
0.143663
0.127788
0.144387
0.067942
0.075801
0.141902
0.094143
0.141248
0.139993
0.103329
0.121060
0.110723
0.083316
0.107370
0.078436
0.097559
0.075931
0.122198
0.074276
0.111214
0.086957
0.078638
0.109868
0.067811
0.074961
0.186642
0.061452
0.062490
0.117636
0.083270
0.131634
0.060758
0.066448
0.078463
0.074222
0.102643
0.117531
0.074767
0.092403
0.064541
0.062623
0.063676
0.094228
0.074386
0.243979
0.107283
0.072910
0.083328
0.080465
0.219295
0.087609
0.092118
0.123837
0.074492
0.148762
0.110709
0.077862
0.060156
0.093696
0.065395
0.116075
0.130387
0.086310
0.068902
0.075386
0.060870
0.086755
0.074620
0.190458
0.087845
0.168613
0.090975
0.180479
0.064173
0.071701
0.080461
0.157742
0.174945
0.104475
0.082305
0.104635
0.064399
0.080855
0.090877
0.186455
0.162564
0.077957
0.140256
0.167204
0.126835
0.069297
0.159914
0.092742
0.065006
0.075822
0.260794
0.087596
0.063571
0.070447
0.212688
0.159743
0.073411
0.111480
0.107364
0.068107
0.088149
0.127852
0.061802
0.060235
0.111083
0.075388
0.153908
0.104241
0.121773
0.082405
0.092308
0.085079
0.100294
0.111395
0.089141
0.068793
0.082740
0.077095
0.078421
0.071875
0.073179
0.061645
0.115861
0.080336
0.061594
0.092173
0.059110
0.058850
0.058718
0.061996
0.059304
0.058494
0.086352
0.119975
0.106879
0.060887
0.077205
0.089095
0.071651
0.067550
0.063044
0.093548
0.076922
0.068526
0.072984
0.098480
0.069793
0.060869
0.058984
0.063575
0.059156
0.085343
0.060977
0.060543
0.059559
0.108267
0.078372
0.098086
0.088255
0.060210
0.097091
0.082094
0.095825
0.090116
0.061246
0.066833
0.083936
0.093688
0.084806
0.067123
0.085940
0.060019
0.085104
0.098369
0.091861
0.107706
0.067337
0.069053
0.089778
0.103199
0.107128
0.070027
0.070800
0.071007
0.126319
0.070448
0.077440
0.095866
0.067214
0.069683
0.072098
0.067312
0.066119
0.091975
0.065812
0.087286
0.105352
0.063234
0.081890
0.069346
0.140457
0.147120
0.085906
0.064251
0.067524
0.077308
0.079608
0.076880
0.124515
0.161735
0.086211
0.070246
0.072343
0.087436
0.115254
0.072662
0.073287
0.090051
0.078952
0.138129
0.151402
0.114460
0.132171
0.168967
0.078740
0.156227
0.069983
0.084347
0.063195
0.063680
0.088593
0.155462
0.143322
0.072645
0.072008
0.221969
0.108026
0.140156
0.092064
0.074739
0.069669
0.069336
0.138602
0.088317
0.080331
0.107078
0.144820
0.194745
0.091161
0.211129
0.085884
0.133049
0.172181
0.082304
0.157716
0.111124
0.081392
0.171470
0.071125
0.208436
0.083256
0.092487
0.062947
0.075285
0.083905
0.072841
0.075538
0.193008
0.073212
0.066807
0.172361
0.162241
0.067837
0.120240
0.137000
0.201361
0.153486
0.108828
0.074421
0.149362
0.078479
0.086304
0.131479
0.082238
0.074618
0.059141
0.083552
0.192904
0.156017
0.079246
0.192005
0.128267
0.086802
0.124571
0.130950
0.068036
0.066643
0.104766
0.061743
0.230077
0.166479
0.067274
0.230728
0.155388
0.062250
0.124411
0.121371
0.067270
0.066141
0.118156
0.192808
0.098563
0.082753
0.120094
0.068750
0.058910
0.063175
0.184651
0.145618
0.068924
0.064322
0.075484
0.093580
0.088947
0.125061
0.068639
0.060979
0.066369
0.077150
0.175118
0.061610
0.109645
0.094458
0.148595
0.094746
0.065981
0.071456
0.073569
0.075674
0.072767
0.122618
0.078824
0.101130
0.158347
0.147859
0.081901
0.093223
0.078381
0.107999
0.094432
0.115714
0.070934
0.061659
0.103785
0.057547
0.061537
0.107384
0.090214
0.058449
0.058166
0.059089
0.097426
0.087048
0.096273
0.097269
0.088783
0.126372
0.058239
0.104242
0.058888
0.082025
0.087250
0.088154
0.093443
0.100650
0.101788
0.106924
0.083910
0.125091
0.073821
0.067629
0.074079
0.060701
0.070210
0.136258
0.068069
0.096864
0.071481
0.137630
0.067159
0.072879
0.074109
0.182596
0.066522
0.110909
0.116089
0.181699
0.088399
0.130244
0.102085
0.075978
0.209923
0.180408
0.081771
0.139846
0.128904
0.193907
0.230389
0.106916
0.258376
0.087881
0.172431
0.100968
0.186939
0.217165
0.131358
0.096177
0.251381
0.226287
0.179675
0.082219
0.123398
0.191269
0.148082
0.118455
0.115659
0.072127
0.157092
0.181773
0.113954
0.107640
0.134776
0.088832
0.077952
0.136125
0.083105
0.114441
0.067012
0.161965
0.181459
0.161185
0.113297
0.167269
0.084677
0.064377
0.094176
0.103668
0.141747
0.072226
0.117566
0.200485
0.134546
0.068322
0.075228
0.230862
0.109569
0.088216
0.074227
0.088557
0.071390
0.098528
0.122024
0.080377
0.126199
0.250845
0.198830
0.067005
0.067511
0.137469
0.177899
0.191318
0.129132
0.302795
0.244397
0.273800
0.122435
0.085751
0.096273
0.100924
0.077229
0.269172
0.083091
0.077499
0.097505
0.113404
0.070090
0.140783
0.117053
0.093586
0.073296
0.068640
0.067325
0.091312
0.065273
0.062605
0.112762
0.131517
0.177190
0.090857
0.070348
0.100046
0.169697
0.064586
0.061320
0.065646
0.099394
0.113399
0.133809
0.088716
0.062832
0.087011
0.137533
0.102281
0.066892
0.087405
0.238105
0.094975
0.088447
0.109412
0.203114
0.083417
0.148845
0.070881
0.204494
0.074178
0.072907
0.091269
0.093818
0.095921
0.067782
0.061414
0.080334
0.093946
0.081051
0.150337
0.118053
0.083136
0.114153
0.097422
0.088232
0.064636
0.061054
0.066262
0.201302
0.082664
0.068649
0.059843
0.087300
0.158247
0.088989
0.084713
0.129110
0.155004
0.060017
0.058980
0.061074
0.059374
0.134619
0.138518
0.066923
0.082855
0.069033
0.180168
0.156871
0.066055
0.066286
0.117116
0.062760
0.083986
0.059234
0.089038
0.167097
0.067385
0.096902
0.061025
0.065681
0.097943
0.205821
0.141222
0.123202
0.072917
0.099244
0.075431
0.145057
0.159838
0.066637
0.147347
0.104732
0.063213
0.090874
0.104476
0.072047
0.075263
0.060939
0.064595
0.064354
0.182134
0.079666
0.072996
0.064204
0.068332
0.067285
0.101174
0.079704
0.076789
0.060499
0.091319
0.086478
0.075386
0.069934
0.134747
0.150326
0.060719
0.098276
0.086010
0.069245
0.063002
0.073431
0.059905
0.183668
0.103124
0.084787
0.067719
0.067906
0.059805
0.096291
0.066774
0.059185
0.060660
0.124730
0.087213
0.057495
0.092268
0.063490
0.074497
0.061749
0.081810
0.142934
0.103537
0.063816
0.086872
0.071459
0.089546
0.082934
0.074650
0.077977
0.081653
0.059399
0.067046
0.111866
0.058880
0.066863
0.060707
0.077157
0.094714
0.081076
0.095927
0.098170
0.065716
0.059517
0.061373
0.061493
0.087925
0.097766
0.082882
0.096862
0.079749
0.089651
0.099066
0.084151
0.061143
0.077450
0.096698
0.097395
0.099002
0.091258
0.072652
0.060375
0.060324
0.059264
0.072963
0.090369
0.090137
0.082502
0.071238
0.080127
0.059882
0.060039
0.087551
0.057766
0.060151
0.068589
0.058693
0.064266
0.059817
0.058333
0.058254
0.059464
0.072945
0.060007
0.102773
0.116988
0.080603
0.074358
0.058098
0.056944
0.059592
0.092840
0.082751
0.085852
0.061253
0.126641
0.072709
0.120534
0.140116
0.061446
0.087749
0.082709
0.090803
0.113388
0.188784
0.061202
0.095585
0.073499
0.105623
0.101961
0.063980
0.076382
0.102299
0.070444
0.072848
0.095122
0.100472
0.083958
0.066031
0.106402
0.138123
0.088905
0.098479
0.088778
0.101640
0.071167
0.062726
0.113139
0.096625
0.135565
0.140754
0.074013
0.101480
0.072568
0.188093
0.125297
0.067150
0.062887
0.094972
0.154867
0.084197
0.063048
0.072329
0.063392
0.062578
0.061774
0.159822
0.114973
0.109079
0.072646
0.095410
0.107353
0.090877
0.115822
0.065833
0.128736
0.093799
0.089866
0.095670
0.092351
0.080514
0.085124
0.065814
0.103813
0.105582
0.058895
0.090941
0.070415
0.145228
0.078499
0.064527
0.131361
0.102562
0.074865
0.062698
0.071105
0.081372
0.099459
0.099188
0.065163
0.098166
0.115842
0.101074
0.078345
0.144747
0.177776
0.095029
0.155234
0.128542
0.083503
0.127900
0.082342
0.090186
0.184581
0.103883
0.063414
0.088074
0.100977
0.150850
0.126117
0.083626
0.090645
0.067018
0.182563
0.133745
0.076847
0.082827
0.089277
0.060347
0.141649
0.063043
0.138020
0.072584
0.062260
0.064468
0.096428
0.163667
0.133061
0.063817
0.067125
0.085188
0.087108
0.070125
0.104306
0.078717
0.146437
0.060271
0.061479
0.089902
0.066197
0.109587
0.063064
0.062654
0.062170
0.082975
0.091391
0.061483
0.168858
0.063938
0.060570
0.065394
0.091128
0.058331
0.061916
0.062200
0.071018
0.075153
0.079938
0.089788
0.078319
0.098309
0.064756
0.174022
0.062508
0.079475
0.096461
0.068722
0.062772
0.099900
0.069014
0.090399
0.070505
0.097958
0.112873
0.099071
0.073528
0.070084
0.087944
0.105916
0.100962
0.073067
0.092502
0.093780
0.113210
0.067036
0.099499
0.071140
0.100341
0.083033
0.089678
0.087158
0.105875
0.083846
0.098976
0.072621
0.089726
0.086157
0.067216
0.099517
0.090436
0.071624
0.063926
0.065694
0.071768
0.069178
0.119740
0.074964
0.075940
0.085993
0.125293
0.067765
0.076566
0.103141
0.063571
0.071647
0.062414
0.072653
0.060761
0.070373
0.131185
0.098462
0.078055
0.114340
0.084765
0.105670
0.090570
0.062838
0.062269
0.060780
0.123587
0.140973
0.060621
0.078316
0.065174
0.139536
0.100435
0.092236
0.093325
0.090837
0.085654
0.094739
0.060374
0.058860
0.062778
0.086230
0.061073
0.061533
0.061218
0.060458
0.060996
0.090292
0.064245
0.101308
0.073518
0.075967
0.097838
0.083099
0.071191
0.069269
0.073594
0.065010
0.074843
0.067259
0.061131
0.088978
0.060804
0.096666
0.082991
0.096073
0.087408
0.115382
0.087175
0.078562
0.081205
0.063488
0.062104
0.109209
0.088376
0.090914
0.084725
0.081354
0.065060
0.057848
0.058603
0.059301
0.071429
0.083783
0.071832
0.082095
0.072705
0.095965
0.096574
0.090449
0.071188
0.087645
0.099139
0.117759
0.085027
0.075483
0.059480
0.058544
0.094680
0.070284
0.092463
0.062508
0.062989
0.065941
0.128382
0.062207
0.059758
0.079744
0.085793
0.059085
0.086412
0.081647
0.099184
0.078329
0.063692
0.059649
0.088352
0.088471
0.072377
0.089490
0.067824
0.073489
0.094712
0.092873
0.095562
0.094038
0.059629
0.090752
0.092589
0.089396
0.081339
0.085248
0.074679
0.092249
0.090254
0.091178
0.079155
0.095723
0.077270
0.061781
0.058856
0.098538
0.103150
0.074014
0.058314
0.065869
0.089827
0.097942
0.082645
0.064709
0.092631
0.073099
0.107809
0.064183
0.064304
