0.001523
0.092444
0.107426
0.124557
0.095667
0.101078
0.082929
0.139631
0.074926
0.064859
0.093163
0.111967
0.059962
0.099612
0.105246
0.142726
0.099349
0.106101
0.085431
0.213625
0.081472
0.133155
0.066583
0.111859
0.099057
0.065761
0.073198
0.091505
0.074855
0.072004
0.202347
0.092447
0.062958
0.068175
0.183415
0.061633
0.064570
0.067821
0.063316
0.062078
0.099930
0.070286
0.121952
0.065119
0.075976
0.159460
0.082748
0.089512
0.063088
0.139839
0.097685
0.145344
0.115758
0.065462
0.065669
0.110094
0.110289
0.208040
0.136926
0.074612
0.062651
0.080651
0.068524
0.109112
0.180425
0.131057
0.065941
0.063713
0.064112
0.208335
0.134777
0.064157
0.114136
0.075944
0.082135
0.263631
0.073920
0.203382
0.169491
0.097197
0.079267
0.095501
0.099490
0.074081
0.060367
0.066081
0.069541
0.070161
0.060598
0.061420
0.060995
0.065801
0.088083
0.091474
0.060496
0.079098
0.061187
0.094293
0.059331
0.059419
0.059585
0.059862
0.059826
0.059999
0.060540
0.063614
0.067371
0.065268
0.058451
0.059217
0.067627
0.060146
0.065851
0.063303
0.063534
0.059314
0.088451
0.088531
0.121933
0.091739
0.061574
0.062371
0.060420
0.059508
0.059624
0.062476
0.086630
0.110877
0.079568
0.120514
0.063913
0.061176
0.060298
0.060406
0.060750
0.060354
0.066344
0.064354
0.060200
0.060570
0.090435
0.123483
0.104174
0.072560
0.096039
0.115932
0.101433
0.070593
0.103452
0.095131
0.116989
0.085071
0.071923
0.140312
0.069374
0.083141
0.065271
0.069787
0.064564
0.067583
0.065233
0.061620
0.089307
0.068148
0.078036
0.086085
0.063629
0.100487
0.093153
0.068799
0.086027
0.071335
0.127635
0.183187
0.066222
0.063461
0.063643
0.072983
0.128052
0.120970
0.063806
0.071729
0.103803
0.064540
0.061559
0.119308
0.169817
0.076478
0.076749
0.062694
0.073329
0.066661
0.072017
0.104853
0.121050
0.104257
0.094182
0.084968
0.072904
0.118156
0.065199
0.102014
0.100237
0.061419
0.097433
0.101156
0.134584
0.144712
0.105447
0.098870
0.179363
0.066875
0.064462
0.171797
0.086505
0.070572
0.065578
0.066441
0.075062
0.181849
0.083020
0.065853
0.116383
0.179342
0.089735
0.142881
0.079931
0.081570
0.065063
0.076164
0.074281
0.137140
0.068715
0.109757
0.064266
0.067712
0.092760
0.093267
0.167634
0.200025
0.102812
0.091025
0.063893
0.063547
0.068090
0.109215
0.082490
0.158244
0.138275
0.121919
0.075506
0.164733
0.105208
0.061465
0.061597
0.069784
0.068399
0.062247
0.074523
0.156111
0.067839
0.062031
0.062678
0.073222
0.102269
0.155448
0.061152
0.095699
0.088290
0.089559
0.069769
0.069883
0.065855
0.103004
0.168270
0.118335
0.177095
0.062591
0.100837
0.070324
0.087222
0.065563
0.070778
0.065213
0.066131
0.073423
0.147933
0.067007
0.083315
0.089246
0.071447
0.179932
0.116520
0.073354
0.090865
0.088332
0.091656
0.085034
0.141124
0.072909
0.115583
0.177772
0.123314
0.089122
0.069679
0.073996
0.132578
0.132023
0.082762
0.150440
0.064349
0.066278
0.069657
0.078933
0.129844
0.062472
0.065554
0.068667
0.061839
0.063759
0.074815
0.213274
0.090768
0.095514
0.074015
0.074345
0.166246
0.075136
0.121375
0.158730
0.069903
0.112717
0.229588
0.091641
0.068415
0.065387
0.070045
0.093956
0.065071
0.105059
0.277833
0.128430
0.060755
0.068675
0.199220
0.187503
0.070565
0.091474
0.068921
0.100404
0.159365
0.104732
0.065312
0.076060
0.149629
0.171229
0.095899
0.060799
0.063698
0.061892
0.065825
0.090593
0.097850
0.065782
0.082949
0.066040
0.083822
0.074019
0.073003
0.097691
0.063528
0.060282
0.062215
0.069240
0.059970
0.086691
0.119344
0.061165
0.098229
0.131994
0.098904
0.060171
0.068983
0.106394
0.093964
0.064547
0.070264
0.072306
0.126603
0.065750
0.083310
0.065577
0.072815
0.085548
0.203298
0.071011
0.063349
0.061896
0.127576
0.112328
0.067241
0.062111
0.075231
0.101031
0.060914
0.079379
0.127367
0.072901
0.077477
0.061229
0.064379
0.075058
0.069370
0.077279
0.094324
0.120296
0.070007
0.103382
0.098140
0.074070
0.062769
0.061475
0.067488
0.076280
0.064054
0.100660
0.125954
0.077812
0.072446
0.104416
0.087131
0.061424
0.060193
0.060188
0.065961
0.064065
0.085615
0.062113
0.063915
0.093729
0.064123
0.060771
0.060870
0.063866
0.064408
0.060900
0.095904
0.064540
0.066313
0.066095
0.067945
0.065585
0.061234
0.064304
0.059913
0.078506
0.104071
0.117182
0.119284
0.121845
0.121868
0.106845
0.119692
0.100501
0.071439
0.114628
0.105417
0.103867
0.064036
0.079181
0.099702
0.074785
0.110810
0.131027
0.060775
0.076799
0.159788
0.127120
0.108728
0.165234
0.061209
0.065132
0.123657
0.063659
0.078942
0.141958
0.108835
0.059076
0.115210
0.187631
0.163271
0.065270
0.065905
0.115732
0.077744
0.086461
0.121292
0.125081
0.145013
0.176646
0.060088
0.063292
0.139454
0.061260
0.263111
0.129341
0.100974
0.068963
0.078048
0.185739
0.075392
0.141078
0.252838
0.081461
0.119835
0.076804
0.114743
0.191556
0.077055
0.062859
0.166961
0.147748
0.157062
0.099669
0.064667
0.071150
0.118548
0.142814
0.067829
0.096097
0.114672
0.061350
0.079043
0.086715
0.064062
0.096989
0.070349
0.089980
0.062251
0.066919
0.133683
0.061984
0.063687
0.078885
0.074526
0.202376
0.139861
0.117952
0.080122
0.102537
0.136693
0.085941
0.081776
0.165921
0.146194
0.102290
0.156049
0.177299
0.064818
0.151635
0.194056
0.059186
0.059977
0.086668
0.078580
0.117671
0.061471
0.088713
0.109133
0.277319
0.171806
0.081293
0.076890
0.172488
0.225367
0.211675
0.182361
0.186770
0.151618
0.187119
0.142239
0.178645
0.180363
0.150694
0.065803
0.063595
0.175078
0.081606
0.108766
0.121571
0.063128
0.080001
0.065753
0.063755
0.066582
0.064661
0.188586
0.126494
0.078038
0.109353
0.124902
0.067758
0.141041
0.134322
0.088365
0.067278
0.067657
0.075718
0.098552
0.137005
0.065769
0.114668
0.162071
0.126593
0.063639
0.108327
0.138198
0.094085
0.073936
0.078282
0.093958
0.065086
0.098662
0.103179
0.066922
0.065761
0.092772
0.077767
0.135533
0.060969
0.064552
0.069451
0.066315
0.167369
0.083407
0.077767
0.080219
0.104084
0.058078
0.061572
0.069109
0.129068
0.174295
0.094199
0.117622
0.063915
0.143911
0.175295
0.068792
0.099507
0.094919
0.090097
0.092708
0.104668
0.072143
0.060365
0.069102
0.064686
0.092481
0.134212
0.099243
0.112593
0.064833
0.085936
0.063242
0.175585
0.062250
0.078681
0.070692
0.228667
0.116085
0.080948
0.188761
0.083109
0.083815
0.094472
0.062418
0.197167
0.101719
0.063745
0.065038
0.087220
0.068547
0.237006
0.117917
0.073659
0.075371
0.075670
0.072763
0.073599
0.072381
0.086730
0.069983
0.066523
0.083498
0.066488
0.120554
0.073925
0.150300
0.073699
0.147404
0.090256
0.085042
0.096517
0.078229
0.062676
0.096132
0.086628
0.066273
0.155375
0.161556
0.072748
0.086004
0.082653
0.114007
0.081625
0.099900
0.157337
0.093545
0.090753
0.080838
0.085102
0.101529
0.113396
0.088585
0.075950
0.080172
0.091536
0.112470
0.125088
0.100607
0.097666
0.081226
0.079262
0.112700
0.077702
0.106606
0.063232
0.071638
0.066774
0.104442
0.067946
0.062723
0.077595
0.103022
0.107362
0.084158
0.100185
0.082153
0.068122
0.061693
0.064914
0.124454
0.066618
0.061330
0.111549
0.061434
0.106293
0.112059
0.083151
0.113184
0.088151
0.069627
0.066625
0.063105
0.064101
0.099078
0.090891
0.066931
0.097521
0.093209
0.078597
0.085555
0.106073
0.142892
0.094895
0.145914
0.065133
0.078069
0.223128
0.089113
0.074557
0.129007
0.131119
0.106902
0.151495
0.098122
0.090113
0.105718
0.075382
0.082707
0.104314
0.086986
0.072047
0.085825
0.107003
0.070679
0.081265
0.097706
0.099358
0.096576
0.064961
0.063576
0.091945
0.063640
0.065569
0.066873
0.066561
0.064194
0.145086
0.066587
0.063065
0.099427
0.066578
0.100275
0.084545
0.062976
0.063699
0.068043
0.165504
0.113748
0.094417
0.064616
0.063508
0.093151
0.069334
0.067422
0.065524
0.075262
0.103440
0.119806
0.070227
0.113884
0.068044
0.105423
0.065758
0.086361
0.108399
0.083172
0.075047
0.082868
0.084213
0.092058
0.087058
0.103000
0.116874
0.086403
0.071965
0.070381
0.098383
0.075624
0.093599
0.089010
0.073574
0.063439
0.089047
0.077801
0.104589
0.066187
0.090734
0.102108
0.096082
0.062956
0.070332
0.089271
0.089957
0.089149
0.104292
0.099230
0.095421
0.120460
0.062675
0.062196
0.062817
0.066003
0.063295
0.061315
0.076452
0.075592
0.116847
0.115440
0.124130
0.117065
0.096455
0.060781
0.081555
0.113208
0.111674
0.063161
0.074675
0.072893
0.106402
0.106937
0.073647
0.120297
0.109243
0.062154
0.098306
0.107071
0.095953
0.090052
0.075594
0.118397
0.100749
0.105791
0.106672
0.082999
0.087176
0.099165
0.092919
0.099473
0.091137
0.087933
0.087829
0.102493
0.091127
0.073460
0.071002
0.108785
0.077914
0.082677
0.061516
0.069821
0.139097
0.068777
0.076863
0.095602
0.074253
0.064968
0.063537
0.060233
0.060018
0.059867
0.060092
0.091583
0.061810
0.064283
0.065205
0.101124
0.091489
0.078923
0.098446
0.062429
0.064960
0.089891
0.080678
0.062188
0.088384
0.084721
0.062983
0.061942
0.092296
0.073670
0.111108
0.079763
0.095717
0.061332
0.062705
0.072669
0.104299
0.063662
0.062277
0.065093
0.120854
0.068224
0.082250
0.074816
0.078040
0.108542
0.088182
0.080546
0.100057
0.086768
0.094535
0.066499
0.076662
0.060703
0.061463
0.063437
0.116662
0.100125
0.085627
0.075547
0.060053
0.066379
0.063389
0.070537
0.061646
0.102169
0.070786
0.062523
0.086744
0.072673
0.069575
0.060257
0.098540
0.064929
0.062228
0.060950
0.065367
0.095223
0.057477
0.057215
0.064886
0.058328
0.071319
0.062005
0.084426
0.066890
0.090705
0.113245
0.074705
0.106882
0.094368
0.064237
0.117478
0.079417
0.084888
0.112810
0.074800
0.089906
0.090139
0.096247
0.093253
0.092717
0.095895
0.076960
0.115669
0.103231
0.075569
0.109245
0.099969
0.074015
0.096980
0.069035
0.066039
0.123172
0.105666
0.122767
0.082345
0.097536
0.107880
0.085807
0.090479
0.082638
0.131528
0.077571
0.099525
0.078305
0.091440
0.080277
0.084468
0.091694
0.081736
0.068187
0.101695
0.083362
0.091030
0.099522
0.087290
0.103485
0.107219
0.109689
0.086489
0.113944
0.124719
0.075116
0.083096
0.103664
0.117306
0.086448
0.097338
0.095086
0.096778
0.100286
0.064848
0.064946
0.062133
0.061994
0.061808
0.061404
0.072154
0.061573
0.062090
0.061831
0.115058
0.118118
0.116134
0.085146
0.121350
0.129224
0.105103
0.144638
0.094340
0.104249
0.084473
0.063203
0.131917
0.084346
0.097378
0.098277
0.081448
0.085233
0.085739
0.077924
0.108200
0.095836
0.097075
0.064530
0.093776
0.102600
0.078161
0.064987
0.099478
0.083839
0.119189
0.084439
0.085195
0.072725
0.083279
0.085463
0.098428
0.079465
0.062541
0.068052
0.086030
0.067515
0.068119
0.102414
0.084455
0.085530
