119	168	41	40
118	160	42	39
127	164	37	39
124	161	43	42
142	161	28	43
143	154	25	42
148	152	23	45
151	148	22	45
155	147	21	44
160	145	21	44
162	138	19	43
171	138	19	45
173	130	19	46
180	131	20	47
180	124	19	49
186	126	19	46
184	119	21	47
187	116	21	47
193	116	24	38
195	108	21	41
201	109	22	38
199	101	26	45
197	100	26	43
197	101	29	39
143	64	43	46
207	87	46	41
285	159	24	35
281	164	22	27
276	171	19	33
270	173	19	34
268	181	19	38
262	182	18	38
261	185	17	35
257	190	17	35
253	193	17	36
249	197	18	34
245	202	17	33
241	209	18	34
240	210	18	34
238	215	19	32
234	216	18	30
235	213	19	31
232	217	19	33
230	216	19	40
233	216	18	37
233	222	17	37
238	222	18	37
237	219	18	40
239	214	18	34
247	210	18	44
256	175	24	42
259	146	59	23
257	139	62	23
211	157	40	24
200	157	29	21
210	152	27	19
213	144	39	20
219	135	38	21
216	123	38	20
221	116	33	19
218	74	34	39
226	65	23	53
232	73	26	38
222	57	25	24
228	86	24	32
228	74	22	30
224	48	21	21
227	48	21	21
210	86	43	16
214	40	21	22
204	39	29	14
202	40	32	20
187	74	45	28
197	38	29	29
175	41	32	30
171	43	27	27
163	40	28	20
162	45	29	19
151	50	25	20
146	70	25	36
139	60	23	41
130	65	23	54
135	67	24	51
125	111	21	52
124	132	23	53
68	138	20	38
71	146	21	36
69	149	22	33
68	157	24	36
81	150	29	36
80	153	25	36
92	148	24	36
91	161	22	39
96	160	22	39
102	155	21	40
102	162	27	38
113	159	24	38
122	164	21	38
129	156	21	41
138	150	20	40
144	148	21	43
150	144	20	42
162	138	19	44
170	131	22	45
175	126	24	47
181	121	25	46
189	120	26	47
197	120	27	37
209	116	40	29
214	116	39	27
218	115	41	25
223	108	38	24
231	104	26	26
238	97	33	26
244	94	29	26
245	91	25	28
247	86	28	27
233	85	41	23
244	83	33	31
244	81	31	31
242	74	30	29
237	76	29	32
238	69	30	28
238	69	25	31
234	61	28	32
229	70	28	28
226	47	30	34
204	43	43	26
209	50	35	25
200	51	45	20
200	44	37	27
204	67	34	26
198	70	35	23
195	80	38	18
200	87	35	17
195	93	33	17
191	96	37	17
186	100	32	18
186	99	19	33
179	64	22	26
171	62	27	22
166	65	27	24
162	68	23	40
175	125	34	25
162	137	30	23
158	135	28	27
158	139	28	28
164	138	25	25
163	139	32	31
159	155	21	29
169	145	23	35
170	148	21	34
152	137	21	36
166	155	18	39
161	163	18	38
166	159	18	35
163	157	18	35
161	160	17	32
161	152	18	37
157	150	16	36
143	140	24	32
138	141	28	33
129	182	37	39
111	193	47	30
115	175	39	40
112	171	46	42
113	169	43	38
65	176	43	50
115	163	41	38
67	192	38	55
96	134	54	46
62	167	35	62
64	168	35	60
111	147	34	46
107	147	26	36
104	147	27	29
102	145	26	28
101	147	24	27
89	146	30	30
136	193	28	28
94	208	22	32
128	197	31	36
185	160	27	64
195	173	31	41
185	170	28	41
175	168	21	48
174	176	28	37
177	185	41	18
168	178	59	21
162	180	70	22
163	187	75	23
179	184	95	26
156	198	75	24
176	194	104	23
185	198	88	25
177	200	102	31
186	208	85	25
193	209	93	29
196	212	88	27
202	219	75	26
150	154	52	25
152	160	44	29
152	165	38	33
157	170	33	33
158	180	29	32
151	190	34	26
136	143	30	23
131	136	32	35
122	133	31	46
111	152	36	80
111	142	33	43
86	143	44	51
75	144	40	55
71	141	31	47
53	206	38	36
42	216	46	39
21	216	44	36
8	206	44	36
47	220	32	39
67	220	42	33
90	207	48	34
84	191	59	44
83	193	62	51
80	197	67	51
69	204	50	47
121	172	39	39
124	166	34	33
73	208	35	42
62	181	44	56
122	150	37	36
67	144	33	49
63	173	41	62
60	131	47	50
52	131	46	58
59	130	32	46
49	135	32	48
46	146	28	58
41	149	30	52
33	151	34	49
31	149	25	42
79	141	31	33
78	149	37	21
76	147	41	34
69	145	43	36
97	157	36	38
40	181	51	57
61	179	44	43
60	188	45	52
116	186	32	32
113	184	37	26
76	214	26	34
70	205	27	35
70	202	27	42
77	215	25	38
77	210	28	37
83	232	30	27
70	187	25	33
84	206	23	45
81	199	30	28
84	200	27	27
82	202	54	18
96	201	30	21
82	195	39	23
99	198	37	16
78	192	42	29
100	195	32	39
83	196	38	43
96	171	38	37
70	189	48	49
97	205	36	44
150	165	27	28
149	161	28	28
141	153	35	32
129	150	42	30
128	154	44	25
129	157	42	21
124	148	38	30
138	159	30	22
133	154	31	26
121	157	41	20
154	169	47	22
153	175	43	26
127	182	45	26
112	191	30	35
100	143	28	42
44	185	45	49
29	200	48	48
87	169	32	41
76	173	37	37
54	180	46	34
88	168	42	40
29	183	56	37
53	185	39	36
55	194	33	35
26	193	41	34
76	187	48	46
25	207	45	37
30	205	40	40
30	216	40	36
40	222	37	35
38	228	36	31
38	228	30	30
52	236	31	23
48	239	37	20
54	239	26	20
54	224	27	35
15	223	27	33
49	233	27	26
63	239	27	20
66	228	22	31
65	220	24	35
64	240	25	19
57	226	38	33
4	217	32	41
29	221	32	38
46	223	37	36
66	228	38	31
85	228	35	31
86	226	38	33
97	222	48	37
109	211	51	45
117	211	64	41
138	207	72	38
155	197	61	53
180	192	49	46
191	181	46	72
194	161	48	53
201	159	47	53
209	146	41	63
224	140	44	74
220	135	52	69
233	121	36	49
223	121	45	31
224	107	40	29
242	146	46	26
244	151	41	22
242	144	35	22
242	138	33	26
246	132	19	27
243	130	22	24
242	122	19	18
238	121	22	19
230	101	22	28
226	111	26	20
192	143	94	24
202	100	37	46
196	78	41	45
191	108	51	40
221	155	26	36
214	190	38	35
230	197	75	27
235	199	81	33
235	207	65	30
230	213	76	32
228	211	75	27
226	212	73	28
232	210	83	26
224	216	94	32
224	217	88	31
226	224	79	28
223	225	85	29
223	227	84	30
249	227	81	26
248	228	83	26
242	232	75	25
233	238	93	21
245	203	23	30
246	205	29	25
245	207	31	25
250	211	31	24
255	211	31	25
255	167	56	28
203	174	41	30
206	172	35	29
211	170	33	38
219	172	46	30
227	164	46	29
231	162	43	27
240	156	44	30
242	160	39	29
248	149	34	28
253	150	30	31
259	137	24	40
257	148	30	28
265	140	31	30
263	136	35	28
217	134	54	25
266	130	50	31
268	126	47	26
265	127	35	32
236	117	41	27
249	115	31	34
256	119	38	31
251	119	32	31
247	118	22	33
239	121	24	25
231	115	22	28
227	112	26	26
222	117	23	33
217	120	23	37
199	126	39	37
196	134	41	24
191	131	39	25
187	135	40	22
181	137	35	24
180	137	27	31
178	136	22	35
172	137	21	35
167	145	23	32
158	144	28	28
155	143	22	39
153	138	28	36
139	151	32	33
140	150	35	35
141	160	36	32
142	160	37	26
138	165	39	31
140	168	34	24
145	164	25	32
139	139	24	53
140	146	32	61
137	140	29	59
139	143	29	53
135	141	29	46
133	135	30	47
123	193	37	43
131	140	32	38
132	135	29	53
141	128	26	54
138	129	30	60
131	186	44	50
135	190	37	51
130	179	32	34
137	223	44	36
130	220	45	39
121	218	48	41
125	166	37	40
117	161	47	52
113	184	50	60
107	167	50	70
111	160	59	67
128	95	47	48
135	84	40	52
136	82	34	46
137	74	32	48
135	70	35	50
137	64	35	51
125	63	39	50
121	67	45	47
118	60	42	46
119	123	45	50
107	136	35	38
139	112	33	27
130	122	30	28
149	112	26	24
144	115	29	20
175	111	17	44
162	120	27	26
149	78	24	35
150	124	35	30
158	108	24	62
205	73	44	25
160	117	39	30
158	88	30	34
151	89	39	26
156	86	24	33
147	88	41	22
157	94	42	24
157	96	26	29
152	100	20	33
151	109	40	23
162	111	23	25
164	107	25	32
173	102	18	33
157	115	31	26
150	132	38	19
154	168	21	28
151	141	20	30
149	134	22	42
143	131	22	36
147	178	23	29
143	147	20	33
139	140	17	36
137	136	19	44
134	132	19	39
135	130	20	38
137	125	21	35
127	126	24	43
131	122	31	32
127	123	34	35
124	119	34	35
116	122	38	31
115	115	40	36
130	114	45	41
114	118	39	43
125	118	42	34
107	121	48	43
112	123	41	36
108	125	37	40
98	127	39	43
87	118	38	60
84	119	41	60
79	132	40	52
80	104	32	54
75	164	39	41
78	104	30	52
69	152	43	58
77	102	31	59
77	95	32	63
78	96	31	61
68	104	37	64
77	159	32	39
65	158	44	31
66	161	37	21
72	155	28	30
80	160	29	23
84	160	28	24
92	160	29	24
95	164	30	23
102	165	28	24
103	166	33	26
113	163	31	27
122	163	29	27
129	171	29	20
135	170	33	21
141	173	33	20
147	178	39	18
150	173	39	21
158	167	35	30
162	149	34	45
160	156	33	38
168	168	32	30
121	146	28	23
121	147	31	35
136	149	26	33
141	150	30	26
152	155	28	25
160	151	31	33
163	152	39	29
167	151	39	41
172	150	32	36
181	168	37	31
191	174	33	30
194	167	33	33
191	161	35	35
194	165	35	31
188	167	31	30
205	155	42	38
219	152	32	25
221	150	27	24
228	147	26	31
231	147	27	29
233	142	28	26
234	139	34	24
241	140	25	36
235	131	30	43
239	139	38	30
237	136	33	28
238	135	34	32
234	123	30	32
231	124	31	29
231	123	26	30
225	114	26	32
223	121	25	29
218	111	25	25
214	117	22	28
207	118	26	23
204	121	31	25
194	124	37	22
200	123	24	29
199	131	25	29
192	130	27	25
189	134	31	22
186	133	27	21
187	129	27	21
182	132	26	20
174	134	30	23
167	130	32	25
162	127	31	24
157	129	33	29
147	128	33	31
142	126	32	31
144	121	41	27
126	129	30	29
116	127	30	29
110	129	27	27
101	130	27	27
95	130	27	28
91	134	25	28
73	140	32	28
71	139	31	30
73	127	31	54
78	168	34	39
72	161	39	47
80	195	41	26
92	197	33	30
94	205	29	24
103	209	27	24
104	215	28	22
105	219	29	23
104	224	31	26
109	222	30	34
75	174	37	38
67	171	46	49
64	173	43	46
68	177	48	54
66	183	47	51
69	192	49	44
78	195	45	45
83	194	48	48
83	203	49	49
95	195	49	45
112	193	39	35
127	190	39	33
139	193	38	31
150	192	36	32
163	188	38	33
174	188	38	31
182	188	37	34
192	186	38	32
204	181	39	39
214	179	40	36
223	176	43	38
230	176	37	37
235	172	39	38
243	159	38	36
250	160	42	31
256	140	47	33
248	153	45	33
265	135	35	38
264	144	39	39
265	147	39	39
268	141	38	32
278	129	36	37
282	119	29	37
286	111	34	29
275	120	28	30
278	106	22	36
272	107	20	35
268	103	19	33
262	94	19	32
255	91	22	34
245	96	22	34
238	87	24	34
231	86	32	34
220	85	32	34
210	84	36	33
196	84	44	27
189	85	38	29
183	86	39	27
168	93	40	24
165	98	40	23
151	106	37	21
146	104	47	22
137	111	36	19
134	111	32	24
131	113	28	21
121	116	30	20
118	114	27	25
120	118	28	24
117	119	34	22
104	125	28	23
100	124	24	28
102	125	21	30
98	130	23	26
93	135	22	26
90	136	21	27
90	141	21	21
93	140	19	24
91	142	19	22
86	140	21	24
92	141	18	22
94	138	16	27
96	137	18	21
92	131	20	27
97	129	20	31
97	126	19	28
60	93	27	93
75	191	33	50
86	195	31	53
93	207	35	52
76	200	41	53
75	197	35	53
71	192	29	52
67	193	33	52
66	191	26	56
57	188	22	29
57	184	20	37
93	166	29	37
48	176	21	51
34	172	26	37
30	170	33	53
34	159	29	41
31	164	24	44
29	197	45	54
50	216	49	43
74	235	43	24
44	219	51	40
54	148	30	36
68	157	33	33
66	158	31	33
67	154	30	37
42	146	42	38
50	152	38	40
40	151	37	42
50	152	33	38
55	161	30	33
59	165	28	29
62	169	36	31
66	209	42	42
1	221	42	38
21	159	36	42
83	220	26	26
43	181	40	42
44	189	37	40
40	188	33	39
49	197	38	43
39	196	30	37
44	193	34	37
51	200	32	40
39	201	36	43
48	214	39	43
23	202	36	35
3	194	49	39
0	203	49	44
0	204	34	40
3	209	38	40
19	211	32	36
27	212	26	39
35	211	24	47
42	214	22	45
49	209	24	50
56	209	26	50
58	208	32	51
65	208	32	51
73	205	35	51
93	202	28	53
101	198	26	54
113	194	25	63
126	187	30	64
135	172	33	66
147	165	31	43
156	162	33	36
163	151	35	46
194	175	34	54
176	194	40	36
185	195	43	32
188	190	39	34
191	177	39	44
196	160	34	30
184	192	58	29
195	137	49	23
150	180	43	25
140	169	26	37
134	167	24	40
127	167	18	37
115	163	18	36
106	162	17	36
97	160	17	37
88	158	17	36
78	156	17	38
69	156	17	37
62	155	17	35
50	154	19	38
49	153	17	36
42	155	17	35
39	155	16	35
32	156	17	34
25	159	19	38
22	160	20	36
16	162	24	38
11	162	24	38
20	204	20	38
18	200	19	34
23	166	15	28
19	165	18	32
23	164	18	33
58	149	23	36
49	161	41	32
55	174	26	25
53	168	22	38
52	192	29	20
44	207	31	32
43	207	28	32
43	213	32	32
40	222	33	30
43	222	39	28
77	169	25	23
83	152	21	40
90	145	20	41
97	144	20	42
106	139	20	42
110	135	20	44
116	131	21	46
121	128	22	46
126	125	22	48
134	117	21	48
139	115	27	50
140	121	32	41
147	115	33	41
162	116	28	40
171	119	69	25
242	110	47	22
204	107	57	21
207	93	51	27
185	110	44	22
170	136	33	26
127	136	40	37
120	133	35	45
136	140	38	40
137	141	29	36
151	150	33	37
159	111	28	44
150	122	34	44
147	172	31	44
140	174	34	41
147	170	27	37
138	179	30	29
147	133	23	29
146	122	25	38
140	123	26	38
129	123	27	41
127	125	25	41
123	126	21	41
124	128	21	42
124	127	20	44
116	133	22	37
115	132	18	42
110	136	20	42
107	142	20	39
106	145	20	40
103	148	24	42
106	152	21	38
104	156	21	40
104	162	21	37
105	166	23	38
109	168	21	40
110	172	21	39
116	182	18	32
112	181	19	33
115	183	23	34
119	185	18	29
123	184	19	32
124	184	19	33
127	183	19	35
132	182	19	36
136	182	19	37
138	181	18	37
140	178	18	36
141	176	18	38
145	177	16	37
143	173	18	35
143	179	18	37
144	175	19	35
144	168	18	37
140	163	18	36
144	163	18	37
141	161	19	36
140	151	20	35
138	147	20	36
134	136	21	38
138	138	21	35
137	128	19	35
135	124	22	36
134	119	22	39
129	116	25	40
124	109	25	38
126	113	23	39
128	111	26	37
127	111	22	33
121	108	26	39
122	116	27	29
117	103	25	35
118	109	22	36
109	117	23	38
99	125	28	34
98	129	30	35
108	131	21	37
106	134	20	35
105	139	18	35
104	136	19	38
104	145	20	38
103	142	21	42
104	142	21	42
105	147	28	41
105	153	30	36
115	155	22	37
123	154	21	37
126	158	17	37
133	162	19	37
135	164	19	38
140	166	18	37
145	168	18	36
151	168	19	38
157	167	21	40
171	166	21	40
179	167	20	37
188	164	19	41
191	162	18	42
203	164	18	37
203	156	21	39
204	153	27	32
214	153	26	31
211	150	28	28
216	148	30	28
224	140	55	24
221	139	39	28
227	138	36	29
225	138	37	30
230	139	38	26
238	131	50	25
227	131	41	22
237	127	48	24
276	117	50	21
235	124	43	21
265	119	44	26
264	116	45	24
257	105	59	23
211	104	35	20
182	128	44	39
193	109	41	61
181	115	61	27
256	157	20	38
300	120	23	47
266	92	36	19
265	90	38	19
266	90	36	18
263	88	42	18
249	87	41	20
211	83	37	19
203	87	36	18
170	104	32	20
145	88	27	23
144	96	29	55
133	94	39	31
124	92	37	30
121	87	33	41
120	97	38	33
120	99	28	36
116	99	29	35
112	99	30	50
110	119	38	32
108	120	39	32
104	121	38	43
82	127	51	45
86	207	44	39
24	195	43	61
56	210	41	49
59	213	38	46
110	152	32	34
122	152	25	33
120	152	26	38
125	153	28	40
126	158	27	35
124	157	32	37
131	156	28	37
130	155	30	36
130	156	30	33
132	155	30	35
133	153	29	35
139	150	30	38
140	148	29	40
145	144	29	35
146	139	29	40
147	142	33	40
147	135	33	41
150	135	28	35
157	132	26	36
158	130	23	38
156	122	25	38
156	118	27	38
157	114	26	39
155	110	29	37
153	108	29	37
152	103	29	37
153	100	26	38
149	93	29	42
144	91	35	38
146	86	30	39
144	85	31	35
146	86	31	26
144	65	34	57
201	86	50	30
220	98	41	26
214	104	53	19
203	104	50	21
206	106	44	21
201	113	54	20
203	115	51	19
220	118	48	22
220	118	48	23
216	118	54	24
220	125	46	21
221	122	44	21
182	131	44	23
151	151	27	34
153	156	20	36
155	157	20	34
161	161	19	36
169	169	18	35
171	170	19	36
171	172	21	35
177	175	22	34
183	182	28	27
185	177	27	34
192	182	32	27
196	182	37	26
207	178	27	33
208	183	37	25
210	183	38	27
211	175	40	29
219	176	38	27
232	173	26	29
237	172	29	31
236	172	28	28
240	173	29	29
233	171	37	26
248	160	47	31
243	165	39	26
243	170	39	27
238	159	42	22
237	166	39	32
233	154	37	26
225	159	32	33
221	160	43	25
222	165	39	30
215	163	36	26
210	162	41	22
193	172	40	25
185	177	43	25
182	174	25	48
172	179	22	45
180	180	20	47
170	179	19	46
164	173	19	43
160	177	17	40
149	180	19	39
139	180	24	31
135	184	24	37
86	179	50	40
109	160	30	60
117	157	28	62
128	152	28	57
144	143	28	56
153	141	39	48
165	133	38	44
174	117	32	24
170	155	49	20
191	151	32	28
195	149	34	32
209	150	28	30
216	124	37	24
212	132	44	24
227	180	56	20
186	188	56	27
249	198	43	24
235	201	71	20
235	162	51	21
202	203	28	37
206	203	31	31
195	204	53	27
185	205	73	35
192	198	68	38
175	207	68	38
179	197	68	36
189	185	72	33
195	192	61	33
170	187	67	28
185	179	61	27
227	166	60	25
213	163	34	31
198	161	43	20
194	152	38	24
189	156	44	22
176	156	42	21
168	160	47	23
152	159	36	26
119	171	28	26
119	174	40	25
104	177	69	27
113	168	53	32
132	166	41	37
133	157	39	45
137	156	35	52
141	150	32	45
146	158	32	44
155	155	32	51
162	155	35	34
171	155	26	47
175	161	28	45
182	163	37	34
194	167	37	36
198	158	34	37
212	163	35	43
220	168	36	35
220	169	41	30
230	167	33	35
243	163	31	52
251	164	32	39
246	162	32	36
260	176	21	52
260	169	23	55
258	164	33	31
256	165	32	32
255	166	34	25
259	160	31	19
260	163	28	19
252	170	27	34
250	164	26	36
243	170	24	33
240	170	26	38
233	171	25	45
225	175	38	30
218	173	29	44
210	177	45	32
156	143	31	25
160	131	28	36
169	124	32	39
178	128	32	33
185	129	33	30
193	125	29	37
206	124	29	42
211	132	31	36
224	115	28	33
224	127	32	37
227	115	42	30
243	117	31	32
231	141	39	40
241	134	39	34
263	112	27	28
259	115	34	25
271	118	36	30
259	139	41	40
267	141	40	37
252	174	34	46
286	136	29	26
276	121	50	19
274	120	54	21
287	75	38	27
296	77	29	32
283	74	34	42
262	104	44	25
258	107	44	24
252	106	42	28
242	117	46	27
221	122	54	26
201	122	43	29
209	130	29	31
212	85	45	37
152	152	39	21
113	144	46	38
96	169	45	26
81	163	43	36
72	158	53	36
68	168	52	43
32	162	56	47
71	185	42	44
15	186	43	24
71	193	30	39
108	145	25	42
96	149	33	43
88	208	37	40
98	227	34	30
98	235	36	24
129	187	31	21
135	161	18	38
141	160	18	38
144	163	19	39
151	162	17	37
157	156	18	41
166	157	19	40
177	160	21	36
188	162	22	33
194	158	20	31
199	159	22	30
208	159	19	40
213	162	19	44
219	157	19	48
223	164	20	47
212	155	25	37
227	156	22	44
234	156	46	20
229	162	23	30
235	158	24	38
232	154	23	25
233	154	23	20
229	153	21	19
225	149	19	18
220	149	20	20
216	151	19	19
210	151	20	28
171	144	25	38
179	133	33	46
187	121	32	48
194	132	33	51
196	126	40	50
202	127	40	48
210	118	42	44
211	118	47	39
220	116	46	36
230	118	44	34
231	116	42	37
236	121	47	29
257	133	30	29
270	123	34	23
268	124	37	22
259	120	34	25
281	122	36	30
232	123	38	21
251	119	55	27
242	115	49	30
237	114	49	30
231	112	57	35
276	110	39	31
248	101	47	42
240	102	54	43
238	99	43	51
231	105	44	42
248	135	29	45
212	126	33	46
258	164	36	29
258	168	26	30
259	163	24	31
239	165	27	29
243	156	20	28
242	155	19	24
236	152	22	31
227	148	26	30
225	153	23	28
219	148	26	29
213	148	24	32
205	147	28	32
209	145	24	30
201	151	27	27
201	149	24	34
198	154	22	31
193	156	22	31
195	158	21	31
193	158	20	31
189	163	20	29
193	154	17	35
194	153	17	37
191	158	22	35
204	119	56	22
208	110	47	22
166	122	41	20
163	127	15	28
168	127	23	27
185	124	20	24
194	124	17	28
197	127	17	26
200	129	16	25
206	133	16	27
207	134	16	28
206	138	20	34
167	175	22	32
183	184	20	38
194	182	20	41
201	193	20	42
242	208	22	41
210	184	20	44
220	189	22	42
237	194	24	46
181	149	35	55
188	149	39	33
206	147	39	36
217	142	33	54
232	138	30	54
233	143	42	44
250	111	37	50
252	90	35	39
248	135	42	29
252	92	35	19
263	122	37	33
235	168	40	30
184	148	35	23
178	143	29	29
181	142	26	24
173	133	22	33
166	127	21	34
162	131	22	34
151	136	28	37
150	141	20	41
139	147	18	40
133	149	18	38
129	151	17	38
126	155	17	36
122	158	18	36
120	160	17	34
118	161	17	35
118	165	17	33
114	167	17	31
153	160	17	46
105	173	33	23
144	155	33	37
144	163	33	64
140	166	27	46
131	171	27	46
127	177	25	46
117	178	27	46
111	179	29	71
108	182	26	67
101	182	26	58
94	182	36	55
97	179	38	55
88	172	37	60
85	169	48	58
85	163	48	56
83	161	42	60
70	158	45	57
68	185	52	54
65	151	43	51
65	137	31	54
125	186	39	46
119	192	44	39
127	193	43	39
125	192	40	33
124	184	43	32
124	177	44	33
132	181	39	43
119	214	44	43
109	224	49	34
110	213	48	36
123	202	41	36
123	201	40	32
115	164	41	50
108	166	45	49
109	170	44	43
127	176	41	33
98	161	38	36
98	167	37	31
102	165	42	34
111	105	41	32
117	100	45	38
130	101	36	42
115	100	35	45
116	103	34	48
128	109	35	58
124	106	41	54
130	128	42	48
131	130	45	48
143	146	47	38
150	128	52	53
152	113	50	41
154	114	41	26
162	121	41	18
170	116	43	23
167	123	49	21
171	121	50	23
188	129	50	23
191	135	43	23
189	145	46	20
205	141	28	38
214	141	24	39
220	147	22	33
213	149	37	26
224	147	29	35
226	150	25	26
234	146	24	39
235	152	25	26
239	149	40	23
231	152	32	38
258	153	48	37
228	153	34	28
246	156	35	28
235	161	29	28
238	164	33	29
230	162	39	23
225	161	44	24
218	165	39	26
218	160	46	28
219	147	67	27
289	144	50	24
277	137	68	23
282	128	58	25
234	86	49	19
197	136	36	21
183	133	44	19
172	129	34	29
174	119	21	36
162	118	22	31
156	111	22	27
146	102	24	35
141	97	19	35
128	95	21	34
122	99	21	27
115	97	24	24
94	97	32	24
92	95	28	28
81	95	32	28
78	99	31	31
68	98	31	31
64	102	31	31
56	106	31	31
46	111	36	36
45	116	38	31
41	171	46	29
55	178	34	36
27	126	29	30
29	137	34	30
33	138	32	32
29	146	33	33
28	148	33	33
29	155	33	33
34	157	30	30
39	161	30	33
41	166	33	36
42	172	37	37
58	177	28	31
58	178	32	29
74	184	23	32
84	186	22	36
99	189	19	38
108	189	17	34
110	192	19	32
128	190	18	31
137	187	18	31
145	188	19	39
158	184	19	39
168	179	19	38
179	175	19	39
186	173	19	40
194	170	19	40
200	166	21	42
209	160	27	35
217	150	31	36
225	149	30	35
235	140	31	32
243	135	37	33
252	123	32	34
258	119	30	30
263	118	34	30
266	106	29	34
263	104	29	31
266	97	36	27
269	91	29	26
271	89	33	22
269	80	24	25
267	78	28	24
267	75	28	24
265	75	33	25
260	68	29	29
250	71	35	25
245	63	35	30
233	56	25	27
235	56	22	29
220	50	24	29
214	52	23	29
210	51	23	28
199	50	25	29
191	52	23	25
187	54	24	27
179	57	22	30
168	58	28	27
162	61	25	32
149	72	36	20
142	76	38	22
139	89	40	22
129	96	40	26
123	119	53	22
113	125	27	26
113	114	33	36
113	121	24	38
107	124	20	41
99	138	20	38
96	145	18	37
94	151	17	33
91	158	16	33
89	160	16	33
88	166	15	31
88	169	16	32
85	172	17	32
84	174	15	31
76	173	19	34
76	218	31	24
78	222	27	27
77	180	29	25
63	158	27	32
63	160	31	33
61	150	31	32
62	146	35	33
62	138	31	35
60	133	32	35
60	130	34	37
61	128	28	40
61	117	30	39
53	112	33	42
68	111	38	43
72	179	43	34
123	203	35	45
123	232	36	27
124	236	28	23
131	225	33	33
130	224	42	35
122	210	36	43
123	202	40	47
120	204	45	45
114	197	44	42
111	183	42	49
120	197	37	44
113	185	37	47
110	183	33	37
111	192	34	32
107	197	27	23
96	193	28	30
93	194	27	29
82	189	30	38
78	188	31	41
68	215	31	30
71	169	37	52
49	226	40	33
52	231	34	28
52	233	34	26
51	234	35	25
49	186	40	39
60	184	40	46
67	189	43	45
53	184	48	55
56	188	52	48
70	199	42	51
53	201	53	37
60	200	56	35
70	201	52	41
69	198	47	43
76	201	53	44
94	206	36	53
73	202	38	35
92	204	45	49
111	211	27	48
90	207	51	38
66	189	38	44
42	236	44	23
45	238	35	21
50	228	36	31
50	227	31	32
52	224	40	35
55	222	32	37
54	211	38	47
48	212	38	45
120	179	32	41
114	168	38	30
65	204	35	38
56	202	45	49
109	153	40	37
101	154	36	41
42	169	39	39
80	144	35	37
93	154	37	41
81	147	39	43
49	191	41	60
49	203	45	50
44	202	41	50
55	201	39	45
44	204	37	52
40	208	41	50
108	212	37	27
95	215	37	21
87	219	38	22
49	220	73	23
42	219	56	33
46	212	40	37
44	200	35	43
42	194	31	39
38	193	32	37
32	193	33	36
24	191	33	37
22	196	35	38
23	200	32	35
24	196	33	33
22	199	32	33
23	199	31	31
19	195	34	34
20	194	36	30
16	191	34	33
24	185	30	38
22	185	37	38
27	178	39	46
30	178	38	44
35	180	36	42
43	180	36	42
46	178	36	42
50	176	35	41
55	173	28	40
64	174	34	45
62	168	33	46
66	168	33	46
69	162	32	42
71	160	36	46
80	160	45	55
81	160	35	41
83	154	38	49
88	154	35	44
88	145	32	45
83	153	46	56
96	144	38	55
101	137	32	49
106	131	34	56
116	128	33	40
111	118	35	46
122	116	32	42
123	111	33	45
124	110	36	37
133	100	36	42
147	90	35	46
148	88	37	42
151	80	38	46
154	79	41	50
166	77	34	45
167	71	36	45
239	114	18	44
224	125	26	26
184	95	31	27
226	89	33	30
179	87	38	29
167	90	40	36
168	88	40	45
171	94	39	45
164	95	38	48
165	93	37	50
166	93	37	49
178	101	34	36
124	85	35	25
139	39	29	67
157	54	28	36
152	58	39	31
166	54	38	32
180	48	36	38
193	48	34	39
209	31	32	41
213	13	27	43
221	8	27	53
229	33	35	43
233	41	34	42
234	55	35	39
241	58	36	45
247	61	30	39
248	63	32	45
268	50	25	48
255	68	32	42
258	77	31	39
261	71	33	45
262	74	32	46
269	72	32	49
276	73	27	47
285	66	24	60
296	30	19	48
282	27	27	53
286	11	22	41
275	2	31	44
272	8	27	46
269	21	23	40
262	24	22	34
244	28	24	33
233	24	27	33
220	30	26	34
209	36	26	33
195	1	26	43
180	0	21	57
157	0	20	27
139	3	19	32
100	45	37	24
89	59	40	20
78	55	62	28
109	71	39	35
109	77	39	34
101	77	37	37
93	85	41	37
87	84	35	36
56	39	28	38
59	42	30	34
52	83	42	40
54	62	38	47
57	93	41	41
59	94	37	37
53	93	37	39
50	72	35	46
52	70	40	46
55	71	34	37
60	70	36	39
67	73	34	40
84	67	27	35
93	68	20	44
100	69	20	39
112	75	20	38
120	74	20	40
131	76	20	41
138	77	19	41
150	74	20	41
160	74	21	42
167	76	25	40
182	73	24	41
191	82	28	46
169	90	72	31
180	94	50	36
181	69	48	53
197	62	46	54
211	57	39	52
225	57	36	43
238	52	33	41
250	50	31	40
253	32	31	44
263	32	29	45
270	47	24	39
276	37	26	42
272	35	27	35
259	69	31	47
281	31	22	41
274	31	24	36
262	33	27	31
256	12	39	34
256	12	44	31
235	71	37	31
240	18	43	35
246	0	41	35
230	9	46	30
227	1	39	39
206	4	47	40
192	33	42	55
173	42	50	56
166	47	56	45
178	51	53	38
173	53	48	36
175	88	44	36
189	104	26	34
190	115	20	34
190	126	17	30
187	129	18	31
188	136	19	29
186	139	19	32
183	145	22	32
184	146	21	33
183	149	21	32
184	154	20	33
184	159	21	31
184	166	20	34
186	166	19	33
190	170	17	32
190	178	18	35
192	185	18	34
193	184	18	34
195	187	17	34
198	192	17	33
199	192	18	33
200	197	18	33
205	202	16	31
209	206	17	32
209	207	18	31
214	209	19	34
215	210	18	34
217	210	19	29
220	210	21	30
221	213	22	31
226	211	22	31
230	209	21	42
232	205	19	40
235	204	19	37
240	201	19	37
242	196	18	36
239	189	19	36
245	189	18	42
244	179	18	60
248	146	27	50
265	144	36	46
247	125	45	26
249	130	42	27
202	142	29	35
193	134	30	47
198	130	38	28
202	113	39	30
218	116	30	34
230	108	28	32
228	105	32	28
237	110	31	29
238	97	30	28
236	85	34	27
235	89	36	28
232	81	42	25
234	79	37	27
207	75	43	25
221	78	41	30
217	68	32	32
209	63	38	35
209	72	30	30
195	53	34	28
197	67	33	38
179	85	43	28
161	110	51	25
167	109	44	26
164	104	37	30
154	120	43	31
151	113	42	28
155	129	36	36
145	134	39	39
135	139	46	42
132	147	45	45
128	160	48	31
125	158	47	35
146	162	29	28
148	168	25	26
145	172	22	35
142	177	26	33
144	185	22	34
142	195	20	34
142	201	18	34
140	206	18	34
138	213	18	37
137	218	17	34
134	222	22	33
130	225	21	33
130	229	20	30
129	235	18	24
124	233	21	26
119	235	24	24
121	238	21	21
121	233	21	26
117	233	21	26
116	231	20	28
116	229	24	28
113	223	18	35
107	220	25	32
98	213	28	32
98	214	29	36
101	212	23	37
71	194	46	29
94	191	33	37
91	185	35	35
89	176	35	35
87	172	38	39
86	167	40	40
83	164	42	39
81	162	44	40
81	154	44	42
85	145	39	45
83	146	36	45
81	140	37	43
70	131	47	48
68	128	50	51
65	126	47	49
63	122	48	55
59	123	45	50
58	126	45	50
62	120	40	47
54	118	42	46
18	128	54	55
71	109	38	47
69	108	43	60
54	106	54	58
46	107	54	50
38	102	52	52
37	115	55	47
37	126	54	51
12	123	58	53
36	132	52	45
5	134	63	47
14	148	58	41
8	157	55	42
91	127	43	45
171	164	26	55
196	229	66	25
146	218	51	35
175	165	21	39
174	173	23	25
175	188	18	32
176	184	17	33
181	183	18	35
176	191	27	23
139	177	22	31
141	179	20	36
159	187	21	36
155	186	32	33
157	191	44	28
158	191	47	26
166	196	55	28
223	142	49	31
244	138	41	22
256	149	45	28
206	135	42	27
183	189	52	27
191	192	46	35
199	187	50	38
209	184	30	52
216	192	36	36
201	179	41	36
248	190	26	35
256	190	23	52
249	153	54	25
258	118	37	22
255	125	42	26
253	125	47	25
207	157	42	30
156	164	32	21
119	149	52	31
98	123	50	48
114	117	38	50
119	105	32	50
126	92	25	49
122	80	31	41
128	69	29	36
128	52	43	43
153	47	56	39
174	129	40	33
167	127	29	29
162	124	22	38
152	117	28	39
138	114	35	38
130	111	39	45
122	113	40	48
104	110	48	53
107	112	42	51
90	113	51	56
62	129	50	58
67	127	48	65
69	124	45	64
78	121	40	60
81	110	40	61
90	101	48	67
94	100	49	67
100	94	58	49
127	91	43	64
140	89	47	68
151	101	46	59
161	102	46	53
171	94	46	53
179	93	40	45
192	109	33	38
191	100	36	35
194	106	35	30
198	144	33	33
196	105	42	23
230	107	41	25
228	128	46	25
217	152	31	34
216	161	33	32
206	124	53	23
223	140	40	35
224	120	45	24
245	135	34	30
246	138	31	23
246	142	31	19
245	140	34	21
247	140	31	29
245	140	34	37
234	139	44	44
243	153	43	37
245	158	42	40
241	186	44	25
236	190	40	33
232	141	40	26
232	148	31	19
231	147	23	20
219	148	48	18
217	185	51	31
186	146	39	20
175	145	28	22
164	137	34	25
148	134	30	22
133	130	25	26
94	164	37	30
78	153	45	35
70	147	40	34
59	104	54	64
67	84	36	62
63	78	29	51
84	130	49	50
63	203	45	41
79	137	45	36
77	134	43	46
54	191	45	50
70	128	36	36
81	134	36	38
74	135	38	35
77	144	32	38
75	138	32	33
75	141	32	32
72	139	31	32
53	137	35	37
58	147	35	35
5	109	32	37
14	94	35	49
17	97	42	57
27	106	36	54
37	117	39	54
52	122	37	53
62	133	47	59
84	141	39	55
99	143	26	68
101	149	36	46
108	151	43	61
140	156	59	54
159	159	44	54
177	160	31	52
187	175	41	58
197	160	46	68
212	171	35	50
226	154	33	57
245	172	33	43
249	157	35	43
247	155	45	36
261	160	42	29
275	154	37	29
263	136	44	30
265	130	40	38
280	114	39	53
292	124	53	54
298	138	47	40
285	110	58	59
287	135	55	44
298	142	47	30
306	120	39	47
303	146	42	35
