0.039945
0.232775
0.142253
0.177987
0.184807
0.150479
0.146512
0.165637
0.165765
0.143004
0.165543
0.196037
0.155713
0.145813
0.179064
0.163033
0.227490
0.227441
0.220717
0.180215
0.206730
0.182678
0.197952
0.188803
0.202640
0.201443
0.172150
0.158620
0.160583
0.146305
0.147187
0.168553
0.158075
0.181617
0.169698
0.162860
0.148422
0.126977
0.188431
0.169477
0.199979
0.181432
0.157842
0.179123
0.157214
0.164081
0.171646
0.157160
0.170115
0.166228
0.182338
0.172293
0.179671
0.168082
0.172798
0.175053
0.164819
0.171576
0.144451
0.162680
0.184991
0.218581
0.195695
0.200372
0.182359
0.190733
0.173485
0.155086
0.224101
0.159382
0.156243
0.174570
0.199768
0.168272
0.166028
0.162493
0.152130
0.145370
0.175650
0.203935
0.199228
0.167010
0.174150
0.183735
0.158962
0.174634
0.193220
0.189379
0.175621
0.194480
0.178394
0.156920
0.158158
0.230526
0.154674
0.196289
0.144824
0.180943
0.171680
0.197369
0.155479
0.184494
0.198591
0.205825
0.165052
0.144907
0.155900
0.151790
0.164662
0.191618
0.181984
0.168136
0.175534
0.174247
0.178793
0.168241
0.175157
0.160177
0.200023
0.157032
0.191748
0.190781
0.157185
0.188718
0.205814
0.159209
0.175319
0.133658
0.151374
0.150774
0.158408
0.124714
0.170068
0.178948
0.188134
0.166382
0.120867
0.146131
0.170050
0.193544
0.161103
0.121468
0.165970
0.187823
0.189149
0.172315
0.178603
0.176103
0.162362
0.156094
0.164326
0.187063
0.179290
0.166625
0.147359
0.170677
0.167445
0.160976
0.150952
0.190996
0.149585
0.157549
0.193860
0.174650
0.232837
0.220891
0.186821
0.189934
0.128549
0.139129
0.135303
0.155513
0.148180
0.212292
0.172298
0.185405
0.168938
0.168490
0.155478
0.165333
0.170211
0.177919
0.178756
0.192588
0.187478
0.163746
0.205286
0.149048
0.171978
0.163546
0.173476
0.166482
0.157988
0.168655
0.161794
0.166588
0.153259
0.142287
0.144378
0.176332
0.135890
0.172410
0.185211
0.155435
0.172709
0.151594
0.161727
0.197736
0.193529
0.213810
0.197526
0.175014
0.184085
0.170786
0.204818
0.186674
0.201011
0.191015
0.151828
0.160366
0.147691
0.192707
0.154273
0.187720
0.211736
0.212849
0.179279
0.219666
0.179680
0.199206
0.159212
0.147393
0.149655
0.155904
0.196905
0.191288
0.197926
0.172719
0.189236
0.211082
0.204051
0.166761
0.191606
0.187320
0.166360
0.169125
0.200310
0.185669
0.164902
0.188432
0.144588
0.171887
0.167046
0.145520
0.185084
0.194869
0.147446
0.210020
0.180542
0.172183
0.162427
0.153169
0.158925
0.189006
0.164954
0.193019
0.159263
0.174260
0.151090
0.142625
0.141633
0.164980
0.158642
0.143255
0.153443
0.155540
0.172282
0.160418
0.158450
0.201067
0.204609
0.239445
0.197613
0.169708
0.161768
0.186472
0.178711
0.202308
0.168808
0.173161
0.168456
0.165986
0.147816
0.157738
0.130399
0.129731
0.169590
0.186929
0.142624
0.147573
0.180717
0.179444
0.194861
0.127901
0.144899
0.150889
0.160353
0.139529
0.155095
0.180243
0.172339
0.133100
0.125006
0.143266
0.115348
0.130518
0.127468
0.156800
0.138602
0.151340
0.152991
0.210385
0.161481
0.172009
0.158806
0.145123
0.122988
0.195623
0.171864
0.163115
0.160125
0.156289
0.192794
0.138602
0.169978
0.155655
0.159526
0.180556
0.174917
0.179564
0.154909
0.137195
0.148257
0.183533
0.155335
0.143370
0.179368
0.175590
0.167538
0.192336
0.146895
0.168364
0.157661
0.150541
0.145858
0.153419
0.159955
0.124076
0.153776
0.134671
0.157086
0.153151
0.153229
0.156452
0.159612
0.161337
0.208098
0.187941
0.185428
0.177573
0.152734
0.153440
0.168797
0.181142
0.147579
0.138403
0.137469
0.143532
0.131291
0.185313
0.175328
0.161387
0.152765
0.141649
0.178326
0.154610
0.176787
0.211835
0.166283
0.163415
0.156809
0.201249
0.199248
0.141174
0.204034
0.170956
0.148051
0.147997
0.155767
0.153965
0.157742
0.146793
0.128312
0.162503
0.159920
0.110734
0.158714
0.155293
0.145809
0.123026
0.138835
0.135182
0.108740
0.136888
0.185114
0.165853
0.185393
0.161306
0.153114
0.164390
0.180322
0.208205
0.161379
0.192735
0.256014
0.244778
0.217508
0.224557
0.196865
0.190220
0.160969
0.162147
0.158298
0.202281
0.153115
0.206872
0.187764
0.160248
0.189106
0.180026
0.173793
0.203444
0.166938
0.133733
0.158591
0.187930
0.156317
0.176081
0.149241
0.142168
0.163741
0.137305
0.108570
0.168374
0.153249
0.141150
0.181180
0.144984
0.133965
0.149825
0.222527
0.168005
0.163092
0.173880
0.181273
0.191033
0.184971
0.187903
0.208919
0.161150
0.178529
0.154626
0.143431
0.156694
0.187399
0.180252
0.162948
0.168360
0.145347
0.160173
0.186237
0.169559
0.189885
0.195282
0.195349
0.152197
0.150220
0.166093
0.183723
0.151653
0.159230
0.159940
0.151201
0.190258
0.166038
0.172188
0.192231
0.128854
0.222782
0.186500
0.174802
0.178770
0.224647
0.175208
0.188906
0.189400
0.160624
0.146301
0.146564
0.127637
0.174070
0.176197
0.166756
0.172024
0.138750
0.162871
0.161129
0.165313
0.166392
0.157433
0.205805
0.190465
0.184183
0.191290
0.143194
0.190005
0.212866
0.170730
0.148483
0.165334
0.165745
0.128237
0.124866
0.110763
0.098464
0.108382
0.086195
0.107633
0.096359
0.085858
0.102425
0.081308
0.091584
0.107798
0.093515
0.111668
0.163011
0.178413
0.165197
0.168860
0.164491
0.166045
0.186759
0.227975
0.226933
0.138264
0.178232
0.188257
0.220349
0.211371
0.148180
0.171946
0.099242
0.152605
0.123059
0.170169
0.133315
0.164148
0.154179
0.179828
0.161863
0.189715
0.171838
0.151088
0.172343
0.160748
0.172851
0.167215
0.137491
0.162935
0.138750
0.164137
0.122848
0.181821
0.218145
0.166972
0.183070
0.177237
0.126542
0.133116
0.127872
0.186175
0.168801
0.159898
0.162866
0.120595
0.180293
0.158010
0.146224
0.175895
0.152431
0.173583
0.156535
0.171323
0.144704
0.176412
0.145441
0.203738
0.157285
0.122812
0.136865
0.153430
0.145501
0.180538
0.150094
0.187290
0.169671
0.184811
0.153585
0.147355
0.190537
0.142007
0.207371
0.151536
0.151354
0.185221
0.199778
0.195626
0.197350
0.165081
0.182964
0.184743
0.163096
0.184053
0.186699
0.161781
0.176215
0.162135
0.156250
0.165069
0.152628
0.152653
0.152643
0.128799
0.196106
0.191815
0.188715
0.145096
0.160255
0.149046
0.164149
0.152208
0.158098
0.166048
0.144110
0.147530
0.173407
0.178406
0.145332
0.133448
0.157575
0.155659
0.173533
0.151493
0.176760
0.133634
0.152238
0.148734
0.165019
0.179759
0.188608
0.152951
0.178551
0.182026
0.168436
0.176411
0.190977
0.164859
0.164055
0.155117
0.182044
0.184871
0.188066
0.159754
0.192142
0.187748
0.165867
0.185277
0.194075
0.169388
0.168670
0.152894
0.190088
0.175150
0.144549
0.178894
0.176424
0.193215
0.160994
0.164524
0.151456
0.146830
0.113731
0.156912
0.182927
0.148352
0.158059
0.167718
0.212146
0.163763
0.178082
0.168719
0.138160
0.179892
0.170580
0.148466
0.189723
0.201510
0.142134
0.175663
0.175688
0.172424
0.162883
0.154218
0.154683
0.183895
0.142051
0.180763
0.195951
0.140611
0.126559
0.189735
0.162276
0.166843
0.152579
0.144692
0.166245
0.195266
0.205431
0.165637
0.178336
0.157358
0.182093
0.219570
0.156294
0.174321
0.175970
0.140307
0.198323
0.157428
0.143169
0.127483
0.138079
0.152901
0.157490
0.152057
0.151975
0.128563
0.134434
0.133948
0.144815
0.169631
0.171493
0.128401
0.153962
0.150134
0.123583
0.135852
0.138367
0.153456
0.147686
0.139577
0.131797
0.137440
0.151902
0.135513
0.136538
0.137364
0.147866
0.153416
0.131337
0.137506
0.168067
0.176193
0.146573
0.154704
0.153489
0.157429
0.148708
0.132807
0.138716
0.127987
0.144132
0.136925
0.154052
0.145872
0.159012
0.148773
0.130540
0.145520
0.147522
0.157683
0.169303
0.126817
0.151838
0.140867
0.156510
0.157970
0.139024
0.171785
0.153494
0.127188
0.144077
0.141165
0.158764
0.161845
0.138914
0.142285
0.152273
0.125073
0.140515
0.158684
0.143202
0.136382
0.141100
0.162612
0.144934
0.144387
0.143309
0.146502
0.192113
0.132550
0.135847
0.134969
0.143052
0.134659
0.148128
0.154959
0.138969
0.161138
0.155364
0.161066
0.200751
0.209682
0.207614
0.163160
0.227601
0.163885
0.202343
0.227983
0.174231
0.192518
0.140600
0.155998
0.158201
0.143958
0.136562
0.157749
0.182337
0.143169
0.144359
0.141403
0.151382
0.138443
0.151401
0.155751
0.156353
0.139334
0.149661
0.147146
0.146059
0.160430
0.158252
0.150798
0.153046
0.167455
0.159703
0.152961
0.145382
0.128593
0.144031
0.133884
0.146516
0.140500
0.167176
0.153303
0.165051
0.152373
0.140413
0.151455
0.136551
0.155549
0.176199
0.156360
0.175387
0.157245
0.169868
0.139194
0.163406
0.144495
0.142503
0.138506
0.149616
0.177374
0.150640
0.163174
0.155019
0.156670
0.160985
0.159294
0.167635
0.129542
0.154541
0.165545
0.152232
0.202387
0.213816
0.142412
0.164150
0.160957
0.155978
0.165364
0.155373
0.173846
0.201077
0.158658
0.153099
0.179171
0.230524
0.204459
0.172065
0.173303
0.180907
0.199804
0.180797
0.162416
0.111716
0.142709
0.139828
0.178487
0.160668
0.166871
0.141351
0.163666
0.178947
0.156253
0.154546
0.177327
0.164824
0.168603
0.206325
0.166547
0.164274
0.179060
0.170583
0.167502
0.193910
0.165187
0.177641
0.140699
0.159948
0.138287
0.154109
0.167624
0.142947
0.123691
0.143098
0.144742
0.158728
0.172824
0.173978
0.161877
0.181844
0.171804
0.180227
0.186231
0.176162
0.196768
0.154953
0.185558
0.154886
0.175494
0.195782
0.146538
0.162632
0.167074
0.175380
0.154583
0.165015
0.155028
0.144971
0.204946
0.170020
0.147740
0.114432
0.139951
0.171266
0.140549
0.158418
0.165929
0.165918
0.179640
0.180293
0.202618
0.137393
0.171376
0.161840
0.190427
0.187015
0.174313
0.147383
0.136407
0.157538
0.138677
0.158230
0.136541
0.148366
0.165882
0.167665
0.154297
0.160860
0.175076
0.173368
0.152986
0.134763
0.182731
0.171902
0.140478
0.172740
0.147288
0.141134
0.139047
0.142304
0.166812
0.163949
0.150736
0.143248
0.183219
0.159722
0.153924
0.194267
0.156391
0.154329
0.154737
0.156676
0.147381
0.159608
0.143200
0.172096
0.192751
0.226672
0.229025
0.226165
0.256743
0.174540
0.164851
0.194759
0.176430
0.186090
0.174754
0.210314
0.214126
0.191317
0.219369
0.196318
0.212064
0.237651
0.206274
0.218827
0.168789
0.177517
0.205719
0.203682
0.187434
0.140370
0.190458
0.168852
0.161664
0.173826
0.163264
0.188182
0.211624
0.197887
0.172016
0.187070
0.161945
0.161294
0.164443
0.163640
0.158352
0.248461
0.167099
0.170411
0.200790
0.205982
0.181647
0.204603
0.226066
0.195787
0.174371
0.168584
0.180201
0.189159
0.166814
0.159899
0.168135
0.178170
0.219615
0.184934
0.154680
0.180930
0.201697
0.193496
0.188131
0.160910
0.188351
0.151595
0.160281
0.210684
0.185896
0.153352
0.157470
0.161931
0.156805
0.186363
0.183866
0.172082
0.165451
0.209183
0.189937
0.201861
0.223907
0.192749
0.165266
0.201912
0.162256
0.192435
0.134832
0.170352
0.164655
0.167219
0.143022
0.164302
0.131399
0.178845
0.157904
0.170544
0.200444
0.158561
0.155653
0.150119
0.207729
0.176489
0.144738
0.181059
0.202626
0.169773
0.218118
0.141079
0.150527
0.154299
0.170112
0.153140
0.157212
0.171401
0.150070
0.151284
0.190495
0.218659
0.164378
0.157701
0.147325
0.148905
0.175756
0.178803
0.161698
0.153052
0.154778
0.170878
0.129148
0.142185
0.135507
0.165077
0.172572
0.174161
0.229762
0.175112
0.155557
0.174124
0.181446
0.163091
0.196125
0.172848
0.179884
0.164353
0.151744
0.200449
0.178351
0.172518
0.167786
0.152617
0.142272
0.150410
0.192918
0.157531
0.166226
0.185586
0.151060
0.176575
0.197632
0.197429
0.166353
0.151609
0.162242
0.169551
0.145500
0.193381
0.187508
0.150987
0.155605
0.186344
0.189649
0.152215
0.168042
0.169558
0.173628
0.166250
0.159601
0.163208
0.157620
0.182299
0.188406
0.145670
0.137111
0.149343
0.207877
0.175346
0.143107
0.171758
0.178779
0.172925
0.164901
0.145499
0.133987
0.151471
0.180769
0.213905
0.177712
0.182899
0.184345
0.208663
0.197258
0.207138
0.203130
0.217885
0.218261
0.204999
0.169970
0.188318
0.193313
0.180937
0.190067
0.174848
0.173190
0.143037
0.148851
0.149744
0.137451
0.155487
0.197626
0.166640
0.182463
0.129427
0.131281
0.137600
0.176567
0.164148
0.214680
0.192225
0.161762
0.211879
0.156645
0.168823
0.188514
0.144371
0.142611
0.167013
0.172817
0.171832
0.153163
0.156173
0.168928
0.177100
0.184247
0.127875
0.147010
0.153783
0.138974
0.189407
0.178521
0.172122
0.168420
0.150263
0.134882
0.175102
0.204604
0.163315
0.192267
0.206431
0.164738
0.142061
0.137681
0.189867
0.168244
0.160313
0.168745
0.166271
0.170234
0.155372
0.193293
0.184554
0.204492
0.169324
0.197911
0.138322
0.171929
0.162157
0.171771
0.182611
0.186152
0.180141
0.162827
0.170826
0.167862
0.187144
0.171592
0.142014
0.166523
0.134272
0.194232
0.152261
0.154874
0.157927
0.156870
0.138398
0.170039
0.139493
0.167232
0.184479
0.183867
0.158416
0.194293
0.198040
0.183492
0.163368
0.168476
0.177377
0.202385
0.147325
0.199799
0.181405
0.184957
0.187507
0.180603
0.154798
0.144148
0.172359
0.172760
0.177952
0.137090
0.149135
0.158638
0.200399
0.178128
0.186227
0.177494
0.156950
0.147858
0.146794
0.156971
0.176660
0.178528
0.184646
0.179663
0.185725
0.179743
0.194324
0.211762
0.171045
0.201684
0.173435
0.147480
0.140803
0.158491
0.151787
0.179810
0.169767
0.161856
0.162994
0.158709
0.156852
0.159615
0.169450
0.160619
0.210561
0.172556
0.203906
0.212873
0.149514
0.155815
0.198887
0.202032
0.132165
0.183306
0.155765
0.153611
0.164826
0.153738
0.184105
0.166272
0.231250
0.188462
0.187285
0.164002
0.147466
0.125796
0.165889
0.159728
0.138489
0.199241
0.175902
0.152938
0.144502
0.190965
0.150055
0.187798
0.142586
0.134896
0.175080
0.211873
0.169676
0.174152
0.205363
0.182695
0.180152
0.205037
0.177980
0.200304
0.200627
0.180017
0.225358
0.199167
0.202248
0.149735
0.172675
0.177825
0.149574
0.180602
0.163593
0.180181
0.185987
0.192310
0.212952
0.190871
0.170776
0.188012
0.185240
0.173520
0.145877
0.177366
0.168630
0.166864
0.169883
0.176484
0.215642
0.171463
0.186583
0.184494
0.149422
0.165593
0.162601
0.154151
0.146880
0.172968
0.185317
0.182592
0.164514
0.166099
0.148692
0.192843
0.187916
0.185667
0.218321
0.199075
0.175404
0.166615
0.183362
0.164519
0.180670
0.168220
0.166590
0.177000
0.163360
0.186425
0.202525
0.182219
0.179365
0.175159
0.185705
0.176027
0.212148
0.148642
0.166246
0.147496
0.143878
0.158229
0.162774
0.167325
0.175332
0.162747
0.145806
0.166694
0.154452
0.162621
0.164803
0.156260
0.150885
0.158702
0.178910
0.159119
0.161341
0.190863
0.168494
0.148175
0.153733
0.156251
0.142089
0.156102
0.153104
0.140875
0.169708
0.183419
0.166950
0.160148
0.186364
0.167309
0.160791
0.135980
0.170645
0.176081
0.177734
0.177503
0.192299
0.171850
0.180772
0.181979
0.167987
0.165210
0.193017
0.149562
0.141391
0.146024
0.170848
0.153155
0.127676
0.153448
0.149414
0.175560
0.188096
0.185058
0.173070
0.140649
0.162575
0.172822
0.158736
0.189095
0.154697
0.195142
0.155732
0.152039
0.190866
0.185808
0.231532
0.189057
0.178622
0.184474
0.188489
0.169400
0.157346
0.139401
0.146966
0.153342
0.156794
0.143455
0.166165
0.162692
0.141329
0.155917
0.144022
0.192452
0.150715
0.162545
0.147585
0.151148
0.133992
0.114928
0.188498
0.138947
0.138167
0.141463
0.140478
0.138216
0.140724
0.136873
0.173076
0.175802
0.171727
0.183451
0.167507
0.179919
0.144560
0.178718
0.177305
0.206468
0.186024
0.155624
0.169308
0.185626
0.218206
0.184045
0.178575
0.174974
0.183587
0.170959
0.162298
0.157236
0.144141
0.189297
0.203905
0.163990
0.251928
0.184360
0.215081
0.162587
0.191283
0.187900
0.217057
0.210210
0.198579
0.234767
0.232090
0.206055
0.209061
0.197842
0.215201
0.210623
0.235140
0.181570
0.195988
0.141876
0.161090
0.165393
0.165348
0.213863
0.181456
0.171634
0.127584
0.168020
0.180857
0.172572
0.150359
0.187732
0.158303
0.200322
0.151829
0.168353
0.155741
0.194026
0.134395
0.144670
0.217985
0.147300
0.156284
0.162497
0.192550
0.184599
0.173797
0.161181
0.159279
0.178006
0.160146
0.153514
0.174141
0.158708
0.164410
0.166150
0.177173
0.162310
0.150060
0.141521
0.176262
0.191724
0.155040
0.161825
0.142423
0.160002
0.149061
0.168058
0.150627
0.156209
0.169717
0.154398
0.158240
0.157238
0.148416
0.182967
0.169335
0.174598
0.200027
0.164861
0.146938
0.223298
0.201293
0.182584
0.169441
0.156913
0.179402
0.178378
0.177524
0.197366
0.186367
0.183129
0.200163
0.174443
0.138806
0.192031
0.157454
0.151507
0.163202
0.164210
0.156889
0.174247
0.171022
0.158257
0.143505
0.164510
0.151058
0.179082
0.162950
0.195034
0.187779
0.177799
0.163003
0.135988
0.133214
0.154766
0.170525
0.150289
0.147235
0.164988
0.199712
0.138575
0.177424
0.130681
0.176248
0.180121
0.131603
0.184122
0.188952
0.169335
0.155009
0.159909
0.148422
0.173064
0.215284
0.199687
0.173710
0.169429
0.157941
0.176597
0.154515
0.151230
0.181731
0.171734
0.146159
0.159274
0.136280
0.142885
0.136081
0.174853
0.161080
0.184222
0.160466
0.193851
0.171900
0.178120
0.219589
0.193370
0.166986
0.159495
0.196339
0.164510
0.220010
0.194659
0.197461
0.183395
0.172303
0.214813
0.155523
0.159837
0.159575
0.200706
0.178051
0.170232
0.176610
0.157019
0.190817
0.195286
0.196657
0.172835
0.167088
0.149737
0.180962
0.154315
0.165841
0.200397
0.205903
0.155663
0.222699
0.163633
0.167018
0.189266
0.159952
0.149393
0.143703
0.135640
0.167464
0.149699
0.137636
0.167996
0.162612
0.165458
0.199300
0.236760
0.194937
0.221545
0.198642
0.195465
0.253616
0.193260
0.197951
0.191873
0.169255
0.177180
0.168226
0.162285
0.163939
0.189448
0.134005
0.146155
0.171737
0.127097
0.166399
0.151509
0.168898
0.160945
0.135048
0.181735
0.151105
0.178202
0.142129
0.174603
0.159478
0.171491
0.141626
0.152954
0.173932
0.166552
0.152435
0.198316
0.200922
0.218061
0.142092
0.192482
0.187226
0.185787
0.170472
0.191430
0.225128
0.189896
0.187199
0.201917
0.160581
0.183761
0.180953
0.171656
0.230842
0.152141
0.160779
0.141241
0.164948
0.172399
0.146459
0.180193
0.178660
0.157854
0.156260
0.169384
0.184696
0.207794
0.145785
0.170454
0.166369
0.230310
0.171390
0.138310
0.186095
0.168874
0.181443
0.171682
0.199702
0.149994
0.196151
0.150056
0.159893
0.151988
0.158116
0.159362
0.198742
0.173829
0.156626
0.189328
0.138452
