120	90	38	54
122	96	37	51
126	99	37	52
131	103	38	54
142	106	36	57
157	109	35	57
172	112	36	56
190	115	34	56
209	117	30	55
226	120	30	50
244	118	29	50
255	115	32	46
268	112	33	44
277	109	33	41
282	104	34	39
286	102	35	40
286	100	35	38
288	98	36	40
285	101	37	38
281	105	37	39
274	107	39	39
266	112	38	40
254	116	38	42
237	119	40	45
221	117	40	49
201	119	48	52
184	116	48	53
166	112	49	55
149	105	50	55
137	99	47	56
127	94	46	57
118	89	44	55
115	86	44	56
115	86	38	52
117	84	40	57
118	90	43	54
127	93	43	54
138	98	43	54
155	104	39	57
175	111	35	57
195	116	31	57
215	122	28	54
232	124	29	55
248	125	26	55
260	122	29	56
269	117	29	51
275	114	32	47
279	109	32	52
279	105	28	46
275	103	33	45
269	103	32	49
262	106	32	46
255	111	27	47
247	116	23	48
233	121	21	49
217	124	21	50
199	127	23	49
180	127	23	45
160	125	28	45
142	123	33	44
127	119	36	44
116	114	39	46
106	109	44	41
100	105	46	39
97	104	48	36
99	104	45	37
103	102	46	38
107	105	48	38
114	109	49	40
126	115	50	41
140	119	47	45
163	122	46	48
184	125	45	51
204	126	44	52
221	126	46	53
242	124	44	53
260	122	41	52
276	118	38	49
287	112	40	58
295	107	38	64
298	102	38	63
299	100	39	63
300	98	40	54
294	102	37	48
288	104	37	61
279	108	40	63
268	115	34	48
254	120	30	46
237	125	29	43
219	128	27	47
196	129	29	49
170	128	35	51
147	123	38	56
125	118	44	55
109	112	45	56
94	107	47	55
85	105	46	52
77	99	42	54
74	97	37	53
73	96	37	50
76	99	38	49
80	104	41	49
90	108	40	50
101	114	40	50
119	119	36	49
137	126	35	49
155	131	37	52
174	133	41	53
192	135	45	54
209	133	45	54
226	133	47	53
242	131	43	52
260	129	38	47
275	125	31	47
283	124	32	47
286	122	36	44
286	122	42	42
286	121	39	39
278	121	33	39
273	127	32	34
267	129	33	35
259	132	36	37
246	135	40	41
233	137	44	45
220	137	40	46
209	138	31	47
197	134	26	49
181	130	27	49
166	127	33	46
149	123	42	45
133	118	49	44
129	118	51	42
127	113	51	41
126	115	50	41
130	116	44	45
133	117	45	48
143	119	39	53
158	124	32	55
174	128	27	57
189	135	25	57
206	141	27	54
221	146	31	51
237	150	34	48
250	151	38	49
263	150	39	46
275	147	38	43
284	144	37	38
290	140	37	37
297	133	32	37
298	131	34	32
301	127	30	34
302	125	26	39
300	124	23	39
297	125	18	39
292	127	19	40
280	128	22	42
265	131	29	43
252	133	33	44
233	137	39	44
217	137	42	45
203	136	43	45
187	133	42	45
174	130	41	45
160	122	39	46
147	113	38	49
135	107	36	52
126	101	34	58
118	98	36	59
117	95	35	59
114	93	36	61
117	91	39	65
125	96	41	65
135	101	41	67
149	110	42	66
167	119	45	64
187	126	43	61
206	133	45	58
227	138	41	54
242	142	40	48
256	142	41	45
267	142	39	41
277	139	37	38
282	133	35	37
286	129	35	34
289	125	33	32
290	120	33	33
288	118	31	30
287	116	31	33
284	117	32	30
277	115	31	31
272	116	31	32
262	120	29	35
255	122	27	39
242	124	26	41
230	128	24	43
219	129	22	44
204	133	22	45
190	131	24	50
176	130	26	49
162	125	30	50
148	123	36	50
137	117	42	49
127	114	47	52
125	110	50	48
123	108	54	48
128	109	52	49
133	110	56	50
143	113	55	50
160	117	50	54
176	121	48	56
193	123	47	57
210	128	46	55
225	129	44	54
241	129	41	52
253	128	37	49
265	124	32	47
273	123	30	44
277	120	31	40
281	114	28	39
282	110	30	37
281	107	29	33
280	103	30	33
276	102	31	32
273	105	31	33
269	107	31	33
264	112	30	29
255	117	31	27
252	123	29	30
245	126	27	36
236	130	24	39
224	135	20	42
212	136	21	47
198	137	21	52
182	134	25	56
164	130	30	60
149	124	37	66
134	117	47	68
122	113	57	69
121	106	61	69
122	100	62	70
126	94	69	75
133	99	70	69
143	103	70	63
158	110	66	63
178	117	56	62
196	127	48	58
216	134	41	55
233	140	32	51
248	141	25	50
262	143	19	48
272	140	16	46
280	138	16	43
284	131	17	41
283	126	20	43
286	121	22	39
284	117	25	35
285	112	25	31
282	110	26	31
280	108	26	26
279	109	24	24
279	111	22	25
277	113	18	25
273	115	15	26
266	121	18	26
259	126	19	30
249	131	24	33
238	135	30	38
228	138	36	43
217	139	41	45
208	139	41	47
202	138	38	47
197	134	34	51
195	129	29	50
189	124	36	49
189	117	40	46
187	112	46	45
189	112	48	44
194	114	49	42
201	114	52	46
210	115	50	50
223	119	50	51
238	127	43	50
252	134	38	49
267	138	29	45
275	142	23	41
282	142	19	37
287	139	16	32
289	133	17	32
289	130	18	28
290	124	19	28
286	120	22	27
283	114	24	25
281	112	25	23
277	109	27	26
275	108	27	27
267	108	29	24
263	111	29	29
255	115	27	32
251	119	23	35
247	125	17	37
240	130	15	39
230	136	18	41
219	138	24	43
205	139	33	46
192	137	39	47
181	134	47	46
177	129	54	45
172	123	57	47
176	114	57	48
180	103	56	54
184	98	58	63
194	99	56	61
206	89	54	74
224	101	47	64
235	109	44	59
250	118	37	56
262	122	31	55
272	129	26	50
279	133	22	46
286	135	19	42
290	133	17	41
291	131	18	36
291	124	17	32
290	119	18	32
288	115	20	29
286	110	19	26
282	105	19	25
279	102	21	25
276	102	21	28
269	100	25	27
261	101	25	28
254	103	27	29
245	104	31	33
236	106	33	36
227	108	37	41
219	108	39	44
212	110	40	46
203	109	45	49
198	106	48	51
194	105	52	50
191	101	56	53
195	97	55	57
199	88	57	62
206	85	56	60
220	85	50	59
233	85	49	55
250	83	40	58
266	85	32	58
280	101	27	51
290	106	23	51
298	113	21	50
303	117	20	50
305	120	19	42
306	119	20	47
303	118	20	43
299	114	21	40
296	110	22	38
290	107	24	33
285	104	26	32
276	103	29	29
269	102	31	23
264	103	29	25
258	104	29	26
248	108	28	24
243	111	25	28
236	115	22	29
228	120	20	32
219	123	16	36
209	128	17	40
196	129	22	46
184	130	30	51
175	129	37	57
164	127	47	60
162	125	54	64
161	119	59	68
164	119	66	66
167	114	73	68
175	111	75	71
193	116	65	63
211	108	56	65
231	116	46	55
251	115	33	54
271	117	23	54
282	121	20	53
288	124	22	53
291	127	26	49
298	130	25	48
294	126	31	46
294	123	32	41
291	120	35	38
291	116	34	33
291	111	28	28
288	110	27	27
287	110	21	28
283	109	17	26
275	109	17	26
270	112	19	26
261	114	24	27
252	117	28	32
243	117	31	36
234	119	34	38
227	121	32	39
222	120	30	41
218	122	25	39
214	121	23	41
213	121	26	40
211	120	31	40
212	119	36	40
213	116	41	38
222	113	36	41
234	112	39	41
241	110	42	45
254	112	41	47
270	117	36	46
286	118	31	47
302	123	24	46
311	127	20	42
317	127	20	39
319	128	22	35
318	123	25	33
320	121	25	32
320	119	25	32
316	117	29	31
314	114	31	33
310	114	30	31
306	113	28	30
299	113	27	29
292	116	27	31
286	116	26	31
278	120	19	33
269	122	14	35
258	124	14	36
241	126	19	39
225	129	28	39
207	129	32	39
192	129	39	40
181	127	42	39
172	125	42	37
164	123	44	37
161	121	43	37
156	116	44	40
158	114	43	45
161	113	41	50
167	113	39	54
175	117	36	53
191	120	27	56
203	127	24	57
217	131	21	56
231	139	21	54
242	144	23	51
252	146	25	45
261	146	29	42
269	146	28	35
274	142	29	32
278	138	29	31
282	131	29	32
280	126	31	31
281	123	30	29
280	119	30	30
279	114	27	33
277	114	29	30
273	114	26	33
268	115	27	33
264	118	25	34
260	119	23	34
256	121	21	33
250	123	18	35
244	126	17	36
237	126	15	37
231	127	16	38
223	123	18	38
217	121	21	38
210	117	25	38
208	115	26	36
203	113	31	32
204	114	29	31
200	113	35	33
203	114	32	33
205	115	36	35
211	118	34	36
220	120	33	36
229	123	31	34
238	125	30	34
246	125	29	34
255	125	29	34
265	127	26	34
274	126	23	33
278	124	26	31
284	123	23	29
290	121	22	29
292	119	23	27
299	116	19	28
301	114	21	27
298	114	24	24
303	112	24	28
305	115	21	30
302	118	19	26
300	121	20	26
298	126	16	23
292	128	14	22
285	129	14	23
279	131	14	25
266	133	14	24
254	132	15	27
242	129	16	33
228	127	20	37
215	124	23	41
200	119	28	42
188	115	32	44
177	110	36	45
166	104	38	46
159	101	39	48
152	96	42	48
153	93	44	44
157	92	45	43
160	94	46	44
166	97	48	43
180	100	44	42
194	105	40	44
210	113	35	43
224	123	29	43
240	129	21	44
254	134	18	42
265	138	15	41
272	138	14	40
278	137	14	40
282	133	15	36
281	130	17	35
279	126	19	33
277	121	23	30
275	116	24	26
274	114	23	25
271	112	24	25
267	111	22	24
266	110	20	24
259	110	20	22
258	114	17	24
250	118	15	24
240	122	16	25
231	127	18	27
221	131	20	32
209	135	26	36
197	135	32	39
187	137	36	43
175	137	41	45
164	133	44	48
158	130	39	49
153	124	37	51
150	119	34	53
147	116	37	53
144	109	45	53
147	109	49	53
146	106	56	53
154	107	58	56
164	105	60	62
175	112	61	63
196	117	54	61
209	122	53	57
225	126	47	55
239	128	42	53
251	132	33	49
261	132	25	45
268	132	19	40
270	132	18	36
270	131	17	30
270	129	17	27
269	124	17	26
268	119	18	26
265	114	18	24
261	111	22	22
258	108	24	24
254	107	25	21
249	107	26	24
243	105	27	24
239	108	28	28
229	113	27	28
225	115	23	31
219	120	22	32
215	123	19	35
209	128	17	37
204	131	16	37
196	134	18	37
188	133	22	42
182	131	28	44
176	128	38	45
172	127	44	43
174	121	47	44
178	110	48	49
184	101	47	62
185	97	55	68
194	105	59	61
206	108	56	60
215	117	55	55
224	123	55	52
232	127	50	52
242	133	44	52
251	136	41	51
262	136	32	51
261	138	35	43
263	137	34	38
265	131	31	37
266	128	28	35
266	126	25	29
265	122	24	28
265	120	22	27
260	118	20	26
256	119	19	25
253	121	18	25
244	123	17	25
237	126	17	25
227	127	17	29
218	131	18	30
203	134	23	32
189	137	25	34
172	137	31	38
161	138	34	44
142	135	38	48
127	133	41	52
109	130	44	55
90	127	50	58
73	125	54	65
62	124	53	63
49	122	45	66
40	118	43	69
32	118	46	68
28	117	53	60
33	116	55	69
42	118	56	68
57	118	55	70
74	119	54	67
91	120	54	70
116	125	50	72
137	131	54	72
158	137	51	69
172	139	53	68
186	138	53	64
202	135	47	59
208	131	47	57
215	126	43	53
219	120	41	48
222	115	37	40
218	114	40	34
