171	102	54	43
186	104	68	52
275	73	64	62
261	108	43	36
203	118	65	31
175	107	60	46
186	109	60	47
198	112	43	30
233	110	60	29
178	111	43	28
174	102	35	46
170	103	43	50
172	110	68	37
166	106	64	45
162	104	62	40
159	101	57	42
165	103	47	39
163	104	48	43
161	102	52	41
159	99	57	46
158	94	61	41
154	92	59	43
146	95	64	40
155	96	58	41
152	99	58	49
159	104	54	40
151	104	55	35
152	107	52	35
151	110	51	30
165	112	61	27
170	114	41	41
157	116	35	38
172	114	56	29
167	116	54	32
175	114	31	42
180	115	38	37
183	116	60	33
191	116	46	47
241	108	28	60
278	92	30	41
263	92	17	42
272	83	14	59
252	87	15	51
245	89	21	48
191	86	26	55
164	78	33	47
168	81	39	57
153	74	38	50
153	70	36	50
144	64	30	53
139	74	27	58
142	85	25	56
142	87	28	59
143	91	31	51
139	100	38	36
135	100	40	42
136	104	39	44
137	105	47	43
139	109	46	47
143	117	28	61
152	109	29	58
158	113	29	50
161	110	33	45
167	111	31	46
168	112	30	25
187	108	29	47
204	104	25	47
217	101	24	44
227	94	26	58
216	90	43	43
220	84	30	42
226	87	35	46
231	80	28	50
231	77	28	54
204	77	47	57
293	1	27	83
242	68	37	58
245	70	50	45
279	0	25	61
233	60	68	49
224	67	35	44
251	75	29	46
245	74	54	41
247	83	24	46
255	82	19	43
248	85	23	42
252	89	18	45
247	97	57	30
250	81	50	42
248	85	56	42
259	81	48	41
254	58	37	56
285	56	30	60
284	60	32	60
276	63	28	61
271	57	38	60
288	77	27	57
287	54	30	58
292	61	36	56
289	69	30	52
274	49	48	64
290	58	31	58
287	61	24	53
282	73	22	41
274	82	24	41
257	74	25	57
258	85	22	52
228	49	56	52
228	88	46	45
231	89	31	44
222	97	21	43
214	104	24	49
202	110	20	48
194	119	22	50
188	120	27	52
180	120	39	54
181	127	35	42
176	144	35	31
167	151	41	43
162	151	44	44
159	164	50	41
159	164	49	46
158	143	50	55
160	163	46	39
161	160	48	46
166	166	53	44
160	158	59	38
167	159	54	47
171	159	54	46
179	160	47	38
174	151	55	45
175	152	54	45
175	154	48	37
181	147	49	39
185	91	39	61
183	91	43	61
182	144	54	37
186	140	45	53
183	148	53	55
193	146	42	52
184	154	49	49
189	145	46	51
182	156	51	53
192	159	39	37
194	158	46	38
200	160	45	33
202	160	47	35
215	163	44	30
219	164	44	33
225	165	40	30
234	166	35	29
242	166	31	31
249	168	35	27
256	163	33	28
258	166	30	24
263	160	27	24
262	155	35	26
276	153	26	30
276	151	33	25
275	149	39	23
274	142	41	24
234	122	75	32
278	138	32	28
271	135	35	20
266	137	36	19
260	135	40	21
250	134	44	23
244	135	43	26
240	133	45	27
237	136	46	23
225	141	44	22
216	148	42	21
209	156	48	20
202	158	48	23
192	163	68	29
157	170	48	44
168	162	42	52
167	163	36	51
169	150	53	42
181	121	49	54
183	113	61	54
160	104	69	53
214	98	55	52
183	105	71	57
147	116	59	51
120	211	54	41
127	212	32	47
129	210	26	39
131	203	21	50
148	162	28	49
167	133	25	47
167	128	19	59
169	132	21	52
165	122	25	52
156	155	28	46
152	150	28	56
151	160	23	55
157	154	27	66
231	101	19	47
237	86	21	44
216	84	25	40
196	79	26	32
176	90	29	65
157	131	33	63
140	145	44	49
113	153	69	55
159	148	41	46
163	153	33	49
173	154	31	47
185	151	27	46
187	140	27	54
200	140	24	54
210	149	26	47
218	147	30	48
230	150	27	47
235	157	28	44
243	165	29	38
247	159	29	39
255	155	28	42
250	148	39	44
254	146	42	48
266	146	35	48
275	147	33	46
274	144	39	50
277	153	33	45
286	158	30	40
290	152	29	47
295	158	29	57
289	162	27	60
288	163	36	51
283	160	23	43
281	163	28	46
276	165	30	36
268	164	34	48
259	167	46	54
240	164	28	52
240	157	26	48
235	162	28	52
224	157	32	51
214	161	35	48
167	156	63	60
178	153	59	54
178	161	59	48
186	157	64	42
181	146	76	48
188	138	77	55
222	137	37	55
158	155	69	49
228	110	55	59
246	125	44	55
221	99	73	60
233	112	53	53
246	78	48	49
244	82	35	47
249	85	28	47
246	137	33	45
184	127	46	47
152	173	43	40
164	182	42	42
170	180	42	45
175	185	44	39
185	178	43	42
191	179	43	38
205	174	43	41
210	178	43	35
216	170	42	34
227	172	40	33
231	160	49	37
241	150	56	39
250	152	41	37
258	145	36	46
260	145	36	53
240	141	53	64
257	129	40	62
257	131	40	53
264	114	53	55
262	114	41	54
216	110	67	62
252	114	65	54
249	93	32	56
226	78	23	42
256	99	45	63
250	93	39	45
253	104	34	57
251	94	38	46
242	101	36	44
245	98	43	45
242	104	41	47
233	106	58	46
225	112	51	48
215	119	46	41
216	128	42	40
212	153	36	36
212	158	31	36
205	169	37	35
204	177	32	38
199	186	33	35
192	192	36	42
192	201	31	42
184	204	36	41
187	208	30	42
185	214	32	36
179	215	34	39
121	217	28	42
154	206	47	46
185	216	37	37
192	211	25	43
185	208	33	44
189	204	25	52
190	200	30	57
192	196	44	63
187	186	78	62
189	187	86	52
274	164	33	57
292	140	25	59
302	134	27	57
310	111	26	65
312	98	28	71
304	88	25	72
304	70	37	60
282	95	27	69
208	134	38	57
203	126	35	47
201	124	31	54
209	132	33	41
208	124	35	49
206	122	39	47
206	132	36	39
207	139	35	36
206	138	33	37
212	136	31	41
209	145	39	35
212	140	36	37
215	133	41	46
222	130	37	51
218	128	41	54
216	113	57	56
219	132	49	45
219	130	51	51
221	140	47	52
220	145	52	50
207	142	61	55
200	188	38	56
252	138	42	52
241	140	49	43
238	134	56	48
249	136	48	47
255	140	36	46
261	138	43	40
266	142	36	37
265	139	38	46
258	139	24	50
254	137	26	48
239	131	27	48
231	126	35	50
227	125	29	48
216	125	39	52
201	121	49	49
191	120	47	45
180	118	43	42
177	122	38	49
172	121	38	49
163	127	32	55
151	128	37	55
145	131	42	54
134	134	51	51
128	132	58	54
124	151	53	52
119	151	57	48
119	147	62	56
121	148	47	59
121	138	56	64
122	161	47	55
122	166	51	51
125	174	48	52
127	179	56	50
148	183	48	43
156	187	49	42
168	191	47	38
176	193	51	46
185	194	58	58
194	188	56	62
206	193	44	66
213	189	43	62
230	188	41	54
232	186	63	52
233	176	62	52
248	170	69	53
246	163	78	54
252	154	71	55
247	152	69	58
252	130	64	52
253	135	62	45
243	140	68	42
239	135	67	43
238	130	61	42
234	130	60	47
234	136	50	44
218	148	62	37
217	154	57	38
204	158	53	44
195	171	50	50
197	173	40	65
196	183	38	56
195	190	35	50
192	198	31	41
185	203	33	40
180	207	27	47
180	212	28	45
132	162	72	36
183	216	34	43
141	222	62	37
164	221	33	38
109	223	44	36
150	217	26	42
135	216	41	33
144	208	32	51
147	204	31	43
143	200	32	51
148	198	35	54
146	190	25	52
135	179	24	56
184	138	19	54
180	122	16	43
177	114	18	58
177	115	19	50
173	110	21	54
174	113	37	54
165	111	22	56
124	153	27	58
124	165	30	54
131	166	27	51
128	171	33	54
144	170	28	44
146	177	31	40
157	179	32	39
163	176	25	45
174	176	27	42
179	178	26	36
190	178	24	37
195	168	34	36
204	164	35	39
204	164	33	37
222	157	30	43
215	157	38	41
223	158	45	34
227	153	48	36
236	150	33	39
257	151	36	32
257	148	30	36
258	141	33	33
261	141	27	35
261	138	27	40
263	103	28	44
252	117	33	43
261	105	27	43
252	109	30	40
255	92	29	42
218	105	55	43
247	84	30	52
249	89	26	50
231	91	35	47
233	108	29	56
220	97	25	49
202	105	36	27
194	112	31	25
186	114	34	25
175	119	33	26
174	124	25	28
158	130	33	35
149	127	32	31
147	128	32	34
136	133	37	34
122	132	48	38
119	129	42	38
119	131	38	39
113	127	37	39
112	120	34	42
112	115	35	44
106	110	42	42
108	104	39	45
108	100	42	48
111	99	44	46
109	88	48	51
115	87	39	52
110	80	53	42
120	83	44	43
133	67	37	47
140	67	37	44
134	61	48	44
149	60	44	48
153	57	40	43
150	53	38	43
155	57	46	44
156	53	44	37
167	56	43	36
168	54	49	35
172	60	53	31
174	61	55	34
178	62	51	36
184	68	51	34
183	64	49	39
196	71	40	47
200	79	70	47
185	88	69	53
188	73	64	44
226	92	46	55
201	88	60	43
206	88	63	43
219	98	57	48
212	96	61	36
210	102	64	56
216	97	63	58
223	98	60	43
252	93	31	60
210	98	63	49
203	93	76	44
248	89	39	52
252	85	32	52
238	93	42	47
242	90	34	49
239	102	27	41
240	109	19	32
240	121	18	50
232	108	24	47
224	113	29	47
210	110	26	53
210	127	23	43
198	130	24	47
184	139	25	52
172	143	31	44
161	149	32	45
150	154	31	47
152	161	26	39
140	168	24	48
132	179	24	40
120	188	33	39
113	191	30	56
107	197	34	55
101	201	44	43
100	207	36	52
100	208	39	39
99	208	39	51
100	208	45	51
101	214	42	45
103	215	39	44
102	214	35	45
108	207	32	47
120	210	26	49
111	204	42	33
121	197	39	58
131	198	32	61
133	196	35	59
142	191	33	61
139	188	49	61
148	182	51	60
153	172	48	63
156	171	48	55
161	164	52	54
155	159	57	55
156	143	59	56
153	137	62	58
162	140	61	56
158	146	59	48
153	142	57	48
165	148	53	47
173	146	46	53
166	142	48	56
169	143	39	51
165	150	49	56
164	152	48	47
167	155	39	51
170	154	36	53
173	159	34	53
174	163	34	51
173	164	32	54
171	168	31	56
171	168	31	57
169	168	32	59
165	169	35	59
160	169	36	61
152	168	43	59
144	168	52	61
141	164	61	57
139	165	55	50
125	165	73	64
131	160	68	51
131	164	63	53
126	166	62	50
120	169	56	46
107	173	51	41
105	174	42	37
90	180	53	24
82	180	52	32
78	180	47	33
73	187	49	28
79	187	38	34
71	192	41	29
76	195	35	46
75	198	35	40
71	198	38	38
95	140	43	34
76	200	49	34
80	202	44	41
89	209	42	38
99	203	30	40
96	203	38	35
95	204	46	27
116	200	32	45
118	195	33	51
118	191	33	51
141	191	31	52
144	188	30	51
148	186	29	46
145	181	37	53
116	178	65	60
124	171	67	58
145	167	59	57
150	166	43	63
165	153	33	64
171	147	29	67
174	147	33	55
180	149	31	58
189	142	30	58
191	147	28	56
199	135	28	59
200	131	32	48
199	122	33	50
198	123	42	49
185	118	58	45
208	117	44	46
219	117	42	46
230	125	40	40
236	111	30	49
235	81	32	62
248	118	35	48
235	108	38	48
246	90	34	66
253	118	30	54
244	111	29	48
249	114	30	53
244	103	27	42
240	119	29	52
231	117	39	61
217	123	53	56
202	124	58	58
192	123	68	64
169	139	70	66
153	129	72	72
147	131	85	78
172	109	82	60
157	116	60	52
164	127	30	50
163	125	19	53
160	139	18	55
158	132	18	54
156	137	22	50
156	145	26	49
159	147	25	52
157	153	30	51
158	159	29	48
161	160	33	51
168	144	39	64
172	154	39	57
192	155	31	57
201	155	33	55
204	152	41	57
209	158	45	53
209	168	38	45
218	179	36	35
228	179	31	36
228	169	32	40
237	174	31	36
238	175	29	33
244	129	29	68
240	168	29	34
250	170	26	38
250	168	25	31
247	165	32	37
240	159	30	45
247	158	30	45
244	161	29	41
244	163	30	41
241	168	28	37
241	168	33	36
240	169	39	35
240	172	33	33
241	175	45	35
203	175	64	44
199	172	54	54
218	162	36	61
225	149	37	65
211	154	67	56
221	160	64	47
226	157	63	50
223	146	69	54
226	145	72	57
221	146	75	54
211	143	83	58
211	134	88	53
219	128	72	58
183	121	87	63
199	118	78	60
181	123	91	68
189	135	74	59
197	145	58	47
202	158	57	45
193	170	39	43
178	175	57	51
98	186	91	43
112	182	81	61
95	186	70	57
104	160	70	79
100	199	63	60
99	176	53	65
98	198	55	57
94	202	60	47
95	202	60	48
105	172	54	59
112	184	54	52
109	191	60	47
118	179	56	45
129	186	53	35
136	185	49	30
138	181	45	30
143	171	50	33
148	171	48	26
152	169	49	31
154	163	50	31
157	162	46	35
167	156	44	34
169	156	49	35
170	155	45	38
176	158	45	35
187	156	43	39
193	155	38	43
203	158	32	41
213	160	31	40
219	158	30	43
223	152	31	49
230	152	29	47
233	151	29	48
241	147	30	51
236	151	29	48
242	144	33	50
239	139	35	52
245	140	28	47
244	138	30	42
231	133	39	39
239	130	30	43
236	132	28	39
198	132	57	46
171	125	75	57
175	121	70	60
176	127	65	58
181	111	70	62
175	118	62	53
166	113	63	53
180	112	63	54
173	106	67	57
161	107	65	55
157	121	62	51
124	121	68	52
110	133	62	49
94	150	55	47
93	155	44	51
91	163	32	48
85	148	46	48
163	181	42	55
156	176	34	61
156	185	34	61
155	190	35	57
108	158	71	62
98	158	78	60
88	153	68	51
106	144	58	54
98	137	75	68
114	135	44	59
73	160	79	81
57	175	75	73
80	126	95	81
135	120	75	65
31	160	55	71
133	121	52	63
152	118	68	58
148	113	66	50
164	106	60	49
159	117	69	56
176	116	35	52
173	124	33	47
162	128	45	44
166	132	48	45
189	129	35	51
177	137	52	53
202	134	39	55
220	138	31	51
166	124	81	60
199	94	47	75
210	109	58	74
241	138	37	53
250	147	33	45
257	143	29	46
257	145	30	37
232	141	52	39
261	144	30	36
209	132	61	33
259	142	34	40
259	143	30	40
255	143	28	40
258	144	31	38
255	141	27	41
250	135	26	41
237	143	29	48
234	132	25	48
218	141	23	47
215	138	22	50
203	152	22	41
178	161	30	41
175	163	28	47
169	171	33	44
171	171	31	44
170	168	37	49
163	165	47	52
160	169	53	50
158	172	52	46
156	163	49	53
152	165	55	50
154	161	56	51
156	159	56	52
162	154	41	55
152	152	47	56
154	150	40	58
155	139	34	65
151	145	31	60
144	135	34	59
129	135	44	61
130	129	38	66
107	142	75	69
116	125	75	70
144	117	45	54
93	165	34	48
152	129	40	51
161	133	35	39
171	129	32	45
155	130	59	49
181	139	38	43
205	143	34	45
214	143	29	43
225	145	30	43
235	145	30	44
242	146	33	44
250	149	34	41
256	152	35	38
264	153	31	33
271	159	73	74
275	152	42	44
275	149	49	38
274	146	40	44
279	144	42	36
277	140	36	38
260	137	44	37
257	132	50	41
249	132	51	42
267	133	46	39
261	133	50	37
250	134	47	40
248	135	45	40
248	138	40	39
244	141	40	36
239	145	38	33
238	147	33	36
230	149	37	34
230	151	31	39
226	152	31	40
222	154	32	42
216	157	34	46
190	157	58	47
182	147	59	59
192	148	56	51
195	140	47	56
193	145	54	50
200	141	52	50
216	135	33	52
211	133	35	51
206	131	37	52
204	128	34	50
197	127	34	46
188	122	47	48
177	107	45	58
173	108	53	58
159	124	56	52
151	125	44	50
144	132	47	49
143	144	46	46
135	144	29	48
126	155	27	48
118	158	26	53
117	166	26	50
116	173	26	47
114	175	23	52
110	183	23	49
116	140	49	26
90	96	48	49
90	95	34	58
99	111	53	52
103	92	52	55
100	103	41	56
166	72	52	54
100	101	63	51
96	177	32	64
98	170	26	79
100	142	26	73
100	149	28	82
94	154	24	72
81	106	21	63
79	68	27	83
72	13	64	77
93	48	70	61
124	6	66	52
178	80	29	49
151	106	55	48
163	111	54	52
161	93	41	43
164	79	35	51
156	104	51	39
159	85	45	47
159	104	45	42
123	121	46	34
122	118	48	33
164	102	31	46
179	135	47	27
210	137	31	58
274	152	30	38
268	153	31	35
268	158	31	33
265	160	28	36
252	163	28	39
254	159	27	45
245	157	28	46
244	158	32	48
242	157	29	43
232	157	31	43
232	148	28	45
228	143	30	51
223	141	34	50
217	139	35	50
212	137	42	48
205	133	43	49
203	132	41	48
191	124	45	49
183	124	40	52
179	117	44	54
175	116	37	56
145	112	55	54
170	110	36	58
169	113	31	53
169	117	34	48
173	113	45	54
178	120	36	48
177	121	42	56
182	129	34	47
188	135	37	46
189	136	38	46
196	142	40	50
212	153	30	47
221	156	27	45
230	164	25	40
242	172	25	32
250	174	23	29
258	176	23	26
268	174	20	25
274	174	22	25
280	166	24	64
282	174	47	69
287	166	58	62
290	167	55	71
296	173	49	68
296	157	49	60
210	93	44	50
137	120	54	44
133	121	53	47
136	114	56	46
132	109	53	46
139	114	46	45
133	108	58	48
135	109	54	47
139	98	47	46
135	98	55	47
135	98	53	46
151	101	44	40
140	126	53	58
239	120	39	39
235	128	34	38
231	132	33	38
224	144	36	33
217	147	38	36
206	156	40	35
204	161	38	35
201	169	32	36
193	172	34	40
187	174	29	51
179	175	32	49
164	176	36	48
156	173	38	42
114	165	69	47
105	161	73	53
115	151	62	52
113	146	54	54
116	146	55	50
104	141	55	55
100	137	55	53
84	122	64	57
84	134	60	58
75	133	46	50
78	131	41	52
72	141	49	45
67	149	58	47
62	151	82	55
57	146	64	54
65	147	49	47
66	136	61	62
64	153	46	46
73	142	48	60
77	131	53	61
91	131	52	65
97	147	40	53
91	151	37	49
101	154	33	46
110	150	34	48
111	149	30	45
118	151	30	42
125	144	36	46
128	136	37	49
127	123	45	54
117	120	49	49
115	119	53	48
96	113	66	53
76	116	29	51
58	127	27	51
49	129	25	51
33	137	28	60
24	148	32	56
17	157	33	54
5	112	28	64
6	119	48	38
58	107	26	55
60	110	35	54
69	107	35	59
146	126	26	72
158	139	33	46
160	144	28	60
159	145	36	44
156	149	29	62
161	141	35	49
159	155	35	48
154	157	33	55
154	156	28	55
149	157	26	55
137	153	29	50
131	152	30	50
122	150	31	53
107	152	33	50
103	150	29	48
93	150	28	44
81	149	29	46
67	149	24	51
33	146	41	43
26	148	53	38
35	149	41	48
36	144	38	59
58	139	32	70
53	139	45	69
79	105	37	84
54	121	75	84
98	123	39	75
99	129	37	66
137	139	31	56
148	141	26	51
162	133	30	59
168	130	30	55
170	128	35	51
177	118	33	51
183	108	38	52
185	91	41	53
193	91	31	53
191	76	28	57
181	61	28	58
180	61	29	61
178	60	30	58
173	65	34	54
151	66	44	60
122	68	66	62
125	89	57	54
132	101	30	50
123	103	31	52
119	110	40	45
110	105	39	55
98	113	71	53
78	111	76	55
74	113	47	56
67	125	61	49
58	124	80	55
43	138	38	47
106	83	41	32
172	118	28	54
182	113	28	55
183	115	31	53
190	110	32	52
193	107	38	55
198	102	30	50
197	113	34	45
195	113	28	44
201	114	25	52
194	114	24	41
187	115	22	54
180	114	25	45
180	106	25	54
167	113	23	46
163	96	24	57
152	116	21	50
146	118	34	37
135	114	45	45
128	130	26	47
123	130	28	47
110	145	26	53
105	152	25	50
103	153	23	51
93	178	26	34
58	182	56	31
40	172	61	42
49	161	46	53
76	112	43	73
84	92	51	84
89	153	37	67
107	160	40	50
121	160	38	51
135	161	29	44
147	155	30	46
165	146	30	46
171	141	26	45
177	134	32	44
141	97	76	66
157	62	81	69
158	43	77	56
163	68	68	66
137	77	76	69
131	57	76	67
127	49	74	63
142	63	78	60
152	80	55	51
153	96	36	40
150	92	30	40
112	100	50	37
109	114	43	42
88	130	63	37
28	147	89	59
25	167	73	62
145	195	52	41
163	194	40	38
164	194	36	43
172	194	33	45
177	189	39	53
180	197	49	62
181	188	37	54
184	190	37	60
186	186	48	58
194	182	37	42
190	180	37	58
190	176	41	47
183	172	44	41
190	172	37	38
188	169	35	46
182	162	43	47
182	161	42	42
170	157	56	38
166	155	44	55
163	150	30	49
146	163	56	26
142	157	48	31
133	160	56	26
136	157	51	35
127	157	44	51
117	159	43	46
115	162	33	40
112	167	24	34
92	179	38	18
102	181	27	18
98	186	29	17
92	188	31	18
96	192	24	19
92	195	29	17
93	197	26	23
90	197	33	24
87	197	38	38
81	191	51	51
114	113	28	59
107	195	35	31
105	187	30	39
116	184	23	40
121	181	24	44
126	177	22	39
133	178	26	29
134	173	27	22
136	170	25	20
134	162	22	18
134	157	23	20
135	151	21	21
134	148	22	22
137	139	17	29
121	132	23	43
121	129	22	37
137	127	27	29
171	84	37	62
179	54	42	44
113	124	53	40
93	73	61	61
121	79	61	48
84	71	62	47
115	72	41	44
117	76	45	34
123	81	34	38
126	135	20	37
80	98	36	29
125	144	25	33
136	144	19	46
137	146	18	36
139	143	17	30
120	116	31	42
139	145	24	46
144	138	26	60
154	88	53	39
205	81	34	54
183	63	57	50
119	131	29	44
117	130	28	53
111	132	29	49
105	127	35	42
90	125	35	56
91	125	36	54
96	117	35	59
109	102	26	63
118	89	24	67
123	77	25	64
126	77	25	65
132	67	25	68
145	71	26	60
142	55	24	67
144	49	25	61
152	55	35	58
156	48	41	50
158	43	37	41
161	42	34	48
164	39	42	52
160	37	36	53
121	77	25	73
182	40	27	52
128	81	21	50
108	83	26	66
108	150	42	42
121	148	41	32
130	143	37	39
132	136	44	41
141	130	41	44
137	123	53	46
140	104	59	42
142	104	54	41
140	99	51	37
137	93	56	39
138	83	54	47
146	84	53	45
142	76	48	45
139	74	53	49
134	60	54	48
130	69	46	44
129	73	59	48
125	63	68	49
120	70	51	48
119	66	56	46
114	76	60	49
108	85	63	46
105	85	50	47
102	93	47	45
106	109	42	35
101	116	50	35
97	124	51	36
102	128	46	39
103	134	43	38
99	140	45	40
98	144	43	43
97	148	43	38
97	149	41	41
96	155	42	37
98	153	41	38
97	153	38	40
89	147	40	49
86	143	47	44
73	139	52	55
66	126	67	50
62	126	57	56
73	111	56	59
79	108	66	56
83	94	75	60
105	68	64	63
125	60	63	61
126	77	67	52
155	37	54	58
170	19	32	63
173	0	39	59
173	37	39	63
163	1	51	50
171	43	35	54
168	9	41	56
181	68	47	48
164	40	57	51
177	39	32	52
188	84	50	51
184	21	58	72
184	61	57	51
181	21	53	64
175	57	37	57
123	72	58	46
97	150	45	44
104	155	45	36
114	152	43	41
123	149	40	39
129	146	39	40
137	140	41	39
144	132	45	42
145	122	53	46
141	119	52	44
136	112	59	47
149	110	57	48
162	102	45	48
160	99	46	45
155	91	46	49
149	83	36	50
155	83	51	49
143	69	43	54
149	73	34	49
146	70	33	51
133	62	40	48
136	75	42	47
124	67	57	48
119	66	67	47
107	68	57	42
106	73	60	44
106	74	61	45
99	73	52	41
102	87	29	45
95	92	33	39
96	98	32	35
92	103	29	35
89	100	37	37
91	109	31	44
92	110	29	47
94	114	33	45
88	122	37	45
92	122	38	47
91	127	41	46
93	120	39	53
92	129	48	48
95	132	40	48
90	129	53	59
87	130	60	60
98	131	63	54
97	127	91	75
105	126	100	74
132	130	102	64
77	115	74	57
98	116	62	55
102	116	50	51
94	116	50	51
97	117	47	53
93	109	57	49
97	105	45	46
88	98	54	52
87	103	60	50
84	96	67	53
89	103	62	48
87	106	55	44
80	109	47	50
83	112	51	57
81	112	51	49
80	122	67	51
87	117	50	48
96	123	56	44
103	123	52	45
109	118	73	52
115	102	90	65
116	102	75	64
124	112	67	65
124	121	79	63
117	128	80	61
114	124	79	64
105	124	86	61
102	116	92	62
132	111	67	56
157	110	46	46
171	114	38	44
169	110	34	40
169	103	34	36
162	97	43	42
164	89	42	47
161	87	30	51
160	76	43	42
152	78	39	44
143	77	39	47
142	80	34	46
150	78	40	51
129	89	42	56
131	81	51	49
125	86	43	51
119	92	38	49
119	95	32	54
110	100	38	45
104	108	51	48
101	108	53	45
110	112	57	49
107	116	63	49
107	119	58	47
110	119	57	52
112	123	59	52
117	121	54	51
122	122	56	51
123	123	58	50
136	125	59	49
144	130	58	53
136	114	66	56
135	118	69	65
153	127	53	83
174	145	45	70
169	118	59	68
174	104	72	69
181	89	79	76
182	69	78	78
181	78	76	68
186	91	77	63
176	78	82	66
187	81	74	65
175	88	75	58
172	80	70	64
173	69	74	65
168	67	84	67
169	67	84	69
165	87	83	66
156	97	82	57
144	103	75	55
134	112	64	60
116	119	64	65
129	116	38	69
141	108	51	48
136	109	60	53
136	99	61	57
133	105	62	62
132	105	61	57
133	106	47	53
133	109	45	51
127	109	41	54
128	110	51	54
125	111	50	55
120	111	60	55
126	120	43	46
117	125	53	43
114	127	50	41
110	120	36	42
107	116	45	44
106	114	42	47
96	111	48	53
90	104	54	55
87	100	42	49
77	103	43	49
75	92	32	57
63	92	49	51
71	89	28	52
61	89	37	56
64	86	28	57
55	95	34	54
57	96	27	55
54	106	26	49
50	91	43	48
47	86	49	55
58	98	36	52
60	107	40	58
64	127	35	47
73	130	32	50
80	133	29	47
93	135	27	45
104	140	25	51
117	146	26	49
110	148	41	72
111	145	55	75
141	140	43	82
151	119	39	76
179	136	47	65
183	109	64	70
188	104	72	63
209	105	70	57
227	90	64	58
230	70	67	64
229	97	70	52
240	86	65	55
244	79	55	53
234	79	58	55
234	62	41	61
215	48	33	67
179	46	47	62
162	69	72	66
163	86	70	58
151	101	63	59
128	112	62	56
110	123	46	60
73	136	38	56
47	152	29	45
52	151	36	46
46	91	50	36
50	89	40	44
59	90	47	43
140	128	32	45
145	135	27	38
134	140	20	47
126	151	20	45
118	154	20	35
92	150	36	36
105	157	23	36
87	159	33	33
91	158	27	36
80	154	25	36
73	153	26	35
68	148	31	35
71	149	26	38
67	142	25	37
66	141	24	35
65	139	23	29
68	139	26	26
59	141	27	36
60	142	25	47
62	142	34	27
57	145	35	41
74	138	25	38
67	145	25	32
88	139	23	32
92	140	24	33
103	143	23	29
111	140	23	30
122	140	21	26
131	136	19	32
139	138	20	33
146	135	23	32
155	132	22	33
159	127	22	37
164	125	22	35
173	118	22	39
175	118	22	43
177	114	21	49
178	111	22	51
180	105	22	46
181	101	21	39
184	102	23	44
190	101	21	43
193	105	20	36
194	102	20	34
194	101	21	35
194	98	22	36
196	84	28	38
182	81	30	44
181	92	32	56
173	66	30	56
180	96	33	47
187	99	32	40
185	100	36	36
178	99	29	32
178	103	31	31
169	103	31	31
158	110	42	25
148	113	37	23
139	114	40	21
124	119	39	19
116	124	50	22
107	131	45	27
97	139	43	25
89	150	44	22
78	157	45	31
75	161	38	31
57	165	48	29
35	166	56	43
39	169	59	40
43	166	48	48
39	169	44	45
35	158	44	44
43	159	36	48
46	160	37	42
43	160	36	41
49	147	33	47
59	139	39	55
55	142	43	59
50	138	46	54
49	140	51	53
52	134	56	52
61	125	52	54
67	122	56	52
82	102	61	69
86	105	64	63
100	122	48	57
108	127	43	49
114	139	41	34
123	135	43	38
134	134	41	41
146	134	35	38
157	131	33	43
166	122	27	43
178	119	26	39
184	118	26	43
184	105	30	49
188	97	30	46
191	89	29	52
192	79	39	44
190	70	32	40
197	63	35	44
136	43	35	42
120	68	24	38
120	47	24	39
104	60	32	38
98	65	35	35
45	85	29	54
63	79	26	39
27	90	47	49
48	109	25	53
48	101	27	53
27	79	33	48
12	77	22	39
46	46	35	38
82	57	46	34
156	95	28	39
158	101	34	31
152	98	32	40
140	108	33	38
127	118	27	39
116	127	26	37
102	125	25	41
98	133	28	42
94	138	24	47
80	159	26	31
65	171	31	35
67	160	24	50
53	186	30	34
41	189	39	49
11	186	64	51
36	185	54	43
42	196	43	43
2	178	63	55
11	165	52	54
24	151	52	56
47	126	42	58
37	150	63	46
73	123	39	54
59	77	39	34
82	107	26	54
76	94	36	51
74	88	27	54
43	92	48	47
48	125	60	58
77	100	67	61
188	42	37	48
191	46	34	46
185	37	34	55
198	43	27	46
208	44	30	36
203	50	29	39
209	44	31	36
219	40	25	48
217	41	30	45
164	67	29	38
146	127	26	27
155	117	26	29
162	116	26	31
154	106	23	31
189	67	29	46
180	77	36	53
176	88	29	56
147	79	37	55
143	103	45	57
146	103	39	56
151	78	30	43
93	84	40	48
156	53	28	59
88	45	50	48
138	67	39	48
145	81	45	33
90	52	52	38
136	95	30	43
132	106	22	36
142	119	33	37
137	127	27	35
136	142	27	36
135	146	21	32
125	151	23	30
121	151	27	27
119	154	23	26
109	155	22	36
106	154	23	32
90	155	18	31
78	157	19	37
63	156	21	31
66	158	21	33
57	159	21	36
55	159	24	35
55	161	26	36
44	161	29	32
42	156	27	41
43	152	35	46
52	154	25	43
55	157	29	43
54	161	28	51
60	157	41	48
68	143	30	45
88	126	29	56
94	139	25	46
93	139	24	41
99	129	25	46
104	127	24	46
111	120	23	46
118	113	22	59
125	108	23	53
123	94	23	54
121	105	24	47
127	107	20	58
131	103	20	51
135	104	23	43
132	110	22	51
141	118	25	50
138	124	27	53
147	125	31	49
152	126	33	36
158	129	26	35
162	128	28	52
162	126	26	34
179	83	29	51
170	126	34	37
167	90	55	61
150	102	47	63
117	73	54	47
169	121	27	46
173	137	29	37
171	138	27	36
161	142	32	32
155	139	30	34
148	141	28	38
138	146	29	33
124	147	25	34
113	151	28	34
103	155	28	37
94	159	31	35
88	164	34	37
83	167	33	39
79	170	29	43
68	176	35	41
63	177	38	44
55	182	41	41
55	181	41	39
49	181	40	37
47	175	47	42
52	181	45	33
50	177	50	39
50	173	51	38
51	168	50	40
53	169	48	43
91	98	29	50
54	164	53	37
71	92	47	54
56	164	62	56
72	124	56	54
73	160	53	45
69	162	51	46
77	161	46	40
87	166	39	41
98	168	51	27
102	166	50	30
112	165	47	26
125	157	45	33
130	154	44	35
134	147	46	39
143	142	43	36
146	138	45	33
150	130	42	41
166	124	26	39
153	118	41	33
157	115	40	40
158	110	37	42
154	100	34	43
152	98	36	43
127	84	53	48
148	99	34	39
137	98	42	39
139	100	43	41
146	105	35	42
139	112	39	39
147	117	35	39
140	116	37	37
136	120	40	33
137	125	38	29
128	131	40	27
118	129	50	26
112	130	53	29
107	133	53	25
98	137	49	24
91	138	48	31
79	141	47	27
65	143	48	26
56	147	48	34
47	152	45	35
36	156	46	37
31	158	45	40
21	165	45	41
10	166	47	43
4	165	45	36
0	168	46	47
0	168	39	47
0	161	35	49
0	168	38	42
0	161	39	46
0	160	38	50
0	154	42	48
0	139	36	52
0	142	43	49
0	133	39	47
0	132	40	43
5	139	47	36
5	129	45	36
8	130	44	33
18	136	46	40
25	140	48	42
33	150	48	38
44	154	56	43
47	156	46	44
51	162	45	40
66	165	39	43
77	169	38	45
93	177	32	37
108	183	34	27
122	180	31	27
134	178	29	29
144	173	30	30
152	168	26	30
157	163	28	28
168	156	29	29
172	154	29	29
180	145	25	33
182	137	23	34
180	134	28	32
183	125	24	35
182	117	29	34
176	116	32	36
175	111	25	34
171	108	29	36
168	103	26	36
156	102	24	31
157	98	28	37
153	103	26	35
144	105	24	34
140	109	24	36
135	114	20	38
129	122	23	37
125	135	23	34
118	140	25	34
113	148	26	34
109	154	27	34
106	159	27	35
99	165	28	36
97	169	28	36
93	169	28	36
86	170	32	34
79	169	34	34
71	169	34	41
65	166	34	46
59	161	33	47
49	154	31	51
40	153	32	47
25	146	36	43
19	148	40	40
13	142	39	40
11	146	40	49
6	143	40	48
7	153	46	34
8	149	35	47
0	153	37	43
0	160	41	36
0	162	44	35
8	162	42	42
14	165	40	46
20	175	43	46
35	175	37	50
48	183	36	43
65	188	40	46
72	187	37	49
82	188	37	47
93	190	31	46
105	193	32	35
121	187	25	36
133	185	24	39
140	177	27	36
151	171	25	36
156	165	24	32
165	158	24	31
169	152	28	42
172	139	28	53
172	136	33	53
176	129	30	51
171	123	38	47
162	118	51	46
161	114	51	49
162	112	50	50
153	112	51	51
153	110	52	52
160	110	27	56
148	105	33	53
142	98	36	53
133	107	47	49
140	113	42	47
145	119	35	50
142	133	35	44
142	141	34	43
133	151	41	35
137	158	35	39
136	171	34	38
133	178	36	35
128	184	37	38
123	188	35	41
117	193	37	40
117	195	32	46
100	195	38	53
91	198	41	59
83	195	40	61
77	188	49	53
69	187	65	57
123	93	41	56
46	99	66	55
73	107	40	48
48	99	30	45
49	93	25	39
16	79	46	35
13	136	48	41
3	153	43	49
2	151	48	51
0	146	40	56
0	152	38	56
1	163	45	49
2	165	49	51
0	158	53	59
1	165	55	57
9	162	59	59
19	168	56	57
25	169	57	57
42	171	46	53
52	177	49	49
66	183	47	46
72	181	55	46
82	176	54	49
92	180	49	46
108	175	52	45
115	172	50	43
125	164	48	45
129	159	48	44
139	149	48	43
147	137	46	46
153	126	46	46
161	123	44	45
165	112	42	44
167	109	42	52
168	103	43	42
159	97	47	41
94	76	43	45
142	92	62	47
159	98	57	40
159	102	55	38
160	110	49	36
161	114	45	33
158	117	51	37
162	128	44	33
163	132	41	28
162	138	42	29
163	147	43	31
162	152	45	29
160	156	44	30
156	158	47	29
148	166	49	27
146	167	49	29
142	167	51	34
133	168	53	33
124	173	59	29
113	176	49	25
101	176	45	32
93	178	47	37
88	177	50	42
68	177	49	48
55	177	52	47
44	182	47	43
34	184	47	41
27	190	52	44
21	192	48	50
24	199	49	49
5	199	50	42
3	200	46	37
7	222	49	37
8	201	42	39
9	201	41	41
8	200	46	43
13	200	47	45
22	196	49	50
32	195	48	54
35	193	50	55
47	187	49	56
57	182	43	55
67	181	46	51
75	176	44	49
87	167	44	53
90	167	49	49
106	153	46	49
118	146	37	48
121	140	44	47
136	132	37	46
142	129	36	45
154	122	31	43
163	112	24	42
161	111	26	43
163	99	27	47
163	93	28	49
164	93	28	44
157	87	35	47
160	88	31	46
149	81	40	49
134	77	52	52
124	87	66	53
140	91	52	48
135	94	53	49
129	101	56	43
128	110	58	50
133	110	51	42
135	121	44	43
133	120	41	43
130	131	41	49
122	125	48	53
135	128	38	55
137	135	32	50
134	151	32	46
129	129	32	54
129	160	34	43
127	103	30	73
115	161	41	44
93	160	28	62
92	161	31	48
88	158	42	41
70	153	42	42
61	152	45	42
45	145	44	46
34	141	43	46
16	135	51	51
14	126	54	51
7	131	53	55
11	114	47	57
6	127	34	50
0	117	26	50
0	104	19	45
0	67	20	32
28	70	32	26
13	84	63	41
54	49	44	55
20	73	65	51
0	79	67	53
0	82	69	49
0	93	39	64
0	110	48	54
0	111	47	60
0	130	45	60
0	138	49	57
10	145	54	58
30	148	57	61
42	152	52	54
56	154	49	54
70	158	54	52
81	162	54	45
92	163	53	45
109	161	50	42
112	161	52	44
135	159	44	41
147	156	41	38
153	153	41	39
166	146	43	37
173	137	43	41
174	132	44	46
178	118	48	47
181	112	45	48
189	104	34	51
182	95	51	41
181	92	49	41
177	85	55	42
171	78	58	41
177	76	52	43
172	73	51	42
159	71	49	40
154	74	35	44
142	76	53	49
129	96	44	66
137	88	51	50
126	100	58	47
129	102	52	47
129	115	53	47
122	129	50	52
124	144	54	50
124	149	47	47
121	159	50	50
117	165	47	41
111	168	52	38
107	170	53	43
99	171	58	44
90	175	60	46
83	176	61	46
72	171	60	48
61	173	57	52
47	163	59	53
34	160	59	59
31	163	55	55
21	152	55	49
17	142	54	52
19	85	55	44
7	131	34	58
7	131	25	45
0	135	25	35
0	133	19	39
0	98	19	48
3	89	27	51
50	96	41	54
60	98	47	49
0	140	39	51
0	120	41	65
0	142	46	52
0	145	59	50
1	143	57	50
4	137	61	64
14	155	59	57
25	156	64	55
35	156	68	54
44	161	73	57
62	169	74	56
73	174	67	54
94	173	63	47
109	179	59	50
112	180	68	51
126	182	65	46
136	187	59	45
150	192	51	43
165	191	44	43
171	188	42	39
178	191	40	36
179	185	44	32
182	182	48	31
190	176	42	35
188	169	41	38
193	164	40	38
194	158	40	33
196	153	42	32
198	150	37	29
198	145	38	29
201	139	34	30
201	132	32	32
199	126	37	37
195	115	40	37
188	103	47	39
188	96	49	38
182	81	54	44
178	67	52	44
159	66	58	47
173	62	54	45
154	51	58	46
156	52	56	41
135	35	54	48
121	33	63	42
133	40	40	50
110	40	61	43
110	61	60	57
77	60	64	49
86	59	59	50
94	73	58	48
59	79	57	51
71	87	61	50
63	76	54	56
66	93	48	54
91	104	53	46
112	99	49	57
48	103	55	48
58	117	61	55
42	94	74	59
44	96	75	67
41	86	76	65
42	78	67	59
42	71	76	63
48	65	66	66
28	54	75	67
37	48	70	66
54	51	48	61
49	46	53	59
46	38	61	61
41	26	72	65
47	25	60	60
48	24	68	63
45	12	59	57
57	31	61	48
80	32	33	55
51	17	51	54
60	4	52	57
55	4	42	59
54	0	54	61
53	4	60	60
64	27	42	56
73	28	35	61
65	35	43	48
67	40	40	55
76	56	57	56
85	66	64	51
95	70	44	61
103	70	51	56
109	77	46	58
126	96	34	70
125	86	38	52
150	96	35	48
155	107	38	53
154	104	41	48
155	113	53	47
162	107	46	46
174	115	48	46
165	120	51	59
182	114	52	55
193	111	45	46
205	111	35	38
214	104	27	41
210	99	25	40
208	97	29	43
199	92	41	38
175	88	59	40
185	83	42	41
169	88	53	38
132	141	64	46
143	136	32	53
131	131	50	49
130	112	51	49
125	125	44	49
112	129	46	53
100	139	47	52
80	144	66	55
81	150	63	59
91	159	44	55
96	171	33	53
95	136	37	50
97	138	34	52
93	146	45	55
92	144	39	50
86	133	47	51
75	125	55	59
61	128	57	61
55	127	62	63
57	109	54	67
44	101	63	68
36	104	58	66
24	93	68	68
20	88	67	63
29	102	37	44
13	88	42	54
24	88	41	43
23	92	53	51
12	84	45	56
100	93	29	73
21	84	76	56
0	86	57	54
17	91	42	60
1	89	46	48
5	89	59	49
14	95	61	45
31	100	61	41
88	83	37	54
42	101	68	47
40	90	72	55
54	93	72	58
76	94	56	52
74	105	62	47
84	100	56	50
85	105	56	49
76	97	72	53
103	97	48	51
97	101	60	45
92	96	62	49
105	92	52	47
