129	151	62	36
157	159	47	33
138	165	50	31
137	172	50	29
139	179	47	26
136	175	46	32
150	173	35	36
140	173	33	42
132	173	39	59
139	172	66	61
168	74	51	56
163	77	44	33
175	87	39	31
201	133	18	30
204	151	22	43
242	168	35	53
240	169	51	54
233	173	57	53
238	180	53	47
245	172	43	47
175	155	37	42
153	158	55	41
225	168	52	50
219	164	59	51
183	166	67	44
200	167	57	44
202	167	57	46
204	162	54	48
198	162	49	49
201	160	46	50
198	158	42	51
199	158	43	51
206	156	38	46
204	144	41	41
207	148	41	53
209	152	36	49
198	148	40	48
208	150	36	47
204	150	44	46
198	148	52	47
196	150	53	45
215	139	38	45
212	146	33	49
216	118	38	46
214	115	34	44
206	123	37	46
201	115	41	44
198	123	37	43
199	136	36	43
197	134	42	47
195	137	36	47
188	138	43	50
178	137	47	49
172	136	47	49
170	139	43	43
165	145	46	39
154	139	48	44
146	141	48	38
173	157	49	43
143	151	57	40
175	166	52	29
164	164	54	27
161	161	54	33
150	163	55	29
140	155	62	31
144	154	54	32
123	163	61	25
128	165	52	21
125	170	57	23
121	172	47	21
112	164	50	22
108	170	50	22
108	170	45	24
106	172	46	25
104	172	43	24
97	162	41	34
91	160	40	37
92	148	41	44
98	149	33	44
104	152	33	45
101	160	25	34
94	152	31	36
98	162	26	30
107	148	32	44
97	162	40	41
108	166	40	37
96	162	35	40
99	161	25	38
119	162	55	36
153	163	44	40
163	167	42	33
179	167	32	36
174	167	43	33
167	172	56	35
167	156	56	46
157	154	58	43
161	153	41	38
166	147	61	45
180	151	55	41
180	151	54	37
192	144	54	41
209	134	48	49
213	132	44	49
211	130	44	45
211	129	37	45
209	126	33	44
210	121	36	51
220	120	38	45
254	144	38	34
200	109	49	27
197	105	40	42
191	100	40	40
179	96	39	40
174	96	36	40
174	96	34	41
168	97	34	41
166	96	36	40
159	100	30	34
156	101	27	36
140	113	32	33
143	110	26	32
136	114	27	32
131	117	26	32
129	123	25	30
114	134	43	21
108	140	41	19
112	143	27	20
95	147	37	19
91	151	40	18
89	155	34	16
87	156	39	18
100	150	24	24
96	156	24	22
97	149	22	29
109	140	18	33
105	135	19	44
146	145	28	40
203	161	25	31
208	157	39	29
212	145	27	40
222	144	26	40
221	139	31	40
225	129	30	44
230	132	29	40
232	132	26	38
237	135	26	32
241	129	26	29
242	130	28	28
241	133	29	29
248	134	27	18
239	133	45	21
255	132	35	19
248	129	35	22
229	159	37	23
188	148	26	43
138	147	41	46
113	168	58	39
133	152	42	43
139	129	28	42
150	149	35	41
147	150	40	41
137	151	43	43
126	146	51	46
130	145	47	43
123	142	45	45
110	142	56	47
118	133	49	48
86	133	60	50
87	124	58	50
80	127	54	52
84	126	47	48
76	132	46	43
81	128	39	40
87	132	26	38
91	126	27	40
95	120	48	42
78	132	34	34
92	138	26	26
90	134	25	29
107	150	50	21
159	171	40	25
151	177	50	21
149	161	48	38
121	164	45	33
137	157	37	40
139	164	35	39
144	133	25	34
153	136	21	38
139	159	30	33
119	147	46	33
110	142	41	36
116	140	34	40
127	143	37	40
136	153	38	39
131	144	40	34
148	144	38	31
151	146	38	24
160	146	37	23
164	148	37	26
171	142	33	24
181	145	31	37
179	149	34	22
187	149	35	25
184	153	39	22
191	151	37	22
187	153	47	23
197	158	45	23
207	157	36	25
209	158	32	24
207	156	35	27
206	154	38	28
158	151	43	34
196	146	22	37
214	157	30	30
214	156	28	27
209	153	33	29
214	153	26	27
210	152	25	29
201	151	29	29
192	147	35	30
191	144	34	33
189	141	31	34
189	137	26	40
183	135	27	40
176	137	31	41
160	138	38	37
155	141	40	34
150	144	38	34
146	146	34	33
134	154	35	28
124	156	39	24
123	163	37	20
116	166	45	22
114	162	40	27
119	166	31	31
124	175	25	23
125	180	27	22
128	184	24	22
127	185	25	21
129	188	26	21
132	188	26	22
133	194	28	21
141	193	24	20
144	195	24	20
153	196	23	21
155	195	27	24
157	194	30	25
162	187	31	34
165	172	30	48
178	173	25	43
184	176	23	39
195	183	23	29
196	181	23	31
203	182	22	24
205	180	22	28
207	173	21	30
215	175	23	25
217	173	23	25
221	169	25	24
223	163	23	24
224	156	24	26
225	156	22	29
220	145	26	31
221	145	24	32
220	144	22	35
219	141	25	27
215	136	26	35
214	132	35	22
211	125	28	37
159	143	27	32
121	141	52	31
134	127	53	41
144	131	53	36
141	128	55	34
153	119	49	44
153	117	42	47
155	114	32	40
147	111	36	43
155	118	46	40
136	106	43	35
125	101	43	34
124	106	41	30
116	110	45	26
109	107	39	32
96	107	42	32
90	110	42	30
87	117	41	27
76	116	39	28
71	116	39	30
64	116	42	31
58	117	38	31
51	115	36	31
45	118	41	33
41	116	38	35
35	120	42	36
37	122	42	40
29	127	44	38
22	129	44	37
32	132	43	37
27	140	43	32
38	144	45	37
24	141	44	31
38	148	39	28
39	144	37	36
43	149	34	33
48	149	29	31
61	157	28	34
63	145	61	57
96	145	48	29
80	190	65	25
88	175	49	43
105	154	28	48
130	166	38	42
139	161	36	39
135	166	43	47
147	167	34	47
155	165	35	42
167	178	35	47
168	180	37	52
173	176	34	50
163	187	47	53
160	186	53	53
166	182	45	51
167	204	50	30
171	181	49	45
183	163	45	59
190	168	54	40
171	168	56	43
162	171	44	38
156	157	41	53
148	168	55	42
144	157	47	48
211	150	42	26
221	152	42	20
236	144	44	19
240	142	44	19
249	134	37	23
250	129	29	27
252	134	26	26
251	125	29	31
253	113	31	40
253	108	42	40
246	99	55	43
248	100	52	44
240	101	51	43
248	102	49	32
242	102	47	23
248	102	46	23
246	101	49	24
241	101	48	24
228	100	50	23
229	100	47	25
225	100	38	34
219	99	33	36
217	99	30	37
205	99	31	42
196	100	37	42
181	112	37	40
168	112	44	48
155	125	48	42
135	129	53	37
138	127	43	41
126	129	48	43
120	136	45	47
119	138	44	44
125	129	46	20
148	122	27	31
154	123	28	31
163	122	22	37
180	120	23	38
176	126	31	28
177	130	29	28
173	134	38	18
191	127	33	24
205	117	30	35
208	112	32	41
186	124	27	42
222	111	46	33
227	110	29	38
227	108	28	30
228	111	28	23
233	105	25	23
235	103	21	25
233	98	24	31
235	105	22	30
237	103	23	34
232	100	29	34
228	104	30	31
227	96	31	37
227	93	31	33
200	102	26	43
190	92	44	40
209	85	38	48
203	90	43	39
186	90	33	37
183	89	28	44
147	89	51	41
174	83	37	39
142	100	51	30
130	101	53	35
131	92	56	43
135	105	53	36
130	107	61	37
145	106	45	37
157	110	38	30
154	122	46	23
176	124	32	22
170	130	35	22
177	132	44	21
182	137	48	22
181	139	50	23
187	142	47	22
191	145	50	23
203	149	51	24
211	150	45	22
213	152	47	23
217	155	48	22
223	160	45	21
183	113	37	25
184	162	36	25
147	164	41	17
154	156	27	24
115	115	27	39
100	122	41	38
98	126	47	41
106	123	43	40
118	127	39	43
112	146	44	36
114	149	47	36
136	164	31	35
139	161	31	39
144	169	31	35
148	165	46	42
147	187	38	24
151	186	37	29
155	185	34	36
151	186	45	35
163	138	42	42
148	178	44	37
155	175	48	43
166	135	26	45
166	175	53	51
190	95	32	43
164	81	37	29
172	76	35	32
171	80	27	34
156	77	40	20
157	72	38	23
154	74	38	30
153	71	33	34
147	68	33	34
145	57	32	40
138	65	39	42
134	59	40	42
138	68	35	37
127	128	39	32
130	122	26	46
122	134	26	41
120	134	31	41
108	133	31	43
92	136	38	38
87	135	40	40
83	135	39	39
82	124	49	49
76	130	59	52
82	143	49	42
77	145	58	31
100	145	49	27
94	150	61	26
93	163	63	21
127	165	40	23
121	167	37	22
122	156	34	36
117	162	44	28
116	164	47	31
128	143	48	44
142	140	39	49
152	146	32	44
168	152	22	43
180	155	27	42
188	167	25	36
190	166	26	38
196	174	30	38
205	177	28	38
210	171	27	44
218	172	22	40
226	172	20	38
227	173	23	37
233	167	22	40
241	166	20	40
239	161	21	41
242	156	22	43
246	151	24	43
240	147	26	42
238	143	25	40
234	141	28	36
232	140	31	33
224	138	36	35
217	137	38	34
213	133	41	36
203	129	45	42
190	130	35	34
187	119	35	48
185	131	34	41
181	122	34	47
174	133	24	37
167	129	23	38
164	130	30	36
164	122	24	37
147	121	40	40
181	84	23	36
164	91	25	39
165	82	25	42
161	88	23	44
157	73	27	41
153	84	25	42
153	84	23	41
144	64	25	42
149	84	26	43
124	38	39	58
115	19	56	51
110	23	48	48
99	58	52	47
127	120	28	42
86	105	28	23
84	107	44	19
82	107	47	19
89	118	49	24
86	125	46	22
94	118	46	16
117	133	27	27
112	158	22	43
118	175	28	36
128	172	24	38
127	179	29	32
140	171	30	33
175	140	30	29
186	144	24	32
142	173	26	28
135	177	34	36
138	171	25	41
134	171	33	33
136	160	19	45
133	166	18	38
138	167	17	39
142	168	20	44
139	162	22	42
141	160	26	39
140	156	28	37
137	153	28	32
140	150	24	31
137	145	24	34
142	143	19	29
141	135	21	33
138	127	21	38
136	129	22	32
137	118	24	40
131	124	25	34
132	128	18	31
135	116	19	32
165	126	31	37
211	144	38	31
223	138	30	32
217	136	30	33
210	134	34	31
204	133	35	32
200	132	33	36
195	133	34	37
189	131	36	38
183	132	36	36
170	128	44	44
157	120	50	46
144	126	55	41
142	112	41	57
141	136	41	40
142	136	36	40
135	143	41	37
134	142	35	35
125	149	37	26
122	157	42	27
121	159	45	23
121	157	47	24
121	153	47	29
118	151	46	31
119	152	45	33
127	143	39	39
127	139	40	41
124	129	42	55
142	136	27	34
146	134	30	36
149	137	26	39
153	141	29	29
160	140	29	30
161	142	28	31
165	142	28	31
168	141	34	32
178	138	33	32
174	142	41	34
183	144	40	31
190	147	36	37
191	147	34	36
205	148	27	38
207	134	21	37
208	152	29	24
216	149	23	32
221	144	22	40
215	135	28	27
221	152	27	22
225	138	20	35
224	147	27	38
226	138	22	41
229	144	17	34
223	140	25	35
221	143	24	25
218	139	21	35
217	140	24	25
195	141	36	23
183	131	38	42
154	129	51	46
158	138	51	47
172	146	31	44
181	140	30	51
182	142	32	46
196	153	33	42
181	108	32	30
174	101	25	33
182	141	19	34
216	143	27	46
236	141	28	50
235	151	38	40
236	141	47	47
236	136	49	49
227	134	46	46
226	135	50	45
236	126	45	46
229	130	44	43
223	121	47	45
214	116	48	45
204	110	54	43
183	101	42	46
183	104	49	40
188	115	31	35
184	114	22	33
178	112	20	32
179	121	21	30
169	125	23	29
161	121	24	33
157	118	31	38
150	126	36	32
147	136	40	27
140	138	55	24
150	121	35	38
94	134	55	31
37	154	49	24
58	162	34	29
62	156	35	40
60	152	32	42
67	149	28	47
80	157	31	47
89	169	29	45
94	165	44	52
104	179	51	43
108	171	47	59
120	169	45	64
122	184	46	56
130	168	37	55
138	197	42	47
143	204	42	53
144	195	43	56
146	205	48	52
166	152	31	42
161	201	43	45
163	198	53	50
162	161	59	70
159	152	65	67
174	148	58	55
160	184	34	41
153	187	34	34
145	175	37	41
132	171	39	45
130	161	35	46
112	153	48	49
99	147	50	50
94	130	50	60
82	135	54	45
65	135	57	41
63	131	50	45
55	124	51	43
60	106	47	49
58	99	46	51
56	103	47	47
54	99	47	46
59	96	42	41
59	96	32	33
44	94	39	34
47	91	38	42
39	101	46	29
47	87	35	38
43	82	43	44
90	54	64	40
148	115	51	49
141	126	51	41
134	140	48	28
124	145	40	23
116	138	41	28
114	137	45	27
102	134	44	35
64	105	52	28
80	106	49	52
77	109	50	46
76	112	51	41
81	109	41	32
97	111	37	37
99	106	36	34
100	113	37	35
106	121	35	35
113	110	32	35
108	114	41	41
119	120	38	37
108	103	45	45
120	130	45	41
105	135	55	49
119	136	46	47
113	139	41	48
127	138	36	45
134	141	40	46
139	141	39	43
147	149	40	37
150	144	37	40
159	153	36	32
177	141	27	46
170	133	35	45
191	144	29	42
180	137	51	40
196	152	54	28
193	148	61	29
227	149	33	24
234	145	26	25
232	142	31	22
232	137	32	23
241	136	21	21
239	131	21	25
236	132	23	22
233	120	25	27
227	112	23	38
219	96	29	43
206	94	42	43
159	93	27	39
167	91	41	33
160	85	44	39
154	82	48	48
150	86	42	41
150	79	40	40
150	85	40	41
113	91	59	41
117	93	52	42
115	104	57	25
120	94	45	33
98	95	60	31
102	72	52	42
113	102	46	38
118	132	37	36
96	105	54	21
119	120	49	39
126	136	35	26
153	122	29	28
163	121	38	30
164	135	36	33
163	137	38	28
166	139	32	24
164	149	35	19
174	154	32	21
180	156	36	24
183	157	42	21
182	155	45	24
188	159	48	22
188	159	32	26
195	161	41	26
194	161	40	26
194	165	38	26
190	161	33	31
189	164	36	29
195	158	34	35
183	158	58	32
179	149	58	39
175	150	57	36
174	145	49	41
175	156	53	28
175	145	53	37
166	152	57	24
159	137	50	32
182	146	45	29
172	140	54	31
169	140	53	32
178	133	47	33
186	127	45	38
174	125	47	43
181	119	45	47
169	117	46	44
172	113	48	52
170	118	44	45
176	113	44	47
173	94	35	57
187	117	36	40
187	133	25	26
189	122	22	33
186	122	28	35
187	124	21	36
181	125	24	28
181	130	22	27
183	130	20	27
146	114	27	21
125	112	36	25
115	123	40	20
92	127	49	26
98	144	48	20
86	102	51	18
98	49	49	19
98	52	50	17
86	57	51	18
85	53	52	19
101	51	38	22
97	58	45	20
101	56	37	19
100	59	39	21
94	61	52	20
83	61	48	22
87	61	41	23
88	62	39	16
129	55	29	29
105	63	47	27
87	119	46	29
85	133	37	28
92	141	42	27
101	141	41	30
110	150	45	28
120	158	47	25
132	150	50	37
144	148	39	44
150	176	42	27
156	172	41	32
164	153	35	56
176	165	38	47
188	172	40	44
205	175	33	44
212	191	31	29
220	189	32	27
223	187	32	34
227	185	30	37
233	193	31	28
239	192	27	28
243	189	24	31
246	193	25	24
247	185	28	30
247	186	32	26
241	181	39	23
240	180	40	26
245	179	38	23
239	174	38	23
245	173	36	19
236	167	37	22
235	163	34	24
238	159	29	25
237	158	30	21
234	151	27	23
234	145	20	28
229	133	21	32
222	132	27	33
222	128	22	31
218	119	21	37
215	119	21	33
211	114	21	39
207	110	25	39
202	105	25	35
154	140	43	30
153	141	46	28
152	149	48	23
143	148	65	24
150	144	53	25
149	147	54	20
142	142	54	23
131	118	61	47
128	129	56	40
119	121	66	48
124	107	64	61
122	123	63	52
118	133	64	49
111	122	61	60
110	130	58	61
106	135	57	60
104	140	59	59
105	139	62	59
105	144	61	52
96	158	51	46
89	162	52	36
88	162	43	40
143	158	51	29
90	169	40	29
65	169	44	34
61	170	45	35
53	170	48	31
50	169	38	30
42	168	45	27
40	149	38	44
48	152	47	41
48	149	51	40
62	146	45	44
60	145	44	39
69	146	41	33
68	134	47	33
66	127	47	38
71	131	51	27
73	129	45	28
78	121	44	33
86	116	46	31
72	119	47	37
102	116	41	31
108	113	43	31
112	113	46	29
129	111	43	22
124	109	45	27
142	101	40	26
171	62	43	23
154	102	33	20
155	92	27	30
157	91	22	34
155	106	19	29
144	130	25	38
167	103	31	26
180	113	28	22
182	100	25	27
187	107	22	27
190	104	16	28
187	107	21	29
194	116	19	26
193	113	19	26
196	108	17	28
197	116	20	27
194	112	22	28
191	110	22	33
182	114	24	34
179	105	20	30
183	109	27	35
185	120	25	34
167	135	21	30
194	111	30	34
205	111	29	38
201	109	31	40
200	106	38	44
183	119	36	35
189	125	32	27
190	132	29	27
183	133	38	26
177	142	49	22
149	144	70	26
147	144	74	26
147	145	74	30
134	135	63	39
145	137	42	40
151	147	43	37
149	156	32	31
156	158	25	27
163	131	23	29
167	128	20	32
170	130	25	48
170	133	25	43
181	137	25	34
185	129	24	50
190	168	34	42
188	163	26	40
197	177	32	32
206	173	43	39
212	167	37	44
220	174	40	42
227	169	39	44
233	173	39	40
240	171	42	39
249	175	37	35
253	176	38	28
257	177	34	26
258	175	34	26
263	175	33	25
264	171	33	25
273	171	29	26
274	166	32	27
279	163	29	27
279	157	28	28
279	153	27	28
280	146	29	27
285	139	26	28
289	140	19	23
284	131	19	28
284	127	18	30
281	117	20	36
276	102	21	42
272	109	22	40
264	103	24	38
259	99	28	37
254	101	28	37
248	98	33	44
242	95	32	38
235	90	35	33
222	92	28	34
213	94	25	31
206	88	27	33
204	90	24	30
193	91	26	27
186	83	27	32
180	85	30	31
170	86	32	24
158	86	37	25
147	79	35	32
147	73	35	35
134	19	36	48
128	26	49	33
127	38	51	31
130	80	61	29
125	65	44	32
157	56	37	37
148	73	30	32
151	90	25	41
156	76	30	40
153	72	24	36
147	70	27	29
124	43	38	21
103	78	58	34
42	125	58	33
42	139	52	25
43	148	50	20
39	140	58	30
47	154	54	24
45	160	59	23
45	165	58	26
59	148	54	42
55	169	66	25
72	161	53	38
67	175	67	28
84	158	53	52
91	176	64	41
108	164	61	55
109	180	66	49
123	180	55	49
165	180	35	49
151	192	49	49
145	203	62	53
143	130	23	54
140	149	18	37
134	147	21	40
158	157	22	33
172	157	18	32
198	159	32	28
180	189	54	45
177	184	53	52
186	165	44	60
186	164	43	55
186	152	44	59
176	154	50	51
172	154	48	46
164	144	44	47
157	140	47	46
150	134	39	43
144	123	40	45
140	127	33	38
131	121	35	38
128	120	33	34
122	115	30	33
121	113	36	31
107	107	45	31
87	94	41	41
79	83	41	43
84	80	30	48
79	68	26	46
82	80	22	26
75	73	21	25
75	71	20	24
76	70	19	23
72	67	22	25
68	57	31	32
79	52	37	35
121	27	29	38
133	78	22	35
156	128	30	24
145	136	46	29
142	136	45	32
125	132	45	35
105	127	43	36
90	131	43	32
79	137	52	25
67	134	53	24
58	137	45	29
53	124	23	42
36	126	22	39
29	124	24	44
16	120	28	41
6	120	33	39
3	124	29	36
8	116	35	42
68	116	22	42
107	117	33	40
78	91	32	22
72	79	20	46
83	71	24	40
78	108	22	47
93	105	22	43
130	127	24	36
139	105	22	40
134	151	22	34
141	113	31	47
154	134	24	42
153	133	22	43
159	133	23	43
152	135	22	39
131	108	24	44
133	102	20	57
122	128	32	50
124	141	41	42
137	144	36	43
149	143	39	46
161	149	43	44
176	158	42	39
188	165	30	32
189	161	36	36
197	163	39	36
228	161	47	34
221	157	48	36
229	156	38	38
244	148	33	48
251	150	31	43
251	152	23	39
257	146	22	43
257	154	22	41
255	159	26	45
251	165	29	44
242	156	38	41
245	173	37	42
252	153	37	48
255	156	36	46
260	156	34	48
262	142	34	58
264	145	33	60
269	151	25	56
262	148	28	58
268	149	31	55
268	145	23	54
273	158	26	48
277	160	27	44
279	167	26	41
280	158	30	46
286	154	26	47
284	162	23	41
286	167	21	36
284	165	23	35
286	161	22	34
285	158	28	31
283	153	35	32
282	150	33	35
294	137	25	39
288	136	42	36
282	131	48	46
277	123	49	46
272	123	50	43
281	121	38	50
272	116	37	45
247	116	56	26
263	119	33	30
251	116	42	25
244	117	44	22
249	104	34	31
238	110	39	20
230	103	41	22
221	99	49	24
215	95	50	25
209	88	46	32
208	83	34	39
209	80	34	38
259	46	39	27
249	47	59	25
201	9	46	29
245	31	52	41
255	34	46	45
186	99	47	27
189	107	29	35
183	106	35	39
182	115	39	36
165	117	21	34
121	79	37	31
162	117	25	41
155	134	23	30
155	131	23	35
162	138	22	38
167	134	25	37
166	134	26	36
156	146	27	38
168	128	30	38
169	135	27	43
170	136	26	41
165	134	28	44
188	154	19	38
195	134	17	34
201	140	19	34
210	140	15	34
220	137	15	40
216	137	18	39
170	140	32	28
169	136	40	31
167	134	37	36
167	136	33	37
168	142	29	35
164	143	30	35
159	148	30	34
160	143	31	38
155	147	34	41
154	145	32	40
154	147	34	44
150	148	34	45
149	154	40	45
140	140	42	53
138	144	47	51
174	105	35	35
187	157	24	36
178	153	23	35
131	154	56	51
142	144	39	48
137	149	45	45
136	158	34	45
141	158	34	46
131	159	39	44
133	155	34	44
130	150	37	47
165	152	51	44
154	147	49	45
181	151	28	44
176	153	26	39
174	155	25	41
174	155	23	41
178	156	17	39
167	166	19	35
166	166	19	38
171	168	18	35
164	177	20	38
163	189	21	37
159	192	30	36
157	191	35	42
159	191	32	45
164	190	40	46
97	150	49	30
158	203	28	31
170	197	46	38
159	181	34	38
154	157	33	37
160	127	35	19
160	148	26	26
120	125	31	22
82	131	43	30
93	124	29	38
99	122	29	39
106	126	32	35
117	128	30	36
135	137	22	41
143	137	22	41
153	137	29	41
157	133	31	39
167	133	31	40
166	170	22	46
165	167	27	47
157	161	27	48
160	153	29	50
151	152	30	50
148	152	31	46
149	152	33	48
149	149	30	50
145	144	31	47
147	146	31	44
148	141	27	42
150	138	31	43
145	138	34	45
146	139	35	41
149	143	22	35
144	135	18	36
140	140	17	33
140	139	16	31
132	135	25	35
125	144	28	31
133	140	26	30
135	139	24	33
135	135	27	35
138	132	32	35
144	129	36	35
140	134	37	31
150	127	29	33
142	126	40	32
151	121	27	37
157	120	29	34
160	117	22	39
160	119	22	40
165	117	22	39
164	124	25	34
205	109	31	43
228	127	44	31
212	130	55	23
192	128	55	25
193	122	47	32
185	119	46	35
183	127	41	27
179	129	39	23
180	113	30	41
176	121	38	27
177	121	36	32
178	123	34	27
180	127	31	25
179	136	29	18
174	135	31	18
173	131	32	25
175	131	38	31
173	134	36	26
166	132	37	28
162	139	34	18
161	135	26	26
154	134	25	28
191	139	29	41
191	138	27	37
175	129	23	29
163	122	22	33
166	107	24	44
212	144	33	52
197	131	36	49
200	142	42	45
215	150	33	38
216	149	35	42
211	145	27	40
215	150	29	39
218	155	27	34
219	158	29	37
223	162	28	42
225	165	28	41
226	163	31	23
226	156	32	25
230	154	31	23
239	154	23	21
240	150	22	22
243	132	21	35
242	143	20	25
239	138	19	27
239	123	18	35
237	125	20	31
233	126	24	23
231	112	21	32
231	104	20	35
251	116	33	36
243	111	38	37
224	96	47	43
220	98	54	46
206	86	52	48
204	89	50	47
193	84	51	40
127	83	36	43
120	92	23	43
83	91	49	21
84	60	47	25
81	31	59	36
85	86	56	57
109	113	59	56
107	130	45	44
102	133	53	38
153	129	45	26
149	135	35	27
149	134	44	26
148	143	46	17
149	149	44	24
156	152	48	31
160	158	39	39
101	164	52	38
89	158	25	51
103	177	29	33
98	176	27	37
102	161	22	50
116	151	23	53
155	158	24	45
127	165	56	28
129	142	45	47
130	101	46	53
122	102	45	53
136	102	40	53
137	100	50	56
137	85	46	51
149	75	44	39
132	74	50	41
143	71	41	37
153	56	42	41
143	51	45	50
146	54	45	42
175	122	25	41
176	122	22	40
174	116	26	38
189	107	35	55
233	104	39	44
224	102	37	49
221	99	25	49
163	101	37	44
154	42	42	40
151	28	44	43
140	50	52	39
145	50	48	40
150	63	58	37
155	58	49	42
178	78	52	57
171	83	57	47
176	99	80	49
178	92	76	51
188	111	94	71
185	112	99	61
109	101	69	57
118	99	66	54
117	117	68	43
111	146	80	31
93	114	64	22
92	96	24	43
102	111	56	34
175	112	43	40
168	123	44	23
170	128	39	47
136	160	42	29
150	157	28	34
157	156	27	37
130	160	42	28
107	159	42	29
122	156	27	37
131	129	23	50
135	126	19	56
143	136	19	46
148	124	18	47
149	121	20	53
151	107	20	37
161	69	45	46
206	142	23	43
177	136	35	42
160	112	57	35
182	117	36	51
180	120	33	46
182	96	22	40
189	99	26	34
186	101	30	29
189	101	29	43
161	93	47	32
153	86	45	33
165	92	38	40
163	92	34	41
159	78	37	36
152	80	44	33
148	84	52	35
131	82	57	39
130	83	50	36
126	82	55	34
128	71	45	42
118	83	58	30
152	79	28	38
100	89	58	31
108	92	46	40
104	92	51	31
106	104	54	29
100	105	58	31
96	109	56	29
96	106	63	31
115	115	44	31
117	128	41	23
119	125	37	29
115	132	44	25
136	131	38	29
137	137	37	31
137	142	35	25
136	144	38	19
142	140	27	34
125	156	60	21
141	148	29	31
94	151	35	24
103	128	21	39
129	165	25	41
172	152	35	32
189	155	31	23
189	155	31	25
189	148	31	33
181	152	47	22
194	147	40	25
191	147	47	27
200	141	39	23
207	141	26	31
217	135	37	23
220	132	25	20
224	125	28	30
224	125	29	23
224	120	27	23
233	118	25	32
231	117	30	30
185	121	35	22
162	75	28	32
175	60	38	27
206	27	41	33
183	30	52	25
155	82	49	34
186	38	23	47
166	37	43	27
167	85	41	33
170	42	27	43
186	107	48	25
169	115	35	33
181	111	36	29
177	116	45	26
199	108	37	43
190	101	40	43
182	109	41	47
172	102	39	42
168	108	40	43
160	111	44	40
147	100	50	48
144	102	36	48
128	101	39	47
111	104	45	43
107	108	42	40
100	112	40	37
94	114	53	28
96	119	49	24
90	119	61	24
98	140	44	29
78	133	58	24
81	103	52	23
77	106	59	32
18	121	55	25
74	90	47	36
81	115	53	23
69	139	31	32
84	118	39	31
84	114	28	22
85	117	17	29
98	140	21	38
95	124	22	49
94	127	18	43
106	126	18	45
110	125	21	48
101	143	39	43
77	139	41	47
68	141	43	47
81	142	43	44
77	143	37	39
92	137	34	41
105	137	33	34
112	144	30	25
122	145	26	25
130	145	35	24
137	144	40	23
144	142	38	29
153	138	33	32
161	136	29	34
168	129	23	41
167	127	23	35
166	129	24	36
171	122	23	36
166	127	25	41
162	128	27	38
154	121	32	38
157	126	27	38
154	125	28	36
161	116	25	31
177	113	27	28
172	111	37	28
170	107	41	37
158	103	39	32
147	104	36	32
150	99	35	34
151	98	39	35
149	96	36	34
141	92	40	35
136	94	38	33
130	98	42	30
124	100	42	25
120	103	31	32
103	96	42	31
94	103	48	35
118	109	52	49
139	114	54	46
218	145	49	53
140	111	66	58
133	114	53	56
133	125	53	53
124	126	36	44
102	122	58	30
120	130	41	36
118	138	34	40
101	137	42	44
113	150	45	37
116	145	47	45
117	153	45	42
119	105	44	46
122	88	42	47
131	83	41	48
141	95	42	44
165	107	30	48
147	107	37	48
165	67	38	38
152	72	44	28
167	57	42	32
163	69	49	32
168	62	51	26
178	58	36	27
191	64	29	27
171	53	48	24
165	91	56	22
193	102	27	43
193	102	25	43
202	71	30	20
190	101	22	23
190	66	23	27
183	47	23	33
184	40	22	47
182	20	26	31
177	7	33	27
155	49	46	21
150	86	55	37
148	64	52	39
181	92	42	39
160	143	28	40
126	110	49	17
121	113	58	19
121	112	49	21
128	89	56	34
125	76	51	25
189	122	34	39
185	133	42	31
188	134	35	35
188	142	34	32
177	155	35	27
185	150	33	32
184	156	35	32
196	145	33	33
188	147	33	39
180	167	35	38
164	171	43	35
164	165	44	35
172	164	41	33
172	156	32	42
171	153	36	42
170	141	36	41
169	138	37	40
165	128	33	42
161	129	32	47
166	122	49	41
193	132	32	51
195	145	30	40
196	138	27	43
147	90	24	41
137	77	34	39
140	75	22	42
176	48	38	34
122	68	43	38
184	44	23	43
181	99	30	19
178	100	25	27
179	129	23	38
166	120	35	34
166	116	34	42
162	113	42	35
157	87	22	35
147	104	37	30
147	98	33	41
146	89	37	36
112	81	57	39
111	77	52	37
120	85	47	35
118	89	51	39
111	94	44	35
108	92	44	40
104	94	50	48
88	115	66	24
111	109	38	39
114	112	31	44
121	121	45	33
90	127	60	38
104	126	47	38
94	132	68	24
94	141	69	28
84	144	59	22
92	140	58	24
118	161	39	28
152	151	25	42
131	171	44	24
139	163	36	43
148	164	37	42
146	160	41	50
190	168	26	46
166	156	30	40
168	156	26	39
166	172	31	38
162	159	38	46
140	154	54	41
146	159	56	32
159	149	49	39
158	150	47	38
155	140	49	45
183	149	34	56
145	131	50	33
152	82	48	47
146	128	48	30
147	109	43	35
149	114	40	25
149	107	40	27
157	101	39	30
171	127	33	44
152	110	44	37
148	90	52	36
181	119	24	45
154	121	48	40
157	113	33	40
156	90	36	33
168	119	25	58
153	106	38	40
149	90	39	36
146	92	37	34
145	90	28	33
142	90	33	28
141	97	36	32
130	106	43	30
132	107	37	29
105	116	66	29
113	119	58	22
91	118	62	23
103	137	58	38
131	143	47	28
152	143	48	20
155	148	42	35
155	151	42	35
164	151	48	41
170	158	34	47
180	160	31	43
180	158	32	41
176	167	41	29
188	170	32	25
192	172	25	38
204	176	24	30
208	179	23	23
205	174	22	34
206	169	20	35
213	184	20	36
219	179	22	46
210	172	24	40
216	178	29	29
211	176	25	30
209	164	27	29
197	166	41	26
197	157	36	41
193	150	36	52
162	130	52	45
175	149	51	37
169	139	55	46
169	135	53	37
165	127	53	40
166	125	54	40
158	119	50	33
143	108	53	42
147	107	47	39
135	100	52	42
128	96	50	50
112	90	57	58
133	104	45	56
117	95	50	49
117	96	40	39
132	98	25	41
172	102	37	33
175	103	31	25
174	60	24	33
162	51	26	51
164	28	23	46
152	81	31	25
152	36	26	25
147	31	24	27
140	43	24	34
112	92	58	27
97	120	53	53
105	139	60	31
103	149	56	34
98	149	58	35
106	155	64	36
109	152	58	42
104	166	59	43
103	145	60	36
131	151	47	24
156	138	19	40
150	178	31	35
142	189	31	34
91	174	42	39
156	183	38	44
173	170	43	50
178	171	41	49
183	173	31	45
203	171	37	43
214	175	23	42
214	173	26	30
222	170	22	31
223	165	21	34
222	162	23	33
224	158	24	33
225	159	21	26
224	148	25	37
224	156	24	26
222	147	27	32
222	150	28	17
223	147	26	20
212	139	35	26
200	140	45	24
202	133	41	39
203	124	39	46
198	128	34	42
196	130	37	41
199	118	33	47
180	120	46	46
180	113	44	44
159	112	57	48
176	122	44	42
161	129	52	33
145	126	56	33
159	131	49	36
141	131	53	35
140	141	51	27
143	137	46	35
145	147	42	30
148	137	42	37
152	133	45	40
155	130	42	43
163	136	38	33
165	130	34	34
168	131	32	29
167	127	33	37
165	125	34	30
163	117	40	34
167	117	36	31
164	105	42	41
169	80	32	43
160	91	32	32
159	89	33	31
152	85	48	32
150	96	38	36
149	92	41	23
147	95	45	21
142	94	37	25
151	97	47	20
141	92	45	24
139	89	38	31
136	84	43	38
136	87	43	50
135	102	45	50
128	91	37	44
130	88	63	34
123	80	46	38
121	80	42	29
112	81	59	25
109	78	57	31
124	72	41	43
111	67	48	39
108	64	46	45
117	67	46	46
100	65	48	52
125	67	41	46
98	64	48	42
89	70	45	37
105	66	40	31
100	71	32	32
97	79	38	25
85	81	63	27
101	78	46	45
113	81	40	49
122	95	42	43
124	106	38	36
119	112	47	28
116	125	53	20
76	165	63	24
104	148	57	22
122	137	39	43
90	147	60	23
102	144	47	47
102	149	53	36
108	132	42	40
113	128	39	49
117	132	40	39
123	132	39	42
135	130	41	39
138	111	35	48
146	106	40	44
149	99	32	50
156	102	38	39
157	89	41	41
154	84	49	30
161	79	48	33
156	72	51	40
156	68	49	47
157	65	45	38
158	59	43	37
173	65	31	45
167	60	39	45
166	70	42	45
172	94	29	53
139	76	42	41
146	68	37	46
148	67	39	50
147	76	40	50
148	75	42	53
156	96	36	41
161	100	29	39
161	118	29	22
162	116	25	25
163	123	28	26
163	127	33	27
169	135	34	27
175	141	31	22
183	145	24	21
180	140	30	27
177	132	37	38
170	138	50	28
192	142	40	33
189	134	46	39
185	150	32	34
150	164	29	29
152	163	25	31
153	156	22	33
132	124	21	49
157	163	31	42
134	148	28	42
134	152	30	43
150	151	31	45
152	135	30	48
157	145	23	48
173	131	21	40
169	132	19	38
177	127	17	47
188	118	19	36
217	82	35	41
192	116	33	36
227	156	36	39
231	159	32	28
223	139	31	36
220	134	35	35
212	123	40	32
208	117	41	36
210	107	38	38
193	104	25	44
191	72	31	43
230	52	21	46
178	66	35	45
158	46	51	47
185	53	59	44
197	54	48	39
204	117	34	33
202	122	38	40
215	112	36	42
202	120	48	36
192	119	49	39
192	116	48	51
198	118	27	39
176	134	32	35
149	121	50	25
143	77	61	25
141	75	67	27
142	106	62	45
144	99	48	51
148	125	48	37
151	136	45	36
163	152	40	31
160	162	38	35
177	175	39	31
187	184	37	29
195	184	33	38
205	187	32	43
210	198	40	43
217	192	43	47
212	206	53	41
213	204	51	42
250	213	35	35
254	203	29	37
254	203	29	37
254	195	29	32
262	190	24	30
255	188	25	26
246	172	34	23
257	166	24	26
258	164	24	18
250	159	26	18
251	151	25	23
247	137	21	31
237	128	27	40
232	130	36	26
242	123	19	34
246	113	41	54
298	103	47	33
242	108	36	27
227	106	38	42
195	131	48	31
140	114	64	38
176	134	37	40
198	121	40	35
233	106	43	41
225	113	38	45
246	114	82	28
308	113	37	34
