0.019651
0.243058
0.157081
0.194984
0.211804
0.163974
0.196891
0.201518
0.200684
0.197983
0.245590
0.199322
0.190396
0.166923
0.190771
0.177203
0.170899
0.164769
0.213072
0.244194
0.236457
0.220090
0.230098
0.295739
0.251083
0.240462
0.210638
0.193854
0.178874
0.216865
0.187730
0.191372
0.197355
0.193414
0.226074
0.192129
0.199812
0.221187
0.237151
0.223495
0.160220
0.206497
0.182638
0.162907
0.167511
0.196497
0.186835
0.174003
0.169508
0.198396
0.175847
0.158351
0.155247
0.182969
0.209970
0.196434
0.180209
0.166420
0.189145
0.176188
0.172095
0.191136
0.161340
0.175970
0.151755
0.187551
0.206407
0.196995
0.155414
0.151429
0.159364
0.217417
0.233262
0.175591
0.180709
0.174699
0.175383
0.204587
0.177933
0.176594
0.223382
0.192266
0.188840
0.160682
0.162654
0.170730
0.198785
0.171182
0.172181
0.174178
0.177358
0.153823
0.171139
0.189966
0.159094
0.211304
0.180616
0.191134
0.181471
0.213364
0.180699
0.150244
0.161168
0.172130
0.158427
0.138788
0.171347
0.165174
0.142682
0.192281
0.185333
0.155503
0.170297
0.152606
0.177797
0.190937
0.209920
0.204252
0.163883
0.159724
0.193362
0.175853
0.148175
0.137571
0.147798
0.164486
0.155097
0.172123
0.220004
0.182012
0.185283
0.176891
0.227703
0.159759
0.182004
0.204694
0.153314
0.156992
0.183337
0.176142
0.164696
0.164216
0.163972
0.158217
0.182820
0.155669
0.169777
0.161400
0.161053
0.199752
0.178020
0.183703
0.182485
0.228298
0.159506
0.200299
0.173712
0.179556
0.170973
0.164623
0.181426
0.151778
0.180941
0.193343
0.178158
0.184115
0.195917
0.179476
0.209161
0.177156
0.151145
0.211290
0.146733
0.205008
0.180130
0.203328
0.175311
0.189813
0.191775
0.191539
0.164994
0.198704
0.163170
0.191044
0.142703
0.211932
0.161771
0.166591
0.142625
0.204373
0.187273
0.180978
0.199304
0.216007
0.180859
0.202123
0.220975
0.181901
0.198323
0.201735
0.196376
0.204012
0.215261
0.191806
0.193340
0.202543
0.180603
0.196679
0.166560
0.176913
0.187914
0.183978
0.173988
0.187992
0.152430
0.167077
0.153128
0.206638
0.136135
0.183643
0.179756
0.166212
0.178819
0.199498
0.183202
0.190869
0.204153
0.158313
0.191277
0.179763
0.188121
0.210953
0.160490
0.196789
0.165459
0.158894
0.158258
0.159091
0.150368
0.188435
0.169193
0.153204
0.179326
0.183640
0.178396
0.159497
0.181735
0.156922
0.188293
0.156339
0.203048
0.152027
0.161109
0.166950
0.156391
0.160141
0.177553
0.192830
0.185325
0.180137
0.188591
0.194420
0.164639
0.184219
0.169175
0.198680
0.173078
0.192510
0.150631
0.182513
0.145083
0.158684
0.202573
0.216418
0.157695
0.199431
0.165617
0.153919
0.157555
0.219102
0.149004
0.184848
0.206541
0.189469
0.178403
0.189756
0.194283
0.212666
0.213217
0.185705
0.171985
0.176806
0.160427
0.123241
0.100590
0.117661
0.139079
0.157110
0.145855
0.201373
0.182574
0.160858
0.187910
0.202978
0.162472
0.193341
0.172690
0.175127
0.171432
0.189428
0.150454
0.165053
0.130625
0.177489
0.152004
0.221275
0.169522
0.201106
0.178262
0.166018
0.176710
0.161716
0.167764
0.180551
0.169692
0.150670
0.228560
0.176346
0.175343
0.160627
0.161292
0.167895
0.194087
0.186184
0.167682
0.138335
0.137384
0.163455
0.176641
0.196645
0.180004
0.174761
0.190342
0.167225
0.172975
0.168968
0.162913
0.158769
0.232274
0.223984
0.200546
0.178254
0.204735
0.168547
0.218040
0.205223
0.177965
0.181933
0.177582
0.179298
0.205400
0.168720
0.170911
0.164553
0.180038
0.157731
0.264674
0.165917
0.226638
0.204443
0.156208
0.191055
0.206244
0.184947
0.177725
0.185991
0.180493
0.192491
0.182227
0.177866
0.188053
0.190688
0.181016
0.179325
0.201232
0.185457
0.219298
0.177532
0.210361
0.201509
0.205257
0.217884
0.224429
0.196366
0.171417
0.184672
0.184308
0.159042
0.165260
0.192024
0.162048
0.195278
0.195741
0.191952
0.176156
0.187516
0.194134
0.150480
0.166034
0.166060
0.161611
0.173153
0.186460
0.194550
0.179223
0.171984
0.169415
0.174037
0.167727
0.190680
0.188780
0.165668
0.181461
0.213137
0.223851
0.184549
0.176882
0.186885
0.163227
0.192868
0.167787
0.201147
0.160853
0.170404
0.143689
0.166933
0.195807
0.167818
0.230082
0.194769
0.179071
0.178864
0.156034
0.173384
0.181307
0.186138
0.181397
0.203050
0.209929
0.195942
0.192648
0.181364
0.178173
0.201338
0.172536
0.169014
0.166088
0.145718
0.135484
0.142236
0.171650
0.143391
0.125266
0.152558
0.157070
0.147617
0.167334
0.180216
0.161001
0.166028
0.186281
0.167278
0.175035
0.179842
0.177330
0.155571
0.166633
0.197343
0.177342
0.187591
0.206667
0.209900
0.205909
0.160718
0.206642
0.230054
0.164650
0.193158
0.166418
0.161456
0.173680
0.158779
0.183802
0.185384
0.155922
0.179718
0.186793
0.174195
0.192204
0.185605
0.171564
0.198972
0.133917
0.158115
0.194425
0.195431
0.168517
0.174070
0.162364
0.176895
0.216316
0.199210
0.152070
0.220838
0.194084
0.145326
0.142626
0.138473
0.130236
0.139657
0.107096
0.128488
0.142614
0.141284
0.178405
0.193532
0.170763
0.164562
0.170786
0.189495
0.212399
0.125830
0.161156
0.169348
0.155847
0.180053
0.196949
0.176529
0.183491
0.208947
0.204421
0.159501
0.162348
0.200181
0.154659
0.206515
0.166260
0.189004
0.179734
0.177760
0.168566
0.187268
0.153837
0.203881
0.208166
0.188124
0.170901
0.179282
0.173469
0.189291
0.187970
0.189746
0.160008
0.184049
0.197117
0.155434
0.196234
0.185385
0.172609
0.181271
0.157950
0.172242
0.166674
0.202850
0.236329
0.216924
0.228644
0.200521
0.211574
0.211896
0.184074
0.199926
0.201983
0.185077
0.163705
0.229006
0.196223
0.215172
0.181636
0.196516
0.151668
0.200670
0.200931
0.219398
0.193505
0.198222
0.177265
0.200917
0.153845
0.181714
0.180909
0.182774
0.131639
0.174652
0.164860
0.176481
0.167321
0.216725
0.160861
0.192353
0.203886
0.201991
0.162458
0.180666
0.191701
0.211798
0.178030
0.192744
0.188051
0.143152
0.178121
0.142974
0.145999
0.182907
0.182744
0.199618
0.193823
0.160425
0.156817
0.173797
0.203523
0.195099
0.167364
0.200928
0.150461
0.164937
0.129658
0.163116
0.134955
0.184644
0.153765
0.174248
0.145221
0.149175
0.181501
0.164574
0.184969
0.143939
0.122767
0.133756
0.208076
0.161047
0.144447
0.169862
0.162626
0.157905
0.177491
0.189785
0.179042
0.156865
0.136318
0.145303
0.153402
0.163553
0.216266
0.175834
0.168989
0.150781
0.159630
0.181353
0.164704
0.150252
0.169940
0.150000
0.148234
0.146153
0.138912
0.136988
0.125468
0.151798
0.125584
0.119999
0.145695
0.193130
0.221163
0.179033
0.170792
0.197796
0.160397
0.191068
0.182633
0.142374
0.156729
0.178122
0.173554
0.171809
0.148924
0.142990
0.149077
0.152214
0.152851
0.159637
0.165493
0.177649
0.171623
0.174765
0.149653
0.172709
0.169081
0.156097
0.142094
0.180092
0.170688
0.134973
0.182645
0.125348
0.151286
0.191511
0.126492
0.136691
0.154019
0.135613
0.156869
0.148659
0.140654
0.146579
0.178194
0.155657
0.162679
0.172867
0.145412
0.138758
0.152633
0.161919
0.183225
0.162908
0.141349
0.166165
0.131823
0.160038
0.148979
0.114010
0.131430
0.180462
0.190679
0.151083
0.146612
0.133448
0.127982
0.152060
0.197153
0.165176
0.149769
0.127888
0.144001
0.163627
0.178584
0.165806
0.166407
0.174765
0.162908
0.182898
0.182048
0.145787
0.180624
0.196802
0.155871
0.195806
0.157147
0.173947
0.150433
0.166376
0.195057
0.171806
0.166787
0.193378
0.191442
0.180321
0.189258
0.178252
0.178015
0.152242
0.132596
0.140441
0.178335
0.181106
0.160232
0.177171
0.148837
0.152987
0.169910
0.160547
0.166731
0.156713
0.148559
0.157338
0.156278
0.157042
0.128831
0.134001
0.131094
0.136415
0.088579
0.109971
0.150321
0.142368
0.143112
0.143839
0.136029
0.133994
0.108144
0.130382
0.163691
0.142094
0.118221
0.119024
0.131331
0.129427
0.162593
0.162884
0.136795
0.137492
0.120123
0.145275
0.136705
0.139408
0.122259
0.101018
0.114042
0.140291
0.132446
0.126220
0.122910
0.147128
0.163494
0.139401
0.138434
0.142970
0.125036
0.131674
0.114659
0.128662
0.127775
0.107843
0.135088
0.136921
0.156117
0.137234
0.132008
0.128165
0.132560
0.138043
0.142422
0.136720
0.143669
0.123593
0.146125
0.140200
0.149285
0.136773
0.127028
0.133976
0.123999
0.152903
0.132303
0.161141
0.120029
0.166162
0.125288
0.130372
0.137034
0.136423
0.131402
0.122274
0.132448
0.124594
0.138832
0.176398
0.154156
0.129622
0.120721
0.128834
0.127889
0.144911
0.114519
0.127783
0.128497
0.151612
0.127178
0.104593
0.136271
0.118790
0.126744
0.122483
0.139616
0.148172
0.134535
0.132182
0.132186
0.139493
0.113445
0.132315
0.138017
0.142373
0.157549
0.112797
0.141546
0.133923
0.122872
0.152335
0.144232
0.141496
0.145238
0.147449
0.146702
0.129788
0.138616
0.122946
0.126044
0.130931
0.145257
0.129571
0.096053
0.127686
0.121212
0.099942
0.122286
0.145156
0.141531
0.147133
0.124819
0.118633
0.147380
0.119443
0.159458
0.157526
0.126180
0.131637
0.130430
0.090410
0.114877
0.123198
0.127576
0.099673
0.103603
0.092949
0.113829
0.094653
0.121598
0.098659
0.100204
0.109346
0.127977
0.109231
0.113519
0.110357
0.092277
0.082724
0.132185
0.091463
0.108528
0.118694
0.093142
0.117953
0.101554
0.105017
0.087524
0.094082
0.095137
0.099679
0.117912
0.103369
0.136985
0.091574
0.086559
0.099267
0.143815
0.118711
0.134359
0.110336
0.095917
0.121407
0.108133
0.075729
0.098947
0.097862
0.102709
0.118615
0.125103
0.098744
0.108463
0.113227
0.094053
0.098433
0.114057
0.106596
0.109937
0.118205
0.100236
0.107495
0.091059
0.090405
0.092345
0.087291
0.097284
0.083982
0.095131
0.089173
0.083324
0.110233
0.079914
0.100652
0.126724
0.101493
0.103297
0.116489
0.109926
0.119252
0.118200
0.114366
0.114742
0.112805
0.112133
0.090370
0.085985
0.093784
0.122939
0.111283
0.120157
0.107518
0.111783
0.137079
0.117742
0.129089
0.119919
0.134874
0.148003
0.122651
0.125001
0.156084
0.148864
0.151259
0.143835
0.169621
0.107367
0.090923
0.103356
0.098963
0.126987
0.109375
0.121048
0.126344
0.132645
0.128623
0.128233
0.116630
0.129855
0.096920
0.094955
0.105596
0.114987
0.133132
0.112415
0.096317
0.110817
0.140313
0.121937
0.092471
0.114462
0.101472
0.113664
0.108763
0.113904
0.115781
0.121000
0.118445
0.101023
0.124892
0.152424
0.127544
0.107535
0.117372
0.112238
0.121579
0.110971
0.108452
0.120453
0.114989
0.110701
0.120612
0.101190
0.118590
0.106634
0.133325
0.115449
0.097282
0.094009
0.100330
0.110587
0.116235
0.123505
0.116385
0.108866
0.135608
0.128811
0.121156
0.109773
0.099263
0.109601
0.110144
0.113656
0.119009
0.121453
0.106255
0.123174
0.109408
0.125071
0.112456
0.107969
0.098555
0.115842
0.114745
0.105472
0.115046
0.111607
0.101578
0.134002
0.110158
0.115465
0.091290
0.099272
0.078835
0.080441
0.075242
0.071935
0.075422
0.085147
0.084692
0.081367
0.084253
0.082754
0.082345
0.070774
0.074377
0.081639
0.074190
0.078960
0.072913
0.080390
0.085092
0.091281
0.110521
0.087367
0.075126
0.074657
0.079457
0.059909
0.061983
0.081479
0.092476
0.085126
0.092784
0.082467
0.067878
0.067656
0.076810
0.075308
0.070095
0.071831
0.081930
0.080006
0.060914
0.068933
0.078000
0.067277
0.079147
0.080988
0.086278
0.081306
0.086183
0.086875
0.086485
0.079493
0.069162
0.073519
0.080900
0.084655
0.082277
0.076970
0.060359
0.082844
0.071552
0.076455
0.068292
0.065507
0.075421
0.066637
0.079548
0.087831
0.106169
0.063924
0.090867
0.088834
0.078811
0.096962
0.074893
0.066826
0.060087
0.088628
0.084975
0.076289
0.068113
0.085514
0.070524
0.066484
0.076308
0.102265
0.082761
0.073489
0.072708
0.083930
0.088939
0.080685
0.088143
0.082942
0.081067
0.080552
0.069808
0.067042
0.089167
0.083039
0.092067
0.076983
0.071324
0.084919
0.076680
0.084869
0.072247
0.073614
0.073154
0.074362
0.073163
0.074975
0.069220
0.071910
0.091085
0.077661
0.091742
0.075070
0.069904
0.084998
0.068453
0.084724
0.080653
0.078486
0.069990
0.076069
0.077932
0.079201
0.081310
0.080774
0.091918
0.086667
0.091943
0.078063
0.083409
0.091280
0.082273
0.087023
0.092034
0.081439
0.083655
0.072691
0.081755
0.066536
0.070832
0.079530
0.088488
0.084106
0.097617
0.089751
0.076972
0.083136
0.092038
0.097788
0.118589
0.081754
0.088134
0.083472
0.073632
0.077944
0.084974
0.083707
0.097287
0.063320
0.070248
0.079263
0.089501
0.092939
0.092928
0.103536
0.092812
0.085371
0.086381
0.096444
0.098936
0.073654
0.066233
0.071695
0.075055
0.075312
0.075101
0.079125
0.092727
0.088777
0.079491
0.077262
0.077575
0.079680
0.076431
0.072469
0.079239
0.080057
0.071463
0.078593
0.084920
0.092376
0.075130
0.079842
0.095891
0.077031
0.091962
0.083393
0.073873
0.085294
0.069234
0.086998
0.082825
0.084879
0.092946
0.090808
0.106937
0.081925
0.090763
0.063978
0.085733
0.094920
0.097322
0.077674
0.073739
0.088820
0.103375
0.089911
0.069509
0.077709
0.082866
0.087393
0.075146
0.064886
0.090954
0.083158
0.074816
0.092091
0.079849
0.088403
0.084918
0.083938
0.071404
0.075645
0.066272
0.068799
0.056330
0.072371
0.062779
0.093467
0.079708
0.091567
0.082746
0.074610
0.087548
0.087729
0.080581
0.089468
0.086707
0.090633
0.087692
0.097990
0.078257
0.079331
0.079886
0.080873
0.085725
0.085477
0.090630
0.080783
0.064645
0.072665
0.077230
0.077408
0.095176
0.091110
0.116441
0.090973
0.108019
0.106354
0.103961
0.118101
0.107292
0.104080
0.105810
0.118666
0.099797
0.106543
0.116115
0.104526
0.112546
0.076762
0.083108
0.089507
0.097375
0.097355
0.089947
0.086262
0.108444
0.084302
0.080917
0.085850
0.084893
0.095065
0.098469
0.088516
0.100148
0.080859
0.094406
0.110792
0.084037
0.090327
0.071331
0.069423
0.094938
0.092694
0.097242
0.096471
0.068519
0.073966
0.062700
0.053038
0.063365
0.078621
0.067284
0.056061
0.057264
0.058578
0.053633
0.062924
0.074609
0.053667
0.059324
0.072562
0.076008
0.072483
0.068686
0.066674
0.055725
0.053408
0.064127
0.072535
0.073545
0.065838
0.057743
0.069447
0.058561
0.067259
0.065255
0.066182
0.079499
0.061906
0.071804
0.080630
0.061685
0.064431
0.082304
0.057004
0.062319
0.055576
0.066659
0.055614
0.058093
0.061925
0.075825
0.073685
0.052124
0.056437
0.065351
0.068568
0.071074
0.058701
0.059959
0.071872
0.056152
0.060932
0.070936
0.062837
0.053655
0.060285
0.061011
0.061570
0.058367
0.074392
0.064253
0.043916
0.057122
0.064259
0.065411
0.052666
0.060643
0.056793
0.060645
0.069323
0.060452
0.058213
0.068019
0.085536
0.066055
0.065620
0.059994
0.056686
0.062411
0.056308
0.060126
0.060907
0.050741
0.050854
0.053494
0.073600
0.068453
0.065165
0.067231
0.058197
0.068807
0.069735
0.053528
0.049451
0.061801
0.040948
0.064291
0.066274
0.055668
0.054729
0.049629
0.058321
0.063286
0.059242
0.047216
0.043456
0.046031
0.059927
0.062966
0.074288
0.064032
0.058257
0.038830
0.041934
0.033623
0.043836
0.043207
0.054323
0.049855
0.061606
0.060033
0.059074
0.052373
0.052974
0.069566
0.066960
0.054305
0.045895
0.054311
0.049474
0.045723
0.062196
0.037619
0.058196
0.070250
0.073387
0.066447
0.067278
0.074628
0.047532
0.063519
0.075945
0.075228
0.055951
0.079032
0.063066
0.055381
0.048443
0.050477
0.046881
0.069829
0.065642
0.047269
0.053164
0.040642
0.046456
0.060677
0.066294
0.053403
0.053576
0.059057
0.054508
0.061538
0.063245
0.062291
0.047270
0.069877
0.073345
0.050806
0.058901
0.036004
0.063686
0.063425
0.072461
0.061535
0.050430
0.060049
0.078024
0.066327
0.072594
0.057894
0.049402
0.060876
0.071213
0.056531
0.053940
0.047789
0.060260
0.063623
0.064551
0.065967
0.067912
0.070679
0.059626
0.071585
0.071842
0.078329
0.071887
0.072595
0.059546
0.061146
0.062269
0.055018
0.060601
0.060931
0.066759
0.069902
0.061083
0.063115
0.051975
0.054654
0.055918
0.054962
0.049462
0.063765
0.069737
0.065047
0.061216
0.065422
0.068391
0.062185
0.057479
0.066447
0.062734
0.068535
0.067554
0.067977
0.049258
0.055228
0.043445
0.054179
0.043800
0.058271
0.068353
0.071928
0.065022
0.059006
0.058775
0.053488
0.042888
0.058241
0.054729
0.051408
0.054344
0.067029
0.052112
0.073497
0.052997
0.052975
0.067281
0.041784
0.051293
0.083197
0.061086
0.069408
0.055405
0.057939
0.047799
0.057648
0.049722
0.043040
0.044866
0.055397
0.052084
0.046505
0.047129
0.069810
0.055199
0.061099
0.053887
0.062136
0.058427
0.063543
0.073787
0.079449
0.058084
0.065156
0.051525
0.044634
0.042516
0.052026
0.057112
0.056233
0.043336
0.044694
0.038685
0.044256
0.048940
0.044357
0.056560
0.063101
0.046952
0.071295
0.050647
0.046493
0.044997
0.043905
0.070063
0.042972
0.044824
0.047425
0.038582
0.044369
0.042233
0.049753
0.042848
0.045982
0.036753
0.040870
0.048483
0.043345
0.045626
0.049545
0.059675
0.060755
0.062278
0.080633
0.068551
0.058846
0.053490
0.071759
0.060775
0.055233
0.034514
0.061316
0.058735
0.080133
0.081313
0.067645
0.039327
0.042825
0.037503
0.047352
0.042305
0.034189
0.036612
0.038649
0.033100
0.039361
0.038681
0.034115
0.037514
0.029614
0.040764
0.042804
0.033821
0.033933
0.029818
0.034770
0.027562
0.040853
0.045564
0.038855
0.035095
0.036473
0.038142
0.038470
0.042542
0.037737
0.042109
0.041623
0.037732
0.039699
0.035913
0.030104
0.035426
0.034208
0.035877
0.041744
0.038138
0.036072
0.042029
0.036834
0.037615
0.031550
0.028850
0.041038
0.030659
0.041523
0.028406
0.035764
0.035954
0.035648
0.036390
0.033376
0.033426
0.028099
0.038421
0.026525
0.032984
0.033365
0.038814
0.033962
0.034765
0.033771
0.037701
0.027349
0.033062
0.036782
0.026988
0.043957
0.044176
0.026772
0.033144
0.035892
0.036044
0.035567
0.041959
0.038057
0.037325
0.041435
0.033714
0.034440
0.038460
0.035424
0.029856
0.037724
0.038323
0.036870
0.035488
0.032900
0.041053
0.027193
0.033275
0.032542
0.036290
0.035195
0.036189
0.037604
0.033762
0.038537
0.034496
0.028490
0.040843
0.028643
0.030862
0.035766
0.036498
0.034039
0.032288
0.040433
0.038829
0.033893
0.034767
0.040573
0.041496
0.039029
0.039881
0.043105
0.027655
0.032773
0.033255
0.040169
0.037335
0.041867
0.038655
0.042539
0.032360
0.037798
0.035563
0.037586
0.037475
0.029106
0.029764
0.038552
0.041826
0.032105
0.040741
0.035062
0.038613
0.035278
0.039507
0.033375
0.036031
0.043597
0.038147
0.026232
0.022899
0.033267
0.031824
0.036419
0.044082
0.034306
0.033782
0.030810
0.032496
0.032858
0.033204
0.024287
0.040368
0.032715
0.036119
0.034335
0.026757
0.031630
0.038087
0.033273
0.036469
0.035149
0.038286
0.040744
0.043612
0.041380
0.034254
0.041282
0.043800
0.040371
0.044219
0.045112
0.039208
0.031678
0.034446
0.046107
0.037396
0.042411
0.040411
0.040764
0.041329
0.042280
0.043056
