0.028017
1.780545
0.045523
0.045546
0.048830
0.073837
0.043819
0.043294
0.044262
0.043662
0.043360
0.045742
0.096226
0.053415
0.047273
0.049173
0.068948
0.044512
0.044042
0.052882
0.045023
0.047443
0.067530
0.052175
0.044180
0.045713
0.043921
0.054064
0.045802
0.043588
0.096752
0.097045
0.078490
0.083552
0.047858
0.077251
0.047966
0.062013
0.075218
0.170107
0.168291
0.210750
0.155166
0.116020
0.111153
0.099421
0.106032
0.139307
0.134187
0.134466
0.149831
0.098118
0.118510
0.137743
0.158277
0.054338
0.131799
0.131111
0.146426
0.125198
0.114504
0.138440
0.143943
0.158353
0.159608
0.137764
0.132316
0.154953
0.151241
0.241500
0.229723
0.243018
0.334324
0.302522
0.258040
0.277185
0.253032
0.257147
0.205309
0.254842
0.343408
0.315129
0.276319
0.266488
0.261345
0.292959
0.258547
0.272810
0.431405
0.251768
0.277282
0.372555
0.437726
0.305035
0.250741
0.214906
0.266308
0.309763
0.265066
0.351351
0.566566
0.267780
0.289290
0.315759
0.431744
0.350785
0.314649
0.365725
0.334238
0.331701
0.364028
0.328903
0.249665
0.276445
0.324268
0.352860
0.334992
0.426125
0.244720
0.240334
0.491965
0.398719
0.300483
0.239067
0.266942
0.265020
0.235329
0.230454
0.269775
0.236507
0.236160
0.306208
0.244602
0.247564
0.274522
0.319538
0.248608
0.217435
0.261969
0.288126
0.267971
0.236906
0.300874
0.238801
0.271213
0.298861
0.253887
0.274895
0.235622
0.245752
0.214303
0.242454
0.227898
0.250047
0.264221
0.245787
0.259842
0.334313
0.297136
0.322125
0.351723
0.238585
0.240736
0.253867
0.276987
0.269299
0.254874
0.340392
0.252289
0.240904
0.260802
0.248035
0.199136
0.297976
0.267801
0.232942
0.235500
0.251834
0.250680
0.222396
0.171129
0.211320
0.211939
0.249369
0.210917
0.226481
0.229186
0.213852
0.327752
0.184478
0.219124
0.215033
0.328913
0.198220
0.210294
0.314181
0.260545
0.202838
0.236096
0.231818
0.254071
0.262321
0.299981
0.321951
0.295769
0.302301
0.241241
0.249093
0.242952
0.234797
0.218719
0.278402
0.254778
0.299626
0.226221
0.255344
0.246982
0.217829
0.353654
0.343242
0.286789
0.297732
0.368128
0.335253
0.326068
0.307647
0.272618
0.259876
0.257973
0.227211
0.332956
0.248656
0.288605
0.245739
0.243961
0.308654
0.214558
0.255554
0.287712
0.281527
0.250050
0.230229
0.273161
0.233885
0.295510
0.250173
0.256820
0.368499
0.189571
0.212296
0.251087
0.197428
0.205217
0.296350
0.187984
0.229673
0.219079
0.228725
0.243185
0.217048
0.335057
0.275918
0.230867
0.212183
0.211809
0.237096
0.210193
0.196722
0.291626
0.210275
0.241464
0.246819
0.227058
0.195873
0.237826
0.239967
0.243695
0.218542
0.245881
0.309205
0.302380
0.266960
0.285767
0.239777
0.230099
0.269163
0.243139
0.350037
0.283807
0.284459
0.297126
0.206357
0.288152
0.287141
0.302047
0.349808
0.262873
0.272071
0.252438
0.249529
0.253070
0.273981
0.285858
0.268672
0.251451
0.275651
0.291582
0.175565
0.216356
0.250443
0.231355
0.234801
0.255575
0.341896
0.284838
0.298069
0.306823
0.218536
0.265099
0.266489
0.220795
0.259154
0.292542
0.233738
0.323919
0.273379
0.288653
0.295892
0.285767
0.286876
0.277096
0.293608
0.242700
0.262301
0.264680
0.269215
0.220623
0.267542
0.227550
0.223958
0.232884
0.286395
0.269364
0.232501
0.259994
0.283228
0.255688
0.248749
0.261827
0.267685
0.292363
0.318815
0.246511
0.261803
0.286088
0.295458
0.267201
0.235378
0.245447
0.296928
0.317271
0.317892
0.311873
0.296500
0.298805
0.256645
0.200882
0.322134
0.306828
0.236999
0.302461
0.248850
0.233774
0.303661
0.247231
0.304702
0.271807
0.324538
0.368915
0.273355
0.237793
0.234370
0.241734
0.239952
0.306842
0.323517
0.286792
0.242783
0.270029
0.236141
0.316943
0.218665
0.288946
0.293483
0.247867
0.227487
0.245235
0.256976
0.211273
0.273358
0.236455
0.302865
0.261307
0.356248
0.289315
0.339965
0.213300
0.300312
0.247789
0.275052
0.239676
0.306252
0.253799
0.224484
0.269917
0.266191
0.249646
0.268674
0.270674
0.245253
0.236145
0.261055
0.287327
0.309222
0.249979
0.306041
0.209281
0.258756
0.263010
0.289145
0.242722
0.240133
0.313996
0.248607
0.274255
0.278973
0.271877
0.238344
0.270564
0.313535
0.331875
0.280576
0.275709
0.290729
0.284092
0.229159
0.285181
0.274188
0.195997
0.314515
0.228060
0.204961
0.256870
0.288620
0.246973
0.243075
0.293448
0.229621
0.283705
0.211948
0.261649
0.256649
0.278147
0.252944
0.209116
0.289171
0.224526
0.266412
0.243915
0.239577
0.226543
0.234278
0.224489
0.268121
0.246573
0.276326
0.240445
0.360487
0.320390
0.215127
0.280555
0.252558
0.303248
0.288260
0.295361
0.255378
0.245157
0.294914
0.279702
0.242840
0.220926
0.259474
0.280831
0.238562
0.283895
0.243591
0.254514
0.224684
0.212998
0.271575
0.270927
0.244101
0.202112
0.319400
0.240776
0.214838
0.289555
0.240005
0.237707
0.225316
0.227234
0.228795
0.240454
0.237806
0.242117
0.257391
0.257542
0.246337
0.230688
0.300764
0.217818
0.211481
0.248290
0.222772
0.306273
0.284679
0.259930
0.197872
0.287602
0.284683
0.204036
0.240496
0.263216
0.212337
0.231755
0.220240
0.199124
0.244733
0.239408
0.248323
0.233235
0.234042
0.239327
0.239194
0.271260
0.258616
0.230044
0.312554
0.232644
0.363437
0.357406
0.279339
0.190380
0.228651
0.285006
0.211152
0.334356
0.281580
0.255558
0.321676
0.330623
0.231404
0.336060
0.331968
0.356527
0.242439
0.326704
0.274551
0.432672
0.313783
0.310137
0.191940
0.300086
0.290486
0.211978
0.264499
0.257735
0.241774
0.233517
0.239445
0.240089
0.197112
0.252985
0.220176
0.252311
0.258160
0.279915
0.303319
0.288547
0.244764
0.261901
0.316410
0.285070
0.230295
0.256874
0.264247
0.261273
0.246322
0.260864
0.282170
0.258559
0.222975
0.217517
0.275809
0.244266
0.213554
0.279596
0.225440
0.235423
0.238053
0.263678
0.205377
0.268585
0.211397
0.252249
0.271920
0.265370
0.323690
0.264661
0.238822
0.264310
0.330315
0.319556
0.375775
0.382864
0.309585
0.344824
0.297194
0.350772
0.373078
0.466153
0.445396
0.247390
0.309242
0.338873
0.416213
0.317086
0.305810
0.294840
0.247863
0.238171
0.299318
0.285061
0.249548
0.226952
0.236657
0.299821
0.278817
0.365514
0.274505
0.255188
0.281665
0.275083
0.288442
0.258483
0.243390
0.194056
0.238827
0.253236
0.254501
0.198084
0.229800
0.220907
0.227693
0.256899
0.258801
0.247741
0.289893
0.271307
0.232180
0.308516
0.227837
0.272388
0.280163
0.253820
0.299222
0.243017
0.236637
0.201513
0.249226
0.255155
0.265293
0.240952
0.262438
0.226460
0.241743
0.258494
0.305241
0.242723
0.273626
0.247104
0.279756
0.287151
0.281749
0.241792
0.210825
0.200674
0.276888
0.248891
0.229125
0.276482
0.186200
0.229810
0.260249
0.265797
0.174806
0.238309
0.335611
0.224510
0.241576
0.247800
0.268559
0.257523
0.231903
0.283243
0.302535
0.233149
0.182775
0.238424
0.192721
0.260013
0.274020
0.272527
0.229711
0.210665
0.233370
0.301267
0.215431
0.185165
0.230168
0.251743
0.260275
0.235286
0.227293
0.239288
0.221025
0.226061
0.269496
0.271624
0.296173
0.207798
0.267006
0.265292
0.206955
0.202584
0.242248
0.242677
0.225161
0.239127
0.224375
0.228977
0.218789
0.264031
0.214076
0.255818
0.252343
0.241492
0.235451
0.222991
0.264492
0.221464
0.199355
0.220402
0.171446
0.243423
0.239237
0.202857
0.232398
0.207605
0.194643
0.233811
0.221094
0.243624
0.226265
0.245781
0.268451
0.361169
0.415819
0.323642
0.247318
0.365157
0.295809
0.351831
0.385097
0.424134
0.276698
0.312832
0.318423
0.376046
0.258404
0.416341
0.281684
0.373982
0.333057
0.284436
0.249448
0.268231
0.285856
0.296603
0.369907
0.232289
0.300039
0.252347
0.275948
0.260295
0.231314
0.237309
0.237346
0.255850
0.215121
0.229776
0.268533
0.228327
0.272056
0.226812
0.298974
0.263461
0.128210
0.305963
0.236722
0.213887
0.259981
0.291315
0.202669
0.209048
0.253552
0.233892
0.266532
0.260574
0.265858
0.248189
0.227732
0.302525
0.240449
0.254604
0.303072
0.315652
0.212469
0.303079
0.265298
0.241253
0.243928
0.229426
0.298398
0.242219
0.236209
0.241921
0.208835
0.222109
0.234222
0.237604
0.229424
0.195230
0.283170
0.253891
0.253049
0.254104
0.290776
0.281347
0.240918
0.246176
0.280504
0.222902
0.252287
0.177093
0.205415
0.259510
0.371466
0.295308
0.256448
0.237777
0.220272
0.238325
0.254805
0.249234
0.263933
0.259749
0.270488
0.236761
0.219429
0.232599
0.192103
0.255073
0.202472
0.248746
0.210210
0.193257
0.257191
0.237705
0.231652
0.243707
0.255299
0.249465
0.300632
0.320491
0.298562
0.208534
0.269138
0.254187
0.229517
0.250720
0.192809
0.270578
0.295680
0.196948
0.187374
0.318402
0.229198
0.229520
0.258707
0.309813
0.264964
0.203146
0.253817
0.216070
0.251015
0.195627
0.248671
0.230644
0.274333
0.288994
0.251781
0.204860
0.278007
0.234536
0.222534
0.249377
0.237269
0.250061
0.254552
0.228747
0.196057
0.305538
0.300993
0.238109
0.233028
0.471598
0.393426
0.376547
0.328387
0.461489
0.341965
0.227198
0.459114
0.223540
0.228923
0.374233
0.199695
0.426547
0.396980
0.308425
0.271637
0.288230
0.321217
0.310276
0.280009
0.243452
0.275431
0.315155
0.361394
0.363783
0.512977
0.340667
0.377608
0.339870
0.305551
0.352804
0.267410
0.277150
0.263646
0.238949
0.328975
0.228215
0.338991
0.392562
0.314226
0.234722
0.212761
0.252334
0.268225
0.272672
0.197885
0.258358
0.229572
0.259383
0.233713
0.193735
0.243998
0.248425
0.168715
0.220185
0.223155
0.278222
0.307696
0.341078
0.230791
0.232514
0.286354
0.280296
0.266697
0.291017
0.251243
0.240510
0.250120
0.280256
0.229372
0.222353
0.264157
0.194706
0.222305
0.261193
0.253249
0.247226
0.278473
0.256986
0.260664
0.284625
0.255265
0.226990
0.271039
0.236307
0.231421
0.245670
0.269503
0.215578
0.289485
0.273324
0.202821
0.244944
0.249077
0.274171
0.223600
0.295520
0.269790
0.243939
0.246425
0.216185
0.258386
0.236239
0.284966
0.255130
0.237329
0.281895
0.243776
0.246028
0.233268
0.253867
0.269707
0.304901
0.231179
0.259065
0.305473
0.210349
0.249031
0.249341
0.270486
0.223318
0.283803
0.187098
0.269657
0.311541
0.422931
0.317524
0.272485
0.222867
0.219879
0.266413
0.267867
0.190681
0.286388
0.226604
0.254707
0.249820
0.278481
0.278760
0.262633
0.307964
0.291047
0.244493
0.294224
0.207017
0.215440
0.256153
0.225525
0.234694
0.284858
0.283573
0.225445
0.234276
0.245787
0.244738
0.286723
0.220699
0.259419
0.267066
0.250566
0.297511
0.248102
0.226654
0.211124
0.323142
0.198828
0.240833
0.275541
0.241478
0.234745
0.263980
0.279602
0.231640
0.236102
0.273825
0.235811
0.290318
0.268785
0.227587
0.259935
0.278501
0.274699
0.247988
0.240924
0.236755
0.283505
0.275413
0.265310
0.233824
0.305275
0.201846
0.311032
0.290021
0.392994
0.356985
0.273105
0.245868
0.376331
0.474880
0.332193
0.310379
0.408049
0.367651
0.308141
0.260245
0.255090
0.203610
0.472002
0.311168
0.260212
0.350037
0.346074
0.217611
0.295994
0.237575
0.263530
0.208461
0.249932
0.240795
0.262875
0.302458
0.233124
0.231617
0.169242
0.260139
0.170311
0.257348
0.220188
0.243321
0.183244
0.294101
0.291478
0.246152
0.256104
0.293390
0.249388
0.277165
0.217070
0.257650
0.236520
0.245278
0.166891
0.268810
0.235806
0.221732
0.238013
0.254083
0.233258
0.238892
0.223239
0.280515
0.178789
0.242242
0.194601
0.274678
0.258736
0.239220
0.236175
0.226880
0.193936
0.231215
0.276073
0.308443
0.245793
0.263556
0.198338
0.301642
0.241514
0.286915
0.269049
0.222883
0.225305
0.221679
0.351386
0.294993
0.241573
0.276968
0.238581
0.248075
0.249098
0.191727
0.257676
0.228580
0.360576
0.247491
0.218381
0.260340
0.298011
0.265707
0.231459
0.236513
0.208714
0.253103
0.224655
0.261665
0.219290
0.219624
0.265343
0.206961
0.271854
0.253900
0.269806
0.256756
0.207518
0.278024
0.265532
0.251159
0.235581
0.246116
0.331552
0.213342
0.248560
0.257830
0.270319
0.269595
0.205484
0.267742
0.333424
0.314444
0.299961
0.261492
0.256437
0.272189
0.301139
0.273089
0.242666
0.255858
0.245435
0.273253
0.340599
0.261142
0.287050
0.229953
0.205014
0.275079
0.287434
0.236214
0.326179
0.283694
0.238252
0.313801
0.312052
0.281933
0.246668
0.267854
0.287289
0.253174
0.260432
0.231099
0.312483
0.246701
0.193058
0.273974
0.242338
0.234306
0.303314
0.275073
0.248475
0.251457
0.227748
0.203057
0.250402
0.212013
0.263665
0.279447
0.318648
0.257149
0.255367
0.225862
0.283086
0.302257
0.292753
0.299011
0.233419
0.273355
0.295197
0.269643
0.247918
0.211677
0.281682
0.224220
0.321785
0.303001
0.256039
0.251526
0.273299
0.282884
0.236489
0.254468
0.297374
0.185778
0.243965
0.229578
0.201590
0.249831
0.233716
0.225030
0.307888
0.294837
0.319056
0.250144
0.220280
0.251179
0.232863
0.266936
0.257876
0.255925
0.250591
0.268292
0.171774
0.207184
0.225643
0.270659
0.257251
0.231100
0.296023
0.233074
0.236714
0.292826
0.244469
0.152918
0.297908
0.272048
0.229494
0.261021
0.287457
0.220348
0.213818
0.247140
0.214708
0.247848
0.257009
0.248870
0.227811
0.285758
0.221923
0.194088
0.205388
0.233723
0.191183
0.220121
0.250521
0.247447
0.170225
0.224402
0.265971
0.236101
0.275171
0.247021
0.214970
0.251006
0.244428
0.245342
0.290839
0.184948
0.264598
0.271780
0.222746
0.250499
0.234535
0.325957
0.294856
0.246698
0.239658
0.234198
0.295896
0.256208
0.237234
0.254842
0.264035
0.253471
0.231942
0.239556
0.213065
0.273106
0.258471
0.219198
0.238527
0.260535
0.222157
0.259848
0.224370
0.266437
0.226961
0.260907
0.278325
0.248825
0.287506
0.267985
0.231056
0.223930
0.272523
0.288093
0.263587
0.233897
0.247014
0.248202
0.225158
0.206949
0.314766
0.273092
0.209701
0.279187
0.281350
0.210739
0.237418
0.211273
0.289667
0.262121
0.247530
0.281791
0.212753
0.247066
0.313361
0.238848
0.244703
0.263805
0.217503
0.244129
0.273056
0.233011
0.215961
0.192930
0.241925
0.238515
0.156557
0.229058
0.191677
0.223527
0.203011
0.204850
0.234650
0.229732
0.191816
0.239921
0.188050
0.236741
0.257524
0.224104
0.236623
0.223146
0.238526
0.268122
0.268826
0.259173
0.244546
0.291787
0.205208
0.226543
0.259547
0.232712
0.210824
0.235951
0.224385
0.250662
0.189983
0.251899
0.280568
0.196003
0.245105
0.263337
0.197140
0.193731
0.269280
0.290233
0.229605
0.278292
0.255669
0.265937
0.233356
0.242002
0.248916
0.205127
0.214232
0.208268
0.200057
0.295143
0.268515
0.237714
0.292470
0.286563
0.249451
0.234521
0.195671
0.276517
0.292433
0.236190
0.240379
0.238148
0.260279
0.228000
0.232762
0.239812
0.229177
0.293699
0.194345
0.259047
0.257873
0.304183
0.252497
0.207373
0.286379
0.206828
0.284585
0.193020
0.229717
0.249697
0.203061
0.266060
0.234371
0.211373
0.256019
0.222516
0.245974
0.343496
0.297342
0.192206
0.291929
0.243425
0.235528
0.237506
0.247035
0.226230
0.328376
0.277177
0.260188
0.286291
0.246141
0.309029
0.249775
0.279608
0.259711
0.244024
0.322778
0.173567
0.230087
0.190593
0.368071
0.216043
0.245120
0.200978
0.301898
0.264557
0.232661
0.236617
0.308733
0.210175
0.230402
0.236950
0.247190
0.246070
0.231432
0.235532
0.276331
0.196659
0.255259
0.247531
0.264953
0.261778
0.216496
0.256327
0.280367
0.227644
0.227750
0.392512
0.301358
0.273807
0.240588
0.302842
0.288508
0.260205
0.240651
0.275443
0.296802
0.304855
0.245605
0.234540
0.264339
0.268167
0.271253
0.243405
0.324915
0.259895
0.228305
0.272266
0.281027
0.258663
0.251070
0.224321
0.302401
0.209583
0.240081
0.298321
0.229337
0.251805
0.336806
0.301532
0.222109
0.243104
0.286891
0.277234
0.239142
0.288082
0.225771
0.250126
0.278454
0.231927
0.226787
0.256192
0.274981
0.222465
0.278535
0.220567
0.238689
0.269143
0.234676
0.230243
0.332446
0.255814
0.312989
0.219210
0.262057
0.293828
0.287463
0.246336
0.220250
0.251564
0.333813
0.253811
0.300745
0.261411
0.305147
0.220929
0.253830
0.203836
0.220406
0.229338
0.224453
0.251335
0.229905
0.261682
0.164859
0.229801
0.208181
0.223062
0.219957
0.242294
0.213051
0.197634
0.182207
0.199913
0.187003
0.268544
0.189631
0.292157
0.221597
0.239142
0.202056
0.230702
0.245477
0.254582
0.227451
0.186177
0.245987
0.202052
0.283261
0.224864
0.222550
0.315453
0.237489
0.296547
0.212017
0.253164
0.268309
0.212346
0.249869
0.239181
0.290431
0.260742
0.252213
0.230045
0.265420
0.210772
0.214686
0.238225
0.232596
0.273794
0.264272
0.259423
0.226896
0.268766
0.244872
0.226884
0.260620
0.209936
0.209898
0.185524
0.287688
0.227600
0.213028
0.245301
0.201669
0.265202
0.185151
0.240905
0.199526
0.291394
0.263087
0.166907
0.273842
0.267069
0.227596
0.245841
0.206840
0.205302
0.251740
0.285776
0.223152
0.221894
0.271778
0.224432
0.192751
0.295434
0.276166
0.320727
0.293724
0.295717
0.239902
0.217216
0.269436
0.238052
0.233997
0.229854
0.226107
0.191141
0.265854
0.232573
0.226912
0.195163
0.264610
0.228385
0.233091
0.212460
0.168569
0.253504
0.242774
0.237226
0.286410
0.298146
0.283886
0.231487
0.276719
0.329386
0.269208
0.295288
0.229998
0.236965
0.220762
0.202001
0.323835
0.220249
0.223475
0.233683
0.215348
0.236715
0.227928
0.262399
0.225223
0.295367
0.300301
0.234482
0.279201
0.246513
0.250527
0.270869
0.238230
0.227482
0.296438
0.268685
0.304094
0.256719
0.273473
0.217355
0.221040
0.341269
0.241957
0.239621
0.302822
0.207657
0.223508
0.212177
0.211578
0.174070
0.222150
0.328125
0.260257
0.222273
0.243593
0.251089
0.188847
0.285632
0.244194
0.238311
0.255022
0.270725
0.256972
0.188085
0.266127
0.223426
0.243814
0.287915
0.255192
0.235321
0.185197
0.227365
0.198972
0.243010
0.226930
0.216412
0.178864
0.249279
0.239748
0.240497
0.195676
0.262995
0.246057
0.241864
0.245958
0.249653
0.264952
0.321609
0.271456
0.257632
0.218329
0.212552
0.245393
0.231175
0.239085
0.226596
0.274158
0.244116
0.273904
0.259688
0.229733
0.204350
0.252039
0.237288
0.219899
0.232706
0.252709
0.218147
0.202726
0.261054
0.199548
0.205446
0.229791
0.226457
0.201786
0.237803
0.229181
0.251495
0.215734
0.220286
0.184810
0.222994
0.228281
0.264079
0.234831
0.258918
0.308493
0.244439
0.228332
0.293176
0.273623
0.217625
0.237400
0.230782
0.215745
0.229385
0.268513
0.237844
0.252538
0.269951
0.224113
0.275867
0.244355
0.202612
0.236732
0.253504
0.259404
0.280518
0.214676
0.312997
0.272041
0.197133
0.299551
0.183035
0.256146
0.212519
0.228768
0.200646
0.222111
0.260674
0.365728
0.314308
0.278216
0.259283
0.238016
0.206420
0.219393
0.257473
0.245159
0.208059
0.241864
0.254678
0.263041
0.252743
0.184814
0.214428
0.254615
0.311538
0.244518
0.247387
0.189948
0.223725
0.258595
0.223407
0.282398
0.232948
0.255540
0.210951
0.243120
0.233934
0.207205
0.267218
0.286898
0.263515
0.296647
0.222671
0.210879
0.229632
0.262137
0.242166
0.263825
0.219228
0.264907
0.210002
0.307963
0.253876
0.226742
0.229119
0.217033
0.271926
0.215927
0.244150
0.251658
0.229122
0.210660
0.250350
0.297713
0.210658
0.241302
0.277562
0.207424
0.256195
0.265086
0.210665
0.221597
0.234694
0.231717
0.218351
0.173497
0.146757
0.266152
0.214569
0.225259
0.276204
0.293047
0.232066
0.245579
0.208434
0.285683
0.276949
0.306944
0.243627
0.315739
0.267916
0.193735
0.234681
0.218527
0.248843
0.222514
0.200587
0.232039
0.223087
0.199731
0.312344
0.231760
0.225107
0.268890
0.155661
0.264763
0.209291
0.268871
0.263803
0.294173
0.293912
0.238592
0.285964
0.259346
0.221076
0.264033
0.230539
0.255308
0.255988
