0.129574
3.818627
0.276242
0.302670
0.295225
0.263772
0.323178
0.371627
0.323502
0.324120
0.408089
0.318594
0.345404
0.286644
0.312286
0.287261
0.326589
0.342166
0.340384
0.303571
0.292103
0.524531
0.438407
0.428916
0.253475
0.409370
0.384782
0.514355
0.379444
0.289096
0.320832
0.461934
0.453930
0.583169
0.448527
0.375825
0.320532
0.467410
0.285407
0.283608
0.309134
0.312410
0.330240
0.397867
0.360596
0.337699
0.359552
0.311538
0.343932
0.503482
0.374948
0.309360
0.258308
0.316548
0.451819
0.321321
0.305700
0.314235
0.316409
0.319591
0.303250
0.381580
0.350713
0.345680
0.322542
0.350400
0.511557
0.348856
0.283351
0.355562
0.285512
0.342200
0.326046
0.329524
0.452068
0.402301
0.390744
0.394564
0.430434
0.423531
0.338228
0.300022
0.365085
0.342738
0.350572
0.359973
0.326708
0.390245
0.349967
0.330102
0.425791
0.321364
0.283980
0.366395
0.344946
0.331827
0.426959
0.366493
0.525915
0.444136
0.447816
0.373127
0.365207
0.333715
0.337222
0.354487
0.310932
0.352923
0.437864
0.385995
0.292082
0.495894
0.485973
0.339570
0.311257
0.443341
0.375011
0.375147
0.355593
0.291848
0.342833
0.335733
0.292776
0.323129
0.279969
0.292793
0.278881
0.463992
0.327791
0.426092
0.315820
0.361979
0.345659
0.381033
0.288786
0.299169
0.531378
0.458383
0.313504
0.350397
0.308745
0.521666
0.411530
0.403694
0.367974
0.315716
0.364902
0.347147
0.329967
0.352705
0.265126
0.392509
0.398404
0.314405
0.327035
0.432141
0.361106
0.318316
0.345486
0.371792
0.588479
0.563089
0.320253
0.371341
0.329176
0.333006
0.256771
0.523116
0.407141
0.331509
0.294128
0.443692
0.460417
0.278666
0.372684
0.469047
0.366996
0.354842
0.369988
0.350124
0.458198
0.352516
0.292228
0.510392
0.380137
0.310653
0.389847
0.324299
0.321822
0.301342
0.304522
0.316172
0.304968
0.346537
0.315728
0.316801
0.231161
0.334630
0.315834
0.377923
0.516956
0.413406
0.482861
0.329370
0.450178
0.410560
0.343878
0.328551
0.411764
0.353685
0.296896
0.365173
0.319347
0.232473
0.301367
0.339776
0.343383
0.403701
0.479409
0.349070
0.345893
0.372792
0.356227
0.424402
0.344085
0.291650
0.330229
0.336361
0.320576
0.361194
0.269412
0.419860
0.295185
0.301110
0.294361
0.363186
0.377024
0.320326
0.463329
0.254412
0.401863
0.338193
0.322946
0.423155
0.460262
0.340557
0.296300
0.352332
0.340689
0.356577
0.371571
0.303406
0.405933
0.300083
0.257313
0.340250
0.427885
0.541165
0.513130
0.453834
0.395319
0.414424
0.476976
0.311380
0.307535
0.304853
0.284595
0.325261
0.322391
0.522010
0.487191
0.372441
0.380087
0.530702
0.396262
0.380640
0.478691
0.322630
0.319080
0.311221
0.502929
0.305147
0.433020
0.346447
0.332991
0.371392
0.481742
0.490677
0.434961
0.453671
0.318785
0.352408
0.314554
0.334354
0.361795
0.256023
0.265872
0.307715
0.314684
0.316755
0.346010
0.319304
0.286960
0.293971
0.337913
0.283539
0.340352
0.260833
0.356292
0.357878
0.277017
0.288628
0.310776
0.239398
0.330743
0.305058
0.427667
0.339335
0.327891
0.341035
0.431665
0.314808
0.292264
0.328330
0.406792
0.308347
0.503198
0.509973
0.341722
0.258967
0.268882
0.414519
0.300260
0.299489
0.311355
0.339113
0.309738
0.330685
0.395008
0.302893
0.324398
0.329216
0.344732
0.383559
0.353417
0.460369
0.281716
0.263037
0.262734
0.322202
0.335082
0.306066
0.344911
0.388219
0.270389
0.269786
0.402420
0.325335
0.381991
0.287407
0.372169
0.331266
0.319231
0.341115
0.386455
0.523589
0.385312
0.357834
0.311272
0.287727
0.290282
0.359895
0.294782
0.404729
0.395932
0.361329
0.396973
0.368177
0.320676
0.363375
0.346548
0.334774
0.431783
0.375633
0.333643
0.556363
0.346430
0.355853
0.392737
0.351816
0.409709
0.382353
0.396665
0.320445
0.380497
0.248310
0.454413
0.276018
0.320438
0.415033
0.281473
0.352813
0.365268
0.356721
0.323866
0.331508
0.475913
0.319410
0.320499
0.244528
0.316722
0.464460
0.325388
0.301088
0.284408
0.431753
0.413054
0.432070
0.496778
0.297878
0.522257
0.473612
0.372283
0.287312
0.382223
0.469059
0.263349
0.447900
0.356407
0.334610
0.291399
0.348610
0.325482
0.288134
0.454673
0.433092
0.330791
0.374779
0.423864
0.313715
0.350213
0.351231
0.404639
0.299932
0.340467
0.337142
0.352766
0.327077
0.410503
0.443305
0.483032
0.330194
0.351625
0.337756
0.255412
0.296030
0.326133
0.237672
0.324505
0.276319
0.420617
0.344151
0.319667
0.278231
0.421173
0.271591
0.254499
0.400835
0.292383
0.297404
0.449978
0.372886
0.473912
0.445790
0.430957
0.304845
0.306393
0.306576
0.290526
0.330586
0.337044
0.323365
0.393378
0.361168
0.457586
0.297311
0.311828
0.269362
0.296076
0.350581
0.295519
0.383695
0.327271
0.383358
0.327229
0.237797
0.233698
0.312121
0.373515
0.259972
0.376210
0.452605
0.220570
0.447268
0.412879
0.263324
0.329577
0.228695
0.296233
0.250469
0.267164
0.327230
0.338405
0.338214
0.247631
0.201075
0.312803
0.289013
0.248232
0.350818
0.368934
0.351102
0.340501
0.488403
0.462250
0.406594
0.424385
0.380570
0.358458
0.428469
0.467719
0.360341
0.362696
0.272833
0.371477
0.387942
0.386582
0.395951
0.342734
0.413548
0.306814
0.330318
0.333368
0.409311
0.332439
0.342934
0.298145
0.351568
0.371058
0.312232
0.411915
0.356716
0.359465
0.422416
0.357520
0.375235
0.318156
0.327213
0.471888
0.328411
0.479213
0.363840
0.354646
0.405125
0.307610
0.339136
0.300337
0.273250
0.319544
0.419712
0.319996
0.400302
0.282254
0.289447
0.414642
0.347934
0.317262
0.450384
0.311637
0.498778
0.290766
0.227822
0.319491
0.378532
0.416901
0.352844
0.322922
0.388549
0.315268
0.404013
0.321368
0.383122
0.328578
0.372189
0.468380
0.410244
0.425806
0.301610
0.446253
0.340606
0.252494
0.371855
0.305694
0.554624
0.445982
0.480110
0.405963
0.427773
0.407077
0.363081
0.371852
0.320421
0.263912
0.329172
0.426656
0.338531
0.393641
0.329494
0.277968
0.386309
0.341310
0.423840
0.219121
0.264149
0.276782
0.329170
0.251419
0.200389
0.266876
0.239500
0.256898
0.286777
0.266721
0.229511
0.273054
0.262237
0.242242
0.340472
0.267827
0.273933
0.290937
0.297855
0.225372
0.418601
0.252373
0.263530
0.207502
0.321937
0.269639
0.434509
0.285171
0.336878
0.372650
0.286487
0.308029
0.302139
0.280476
0.260594
0.266471
0.251571
0.315689
0.469513
0.376889
0.364541
0.263251
0.284276
0.433573
0.316543
0.306757
0.373483
0.412743
0.487883
0.416417
0.297332
0.307393
0.362157
0.302041
0.251771
0.352415
0.287393
0.371769
0.318315
0.315434
0.337229
0.278535
0.346474
0.333460
0.383613
0.331335
0.384695
0.316211
0.356844
0.337498
0.334462
0.302843
0.307202
0.327123
0.333023
0.299615
0.483405
0.373511
0.288760
0.292902
0.373892
0.417165
0.373936
0.375518
0.272633
0.354535
0.465121
0.409556
0.271422
0.338078
0.502270
0.409913
0.385618
0.281473
0.246407
0.256553
0.273894
0.428339
0.299972
0.382758
0.328211
0.244082
0.459267
0.319819
0.326522
0.249998
0.259572
0.295742
0.262202
0.269420
0.268211
0.279670
0.289258
0.298723
0.327876
0.314028
0.279471
0.381528
0.377615
0.374751
0.474977
0.378175
0.361489
0.314855
0.321812
0.348632
0.347723
0.302991
0.303913
0.361365
0.336681
0.341443
0.283799
0.323330
0.307051
0.362650
0.335210
0.281231
0.324927
0.429644
0.287667
0.282197
0.322832
0.461633
0.164649
0.289622
0.358177
0.390007
0.441383
0.407716
0.334188
0.407190
0.332815
0.203700
0.295877
0.231831
0.333259
0.342748
0.199113
0.487126
0.441195
0.311271
0.335095
0.349154
0.404429
0.280347
0.284606
0.314713
0.320476
0.249448
0.431608
0.401020
0.282346
0.262826
0.317286
0.421347
0.347017
0.411327
0.369287
0.287341
0.277512
0.383740
0.300168
0.368097
0.324028
0.571944
0.442368
0.299308
0.418765
0.331904
0.258383
0.378564
0.332081
0.342964
0.288141
0.290406
0.320474
0.296863
0.333708
0.361349
0.337215
0.360914
0.349803
0.440252
0.326256
0.355342
0.342833
0.207916
0.337214
0.312465
0.272254
0.258153
0.329002
0.289487
0.342136
0.295720
0.395125
0.319844
0.290719
0.373709
0.336589
0.360204
0.405381
0.266717
0.253641
0.296677
0.237849
0.270953
0.258417
0.304222
0.265636
0.353186
0.458030
0.338077
0.289151
0.288648
0.427537
0.405985
0.409726
0.381620
0.283582
0.278498
0.280455
0.257637
0.281516
0.471335
0.357250
0.326273
0.463559
0.292876
0.296433
0.355657
0.242137
0.282963
0.276398
0.289826
0.370036
0.268567
0.306434
0.460958
0.326320
0.427119
0.253191
0.375616
0.458873
0.277004
0.372607
0.299883
0.312694
0.320680
0.445510
0.357545
0.427557
0.549065
0.465041
0.357005
0.343393
0.281250
0.259897
0.317970
0.342513
0.403819
0.357707
0.346030
0.314279
0.279371
0.340596
0.432378
0.463813
0.462521
0.494841
0.373538
0.395813
0.380534
0.389153
0.432872
0.326542
0.376612
0.375102
0.314963
0.311750
0.353297
0.331731
0.313657
0.620260
0.570071
0.457706
0.299459
0.298733
0.317069
0.301493
0.305213
0.351214
0.353456
0.344334
0.280695
0.350786
0.396264
0.472000
0.411892
0.331861
0.332286
0.397283
0.359957
0.272272
0.425173
0.219141
0.375705
0.498944
0.313422
0.415897
0.447711
0.331747
0.384216
0.367147
0.379521
0.381526
0.439986
0.263572
0.337847
0.334239
0.404396
0.434948
0.475726
0.398533
0.249954
0.322258
0.309109
0.276628
0.317729
0.315058
0.354916
0.376071
0.440147
0.307972
0.324292
0.299783
0.312156
0.295498
0.331940
0.233347
0.255200
0.317372
0.329597
0.299086
0.330505
0.315048
0.315671
0.284545
0.378260
0.349145
0.291416
0.298752
0.374107
0.373847
0.357027
0.284877
0.275764
0.338863
0.318001
0.289671
0.317141
0.290572
0.388838
0.379768
0.341496
0.300019
0.256822
0.293846
0.365591
0.368911
0.332568
0.344167
0.304646
0.263596
0.347332
0.374062
0.360589
0.309234
0.434330
0.113018
0.333030
0.374844
0.320074
0.349156
0.278509
0.326881
0.353738
0.300881
0.384882
0.411141
0.344270
0.285311
0.269325
0.359517
0.434071
0.365371
0.411833
0.479892
0.554682
0.389649
0.313437
0.276423
0.312646
0.316963
0.318873
0.382404
0.511464
0.402200
0.338000
0.405672
0.357620
0.368700
0.471920
0.473200
0.530789
0.443861
0.310643
0.332637
0.309328
0.303115
0.348676
0.302076
0.289722
0.321063
0.407688
0.319258
0.263851
0.361453
0.323913
0.305117
0.344480
0.414788
0.330671
0.336263
0.332674
0.411037
0.426703
0.439593
0.313625
0.376479
0.438999
0.380262
0.314001
0.264147
0.232369
0.310033
0.375215
0.420360
0.345775
0.290436
0.291357
0.313848
0.293624
0.360011
0.360501
0.349710
0.448638
