0.100456
4.161325
0.331744
0.381725
0.373900
0.312057
0.335209
0.408798
0.457920
0.390233
0.356122
0.333979
0.406631
0.403047
0.562320
0.417932
0.277515
0.554125
0.411974
0.341562
0.428100
0.344551
0.479127
0.421565
0.348031
0.367938
0.319556
0.366365
0.303913
0.306689
0.340504
0.328506
0.302118
0.418894
0.372396
0.337547
0.384537
0.331457
0.313555
0.340409
0.363461
0.357358
0.535906
0.341894
0.415064
0.365580
0.311604
0.385101
0.331332
0.413801
0.253726
0.325508
0.478170
0.362454
0.528588
0.392418
0.466641
0.365270
0.403317
0.379872
0.325001
0.494305
0.286617
0.340976
0.233261
0.295427
0.472377
0.329621
0.446231
0.368255
0.356795
0.311532
0.418772
0.526848
0.447138
0.333704
0.334308
0.350703
0.360605
0.365738
0.334313
0.363868
0.422491
0.288917
0.297567
0.353109
0.305503
0.326671
0.467918
0.366219
0.365361
0.297210
0.361006
0.439440
0.464768
0.308243
0.428572
0.366095
0.393182
0.344853
0.500324
0.450421
0.498088
0.403053
0.487293
0.361107
0.344769
0.407516
0.487527
0.340162
0.345131
0.535097
0.382584
0.480882
0.419921
0.354369
0.354837
0.497115
0.459119
0.432828
0.330922
0.371159
0.505595
0.319543
0.349057
0.556712
0.565627
0.297763
0.312152
0.313220
0.339437
0.285075
0.313777
0.337255
0.400279
0.395751
0.329752
0.293580
0.253098
0.339153
0.329762
0.458396
0.339362
0.338181
0.365226
0.368770
0.404722
0.410250
0.367405
0.337085
0.313754
0.377430
0.552634
0.287991
0.479530
0.324446
0.338184
0.309031
0.394587
0.374441
0.349725
0.592626
0.381942
0.304788
0.259962
0.317245
0.326660
0.371426
0.381352
0.361462
0.327281
0.313087
0.319685
0.499693
0.635483
0.287594
0.286245
0.316223
0.375290
0.383221
0.370309
0.300332
0.358238
0.352377
0.345750
0.283945
0.472173
0.338774
0.485595
0.286388
0.300577
0.299537
0.364689
0.361312
0.406378
0.309218
0.399817
0.445807
0.544922
0.427908
0.460899
0.422301
0.442905
0.436518
0.363465
0.374101
0.393576
0.353777
0.369848
0.356888
0.309369
0.394568
0.305244
0.379400
0.531519
0.423310
0.368805
0.452054
0.347736
0.313625
0.305620
0.343421
0.472686
0.370663
0.283831
0.293955
0.319820
0.489630
0.380644
0.366984
0.391159
0.325387
0.333272
0.383770
0.430560
0.540361
0.411765
0.397370
0.480831
0.339112
0.376856
0.346977
0.342259
0.386480
0.313327
0.366554
0.319663
0.325945
0.373483
0.386731
0.347443
0.309851
0.531124
0.337846
0.388158
0.412134
0.380490
0.346512
0.294161
0.338543
0.313882
0.358116
0.300755
0.328408
0.310139
0.324694
0.508531
0.359134
0.328447
0.330759
0.302177
0.500304
0.327666
0.317444
0.345315
0.338601
0.508436
0.317506
0.279368
0.492767
0.515405
0.467583
0.351299
0.375636
0.259106
0.340582
0.316154
0.365238
0.445983
0.404039
0.356387
0.354302
0.428529
0.490168
0.360545
0.440972
0.323115
0.423212
0.339128
0.451113
0.347941
0.339087
0.388368
0.296666
0.418632
0.433245
0.260587
0.361909
0.324056
0.469048
0.338402
0.341751
0.320791
0.334650
0.355807
0.332020
0.354074
0.526767
0.375854
0.314635
0.311704
0.336735
0.289125
0.436869
0.319619
0.301903
0.371674
0.448802
0.286656
0.252862
0.297658
0.356523
0.353019
0.287464
0.340956
0.289314
0.412801
0.283044
0.322634
0.340391
0.332865
0.262743
0.290309
0.499296
0.274898
0.320682
0.292903
0.334027
0.402171
0.352515
0.395045
0.423741
0.448258
0.311955
0.297438
0.311382
0.265628
0.424551
0.377039
0.446775
0.535551
0.307780
0.477287
0.492079
0.476033
0.368485
0.340526
0.295883
0.472953
0.362594
0.381403
0.341525
0.488032
0.414917
0.435162
0.378574
0.312056
0.370473
0.317693
0.321105
0.319263
0.358355
0.283149
0.269652
0.291537
0.306701
0.357078
0.390585
0.540994
0.329546
0.429690
0.381994
0.453341
0.254276
0.308465
0.451921
0.456159
0.323951
0.359390
0.407547
0.371540
0.406713
0.285950
0.320934
0.323339
0.366944
0.432944
0.370962
0.308419
0.283492
0.342584
0.290505
0.438389
0.295121
0.399589
0.351098
0.422011
0.507299
0.317376
0.341799
0.361273
0.455867
0.289392
0.253378
0.259125
0.282853
0.391325
0.456234
0.298120
0.428993
0.334768
0.380259
0.326473
0.417665
0.396676
0.418278
0.327300
0.473997
0.321906
0.335084
0.303533
0.296830
0.383677
0.369390
0.462870
0.375476
0.446802
0.331891
0.395032
0.439172
0.395318
0.380303
0.320555
0.334618
0.244011
0.371196
0.342984
0.270523
0.328222
0.341389
0.350665
0.408464
0.334560
0.358827
0.273207
0.248403
0.325812
0.357152
0.386461
0.335587
0.277588
0.280341
0.295532
0.414703
0.333224
0.324089
0.272906
0.336194
0.299255
0.295235
0.354143
0.325464
0.401117
0.306097
0.316737
0.369451
0.261245
0.392523
0.371277
0.310351
0.270635
0.333513
0.368515
0.374125
0.329037
0.263343
0.246195
0.319258
0.322950
0.278237
0.265370
0.325015
0.219990
0.238488
0.276727
0.403709
0.365343
0.483293
0.348233
0.415652
0.340403
0.333395
0.323208
0.458624
0.413495
0.389173
0.387679
0.338375
0.347422
0.407108
0.471444
0.423552
0.463963
0.322548
0.345795
0.330174
0.335994
0.344904
0.360265
0.319043
0.432198
0.410878
0.305759
0.316556
0.356462
0.351193
0.310048
0.319510
0.285373
0.411404
0.373728
0.326026
0.352413
0.282036
0.349431
0.246889
0.322678
0.341539
0.312108
0.221609
0.294864
0.340406
0.295598
0.353433
0.392115
0.466815
0.386001
0.251394
0.364055
0.490530
0.326805
0.408521
0.394414
0.358320
0.378421
0.399294
0.327257
0.280345
0.335948
0.317251
0.432154
0.446509
0.275572
0.343725
0.373436
0.334230
0.263834
0.323724
0.322145
0.332219
0.371514
0.254614
0.260910
0.320161
0.305716
0.388832
0.381775
0.257289
0.354639
0.275076
0.322671
0.358232
0.454743
0.447457
0.356149
0.395476
0.270525
0.427984
0.298717
0.473539
0.362325
0.322124
0.340959
0.351236
0.409247
0.452788
0.407744
0.317127
0.431395
0.429140
0.415634
0.325669
0.363049
0.330339
0.318687
0.316422
0.276277
0.439550
0.348781
0.324972
0.449837
0.326111
0.297921
0.470439
0.334691
0.439892
0.513489
0.374185
0.402844
0.342404
0.274149
0.314647
0.324389
0.358911
0.413546
0.337766
0.302108
0.305084
0.312406
0.394474
0.321892
0.393939
0.320255
0.374747
0.362306
0.222865
0.303066
0.340262
0.275922
0.220705
0.296602
0.405550
0.399460
0.358435
0.515947
0.305116
0.330231
0.331046
0.466565
0.303106
0.316182
0.302222
0.280074
0.484440
0.479084
0.287507
0.377089
0.303241
0.349117
0.409123
0.377539
0.366502
0.385598
0.428966
0.258851
0.391805
0.398896
0.418377
0.458149
0.270987
0.288399
0.468115
0.237908
0.244704
0.334987
0.285484
0.440460
0.582021
0.370614
0.368638
0.338584
0.368705
0.321755
0.355290
0.338834
0.365306
0.390075
0.333413
0.380257
0.366688
0.434241
0.346307
0.318938
0.449464
0.341447
0.350818
0.195642
0.309839
0.309700
0.370049
0.334232
0.336869
0.323020
0.245391
0.320563
0.365836
0.298314
0.282112
0.254264
0.333960
0.352165
0.437954
0.372005
0.332152
0.322409
0.485756
0.315054
0.432942
0.277406
0.313785
0.350063
0.374023
0.337543
0.309377
0.382070
0.398915
0.414813
0.315112
0.348496
0.355872
0.371761
0.405059
0.460150
0.389722
0.370273
0.309427
0.314554
0.257151
0.451457
0.515726
0.342093
0.326371
0.281824
0.368304
0.416933
0.378197
0.322454
0.337449
0.347466
0.307978
0.332787
0.381582
0.362222
0.454529
0.269791
0.380928
0.347415
0.335342
0.328661
0.416704
0.356198
0.320594
0.386631
0.342327
0.344868
0.267130
0.260351
0.394382
0.291029
0.334340
0.319958
0.347785
0.352564
0.410118
0.349352
0.310108
0.289875
0.389406
0.345596
0.320262
0.249640
0.353681
0.333748
0.440460
0.287256
0.414634
0.301461
0.319438
0.340101
0.334651
0.326852
0.265924
0.372141
0.313212
0.321682
0.274743
0.346370
0.437704
0.346314
0.316079
0.360571
0.342747
0.292058
0.344360
0.386751
0.331337
0.352238
0.357480
0.299552
0.269526
0.361081
0.303970
0.387789
0.495986
0.356110
0.386609
0.361168
0.349004
0.422745
0.300599
0.322973
0.372849
0.303342
0.454787
0.294055
0.384299
0.469343
0.244520
0.346473
0.388058
0.384294
0.335867
0.316565
0.455112
0.342075
0.345765
0.413059
0.482730
0.396537
0.338839
0.323648
0.463138
0.330515
0.309100
0.354127
0.363186
0.301066
0.336077
0.261835
0.397427
0.264110
0.330314
0.294785
0.341777
0.294850
0.345234
0.283587
0.233117
0.293138
0.294257
0.383992
0.333811
0.416435
0.344080
0.363214
0.316642
0.315184
0.291311
0.282239
0.293649
0.274045
0.311680
0.364283
0.320276
0.336552
0.356021
0.260485
0.345216
0.263265
0.356146
0.356493
0.374187
0.373006
0.289493
0.342919
0.319152
0.428845
0.412255
0.387293
0.454150
0.426842
0.306750
0.321100
0.368034
0.293403
0.248758
0.435872
0.331954
0.263453
0.398861
0.299915
0.446677
0.335107
0.363461
0.392667
0.326853
0.418034
0.319207
0.386988
0.389205
0.287201
0.443782
0.439538
0.316690
0.410865
0.309956
0.347969
0.255116
0.319834
0.345071
0.298034
0.353413
0.227299
0.406644
0.360792
0.370215
0.353893
0.268763
0.353868
0.311307
0.317153
0.336098
0.352936
0.381953
0.282800
0.361293
0.283163
0.266126
0.335658
0.274238
0.310839
0.349659
0.360807
0.266936
0.435920
0.401234
0.278832
0.260236
0.399895
0.306649
0.330319
0.285058
0.302625
0.258566
0.367034
0.307400
0.407150
0.398172
0.355072
0.388145
0.398779
0.500708
0.433972
0.355764
0.318323
0.406394
0.424605
0.366057
0.321157
0.342675
0.278069
0.355250
0.344390
0.338185
0.379604
0.422803
0.340891
0.474646
0.352273
0.275017
0.331970
0.324370
0.404650
0.366435
0.371062
0.377797
0.264338
0.377111
0.477900
0.306831
0.463027
0.350484
0.256087
0.304130
0.487459
0.302750
0.385335
0.341786
0.313286
0.358462
0.391275
0.330701
0.390859
0.342061
0.289812
0.311890
0.308387
0.341127
0.408705
0.475368
0.275984
0.432641
0.379707
0.420738
0.301234
0.355963
0.276805
0.442493
0.499177
0.375901
0.372782
0.444962
0.332744
0.502855
0.395827
0.422078
0.289768
0.364151
0.337251
0.285723
0.192586
0.312969
0.307387
0.263336
0.414657
0.309446
0.304279
0.514188
0.296150
0.266961
0.381423
0.454722
0.419557
0.251186
0.336457
0.498488
0.371524
0.302074
0.338799
0.272734
0.533908
0.363929
0.449268
0.317337
0.394873
0.366582
0.309638
0.370938
0.296036
0.313997
0.357665
0.245807
0.220005
0.277572
0.290729
0.431758
0.354891
0.500231
0.318080
0.470948
0.384159
0.389850
0.290437
0.327196
0.354176
0.337613
0.367524
0.448883
0.387098
0.285209
0.287418
0.401458
0.326290
0.392310
0.285028
0.273716
0.237125
0.341229
0.296999
0.419357
0.400649
0.461808
0.431856
0.362103
0.380841
0.311706
0.400687
0.436879
0.352364
0.350317
0.327270
0.456488
0.477103
0.355407
0.320119
0.301309
0.373331
0.377314
0.326596
0.380300
0.384112
0.348961
0.454287
0.307753
0.337812
0.382224
0.322884
0.347782
0.384059
0.426816
0.390004
0.312470
0.412689
0.421623
0.354252
0.268177
0.334584
0.367183
0.358202
0.394818
0.307468
0.230108
0.318367
0.429649
0.363053
0.278289
0.336155
0.372804
0.426266
0.271441
0.399708
0.317914
0.315379
0.377095
0.377115
0.336478
0.405963
0.271890
0.342218
0.411084
0.304689
0.304206
0.372249
0.263967
0.284283
0.289037
0.344528
0.312300
0.410336
0.366928
0.280681
0.389497
0.355330
0.301094
0.363382
0.311468
0.238105
0.378480
0.425707
0.347118
0.301705
0.379286
0.308572
0.187881
0.282996
0.276801
0.226049
0.217197
0.333557
0.508045
0.391522
0.427497
0.314567
0.406883
0.493946
0.376004
0.458750
0.422239
0.381398
0.328166
0.316929
0.394250
0.373786
0.400294
0.264249
0.301360
0.338341
0.274454
0.356502
0.338429
0.321995
0.447261
0.318201
0.323375
0.319562
0.296208
0.336330
0.304021
0.255400
0.239866
0.347356
0.311610
0.305959
0.355158
0.363369
0.338619
0.374252
0.369416
0.308769
0.299733
0.400490
0.344977
0.387984
0.280232
0.270631
0.344293
0.370639
0.419736
0.402473
0.359849
0.408049
0.481752
0.340347
0.273255
0.370534
0.429605
0.345680
0.375832
0.326192
0.355994
0.298618
0.439721
0.557754
0.230056
0.406582
0.442069
0.384738
0.365928
0.283526
0.484406
0.230737
0.320010
0.263841
0.475743
0.386253
0.506338
0.399744
0.541056
0.270782
0.269950
0.365607
0.315208
0.335775
0.303396
0.301157
0.287732
0.256294
0.251661
0.298918
0.258333
0.309189
0.274342
0.296436
0.268325
0.442099
0.286152
0.270515
0.303328
0.231710
0.375030
0.375819
0.321563
0.342616
0.385163
0.408065
0.299170
0.395489
0.297962
0.357082
0.277366
0.294012
0.358020
0.429791
0.413103
0.389417
0.376874
0.359678
0.385750
0.320235
0.350353
0.332052
0.458622
0.460142
0.346124
0.324304
0.403310
0.300626
0.248275
0.301337
0.315077
0.321499
0.401619
0.335252
0.301656
0.288823
0.297283
0.428024
0.415715
0.287693
0.348859
0.371455
0.305315
0.399966
0.371054
0.526640
0.433148
0.349144
0.279921
0.427463
0.357852
0.293540
0.449492
0.347129
0.342028
0.353878
0.462250
0.303759
0.355120
0.333840
0.362176
0.374047
0.400250
0.422642
0.350151
0.315088
0.298865
0.206279
0.432805
0.348890
0.364933
0.331791
0.365922
0.431786
0.519633
0.438399
0.429383
0.417354
0.383031
0.261228
0.275250
0.339049
0.301657
0.339352
0.323990
0.296753
0.209330
0.281211
0.313037
0.272354
0.292343
0.288251
0.273361
0.334754
0.295422
0.399616
0.334346
0.329939
0.275115
0.349061
0.318142
0.310472
0.275157
0.419799
0.394905
0.397057
0.510053
0.333529
0.344719
0.268667
0.319906
0.470367
0.357447
0.341578
0.336855
0.302940
0.276200
0.388783
0.458311
0.345201
0.343228
0.273925
0.464134
0.375676
0.368686
0.388441
0.284609
0.239913
0.379258
0.392378
0.351995
0.368458
0.305446
0.258428
0.272283
0.297349
0.224462
0.271429
0.340694
0.257475
0.307308
0.259100
0.320153
0.293352
0.391085
0.411855
0.398686
0.336021
0.285197
0.251748
0.298582
0.269549
0.353524
0.309396
0.355493
0.343131
0.318324
0.282083
0.323782
0.311108
0.338293
0.370458
0.270659
0.425175
0.345948
0.334004
0.374390
0.338377
0.352357
0.335891
0.379338
0.340396
0.305465
0.252645
0.326273
0.390339
0.403517
0.323192
0.313530
0.327338
0.313766
0.290622
0.360857
0.402921
0.248358
0.302855
0.428651
0.364260
0.397012
0.372048
0.366928
0.353816
0.254402
0.443928
0.477556
0.333581
0.426612
0.409904
0.508188
0.343813
0.329612
0.487637
0.398305
0.288972
0.348900
0.316900
0.268651
0.279753
0.304344
0.411595
0.332258
0.268734
0.338355
0.325430
0.251820
0.536110
0.432325
0.342423
0.404643
0.329752
0.175018
0.318892
0.330250
0.260517
0.347474
0.341581
0.341325
0.483160
0.412880
0.270498
0.268696
0.281605
0.312859
0.368933
0.363355
0.351354
0.353304
0.286796
0.425769
0.351806
0.318103
0.290493
0.454507
0.308326
0.308133
0.372794
0.413296
0.272413
0.306056
0.412335
0.442509
0.259248
0.345891
0.298599
0.352600
0.301581
0.309448
0.429184
0.262179
0.322593
0.326094
0.358211
0.279840
0.358905
0.379470
0.400280
0.284153
0.282003
0.280762
0.302531
0.433886
0.305817
0.443436
0.373608
0.239678
0.270173
0.338921
0.335991
0.320751
0.386955
0.317119
0.324102
0.337798
0.331182
0.300569
0.319982
0.315747
0.264407
0.238035
0.312531
0.251014
0.276119
0.266282
0.258033
0.247365
0.275776
0.243694
0.303349
0.207541
0.289298
0.301623
0.252162
0.415605
0.345919
0.422809
0.379006
0.252004
0.276024
0.291640
0.333894
0.344775
0.291891
0.529368
0.246309
0.263940
0.303468
0.249718
0.196666
0.283368
0.256114
0.276952
0.346813
0.328099
0.274594
0.338276
0.295249
0.278437
0.265480
0.245212
0.258862
0.296651
0.308030
0.229525
0.360723
0.284205
0.412029
0.335597
0.346000
0.280150
0.486811
0.274508
0.279666
0.241524
0.241013
0.343720
0.315686
0.315037
0.397335
0.421715
0.418523
0.336319
0.232587
0.320124
0.371077
0.332895
0.406850
0.386539
0.230030
0.331064
0.317040
0.261925
0.294509
0.452321
0.347373
0.329939
0.230432
0.344580
0.326456
0.325897
0.325495
0.394214
0.347976
0.325912
0.279842
0.392792
0.355939
0.361463
0.307602
0.214991
0.320706
0.393957
0.350860
0.275143
0.204728
0.351842
0.302538
0.172423
0.272743
0.260557
0.312053
0.404171
0.240685
0.341900
0.304938
0.329067
0.344627
0.305494
0.207320
0.302663
0.257150
0.273624
0.284172
0.243079
0.261132
0.222848
0.271868
0.306711
0.301358
0.199811
0.207300
0.277908
0.316035
0.369715
0.315830
0.342840
0.330916
0.307622
0.287076
0.371019
0.375984
0.409841
0.365588
0.334332
0.352382
0.283587
0.292347
0.231710
0.360913
0.310156
0.358606
0.405093
0.383547
0.434023
0.324171
0.219432
0.299152
0.375224
0.256733
0.561364
0.399822
0.382359
0.304631
0.425112
0.328610
0.288043
0.345334
0.471473
0.376817
0.342000
0.256243
0.332053
0.303405
0.238732
0.255907
0.415260
0.312574
0.282135
0.260293
0.351703
0.245781
0.198250
0.359326
0.321421
0.346446
0.245057
0.274368
0.297801
0.285816
0.264603
0.251521
0.190145
0.248876
0.168256
0.249976
0.267850
0.312726
0.179557
0.326676
0.307984
0.285016
0.224934
0.321314
0.255158
0.301922
0.311024
0.276714
0.294268
0.286312
0.296715
0.299018
0.267003
0.286573
0.241700
0.275295
0.276672
0.267074
0.330628
0.233095
0.247898
0.242724
0.193745
0.340165
0.246402
0.278761
0.336151
0.318743
0.270156
0.314723
0.245400
0.312092
0.274094
0.268163
0.230220
0.266002
0.283240
0.282240
0.255622
0.312849
0.212636
0.271195
0.233352
0.306341
0.385244
0.465926
0.361733
0.339797
0.303016
0.197971
0.300601
0.280585
0.326857
0.328827
0.415658
0.413687
0.292697
0.288523
0.285810
0.349329
0.455559
0.343481
0.330512
0.374994
0.398228
0.263564
0.232191
0.385969
0.339577
0.253381
0.278565
0.323368
0.068728
0.294391
0.232384
0.289330
0.250647
0.204162
0.311562
0.186015
0.305703
0.285364
0.252264
0.464448
0.355030
0.248316
0.294811
0.263070
0.245521
0.298373
0.210091
0.492645
0.480015
0.282187
0.325022
0.391304
0.284182
0.319744
0.349177
0.380515
0.365021
0.311353
0.322941
0.338836
0.291278
0.254765
0.305695
0.362953
0.225489
0.412014
0.272728
0.248412
0.215724
0.259802
0.257556
0.281630
0.265145
0.406610
0.346586
0.275798
0.296853
0.489176
0.259442
0.340894
0.295817
0.361542
0.259807
0.289201
0.287564
0.305861
0.323298
0.273797
0.292805
0.299721
0.290094
0.291193
0.243325
0.301214
0.451671
0.269814
0.371737
0.355818
0.292744
0.222818
0.253320
0.242903
0.242529
0.296305
0.357752
0.424254
0.506947
0.379362
0.339218
0.561832
0.313085
0.335514
0.381274
0.320275
0.253107
0.338279
0.365689
0.353651
0.335227
0.321183
0.408382
0.350649
0.323463
0.279710
0.280276
0.424811
0.272669
0.278349
0.330381
0.344247
0.322711
0.282497
0.370499
0.480153
0.281773
0.290071
0.277204
0.275417
0.294242
0.349296
0.314988
0.381092
0.508536
0.225221
0.245394
0.280045
0.286888
0.288991
0.457855
0.346498
0.293606
0.314108
0.314364
0.441080
0.546804
0.421476
0.268841
0.271675
0.278406
0.278567
0.284643
0.311249
0.327966
0.300331
0.359013
0.323227
0.397521
0.295626
0.328645
0.360667
0.263426
0.305538
0.399451
0.307852
0.310953
0.361383
0.258276
0.267713
0.331508
0.428072
0.371732
0.315875
0.327918
0.301323
0.452850
0.310056
0.272369
0.307910
0.264646
0.261038
0.211734
0.222771
0.357947
0.206781
0.292660
0.448067
0.404832
0.352781
0.352758
0.447690
0.274737
0.369378
0.317908
0.324484
0.281262
0.416608
0.314905
0.341320
0.326576
0.372033
0.295959
0.304959
0.250731
0.507250
0.337017
0.341093
0.351532
0.286990
0.422278
0.317564
0.455340
0.436102
0.358216
0.337330
0.428776
0.441050
0.361601
0.359805
0.333072
0.572135
0.424715
0.293897
0.324916
0.504479
0.423305
0.462298
0.341849
0.322416
0.446537
0.517286
0.551939
0.355248
0.331513
0.291433
0.340666
0.315460
0.433530
0.361903
0.336610
0.371647
0.411950
0.407247
0.274119
0.370981
0.374462
0.348164
0.310765
0.329972
0.371980
0.369095
0.337413
0.438113
0.245962
0.340889
0.300359
0.393683
0.262624
0.427702
0.495151
0.346537
0.408864
0.356944
0.370882
