0.104574
3.835940
0.300871
0.246437
0.275441
0.279046
0.332049
0.377264
0.390922
0.355892
0.322556
0.413489
0.311850
0.337098
0.266884
0.279622
0.365459
0.349544
0.371847
0.361501
0.306656
0.301078
0.334451
0.387969
0.308053
0.467768
0.355318
0.362964
0.468304
0.280352
0.280762
0.300625
0.304029
0.458694
0.356236
0.332508
0.475671
0.323388
0.307761
0.307777
0.354713
0.369964
0.288681
0.324403
0.288517
0.521598
0.304564
0.290407
0.366163
0.485980
0.302350
0.322664
0.395287
0.456815
0.307439
0.296448
0.305029
0.262008
0.319559
0.348389
0.509456
0.390808
0.442303
0.393805
0.311225
0.345369
0.306662
0.509393
0.441219
0.514596
0.321556
0.316107
0.357211
0.456557
0.287007
0.314120
0.402552
0.308739
0.310781
0.397095
0.387461
0.354011
0.332185
0.327390
0.328273
0.438674
0.372238
0.353476
0.351503
0.326265
0.397824
0.652642
0.363814
0.334309
0.366421
0.286491
0.363575
0.273254
0.307451
0.332681
0.360536
0.365589
0.516016
0.379261
0.349689
0.307686
0.387187
0.375062
0.347790
0.263119
0.261659
0.476945
0.352150
0.354301
0.435136
0.544490
0.305784
0.315412
0.487060
0.312672
0.323147
0.418919
0.303076
0.323878
0.269411
0.486357
0.283418
0.389793
0.340410
0.282429
0.326413
0.331753
0.446806
0.387578
0.428890
0.297714
0.315840
0.427245
0.353717
0.398394
0.392669
0.299111
0.449562
0.343123
0.515254
0.462370
0.540647
0.308167
0.348414
0.413613
0.425030
0.400909
0.337400
0.296078
0.307302
0.230269
0.347729
0.330326
0.412114
0.331507
0.372499
0.325549
0.279770
0.321407
0.467167
0.357885
0.371048
0.325256
0.291905
0.331535
0.280877
0.393602
0.324925
0.424613
0.466573
0.372396
0.353647
0.472138
0.305341
0.327313
0.452953
0.334426
0.422635
0.294709
0.320930
0.405230
0.206715
0.274886
0.358940
0.470522
0.272367
0.315246
0.434077
0.324075
0.322914
0.413575
0.361985
0.305698
0.389526
0.374423
0.376111
0.390611
0.275753
0.354230
0.411746
0.342751
0.383375
0.398750
0.297766
0.365689
0.314327
0.405447
0.311125
0.282443
0.310216
0.260032
0.253755
0.312219
0.336506
0.321417
0.396044
0.423727
0.402278
0.332903
0.421086
0.284081
0.264867
0.405837
0.284026
0.384563
0.353427
0.348479
0.292359
0.343321
0.422904
0.329796
0.325316
0.447605
0.355371
0.372490
0.279073
0.302224
0.340274
0.422788
0.367438
0.571690
0.370300
0.527483
0.519674
0.358647
0.415091
0.368678
0.336557
0.324524
0.513980
0.389804
0.381838
0.415563
0.327863
0.526030
0.318772
0.353698
0.329164
0.353328
0.374263
0.327391
0.326103
0.415219
0.574758
0.274622
0.445532
0.270787
0.380341
0.523888
0.341773
0.367024
0.467449
0.395850
0.320428
0.384783
0.421891
0.429153
0.353563
0.352629
0.440015
0.372458
0.322304
0.316306
0.316887
0.334766
0.313564
0.275918
0.296703
0.335872
0.331094
0.309939
0.334310
0.499751
0.355621
0.337246
0.452719
0.380903
0.482881
0.304057
0.371658
0.542112
0.319499
0.316791
0.400825
0.315229
0.369184
0.287416
0.291643
0.332412
0.338129
0.326570
0.355452
0.326939
0.299336
0.312584
0.276694
0.275910
0.290357
0.394321
0.510813
0.278974
0.308957
0.412271
0.437246
0.426114
0.329345
0.280919
0.441712
0.425650
0.351880
0.319027
0.305112
0.302627
0.301178
0.281826
0.281517
0.350298
0.196703
0.311785
0.249973
0.412904
0.378562
0.334259
0.354550
0.334374
0.300776
0.377200
0.356070
0.425766
0.298486
0.318006
0.314269
0.401692
0.413756
0.308189
0.467907
0.325232
0.462873
0.356850
0.400862
0.385488
0.370751
0.337718
0.413733
0.449915
0.387899
0.410939
0.464565
0.381286
0.386158
0.348227
0.395630
0.294636
0.371403
0.399261
0.411714
0.320382
0.396641
0.367088
0.318791
0.391593
0.343928
0.463957
0.310299
0.368914
0.284804
0.350348
0.491809
0.338352
0.381663
0.313996
0.346633
0.333024
0.342540
0.419524
0.444539
0.438450
0.344995
0.279460
0.347699
0.450763
0.304759
0.303092
0.485146
0.465542
0.236217
0.239621
0.269619
0.330612
0.405358
0.295118
0.457414
0.465926
0.305054
0.292219
0.456755
0.393918
0.218102
0.266908
0.500738
0.287756
0.295199
0.289509
0.459286
0.468234
0.334606
0.331049
0.320119
0.351231
0.379393
0.434325
0.423494
0.410581
0.302382
0.314885
0.423992
0.254988
0.350134
0.286228
0.281873
0.424885
0.333776
0.350597
0.309948
0.322643
0.415718
0.385669
0.352380
0.308696
0.366426
0.381519
0.359217
0.302206
0.319284
0.295498
0.442379
0.310363
0.300367
0.325185
0.439853
0.306847
0.350424
0.342886
0.346002
0.300074
0.301718
0.294688
0.278996
0.365890
0.316532
0.347080
0.266616
0.480545
0.320781
0.304217
0.355466
0.313756
0.314579
0.292362
0.362051
0.270888
0.436395
0.210543
0.304085
0.334733
0.273785
0.322090
0.276531
0.345127
0.355152
0.329229
0.310194
0.290761
0.334907
0.257339
0.378102
0.254213
0.336075
0.332074
0.380027
0.370221
0.289660
0.266016
0.492963
0.371362
0.387131
0.449483
0.368351
0.307646
0.393299
0.349440
0.318570
0.321493
0.238952
0.368953
0.326789
0.483216
0.351364
0.516869
0.322180
0.409407
0.351539
0.406851
0.317966
0.382260
0.361671
0.425138
0.373826
0.424507
0.274122
0.281554
0.316989
0.319428
0.288706
0.385350
0.278176
0.328477
0.360488
0.361890
0.321905
0.421192
0.329806
0.331261
0.302099
0.359619
0.353011
0.396083
0.340633
0.282411
0.286518
0.296903
0.331867
0.391991
0.338488
0.273362
0.341180
0.337413
0.287268
0.337102
0.301958
0.325196
0.389780
0.393307
0.256945
0.275836
0.349017
0.398161
0.372460
0.350441
0.410511
0.343140
0.385074
0.320708
0.250732
0.429273
0.272875
0.300053
0.293543
0.239992
0.297248
0.334303
0.337165
0.447741
0.376434
0.374617
0.272076
0.295167
0.353912
0.302491
0.320459
0.337713
0.280626
0.274960
0.315061
0.177445
0.346980
0.308233
0.382492
0.282488
0.302174
0.276123
0.426530
0.321270
0.389758
0.462525
0.384337
0.436735
0.366983
0.422433
0.330725
0.256253
0.305950
0.311986
0.428885
0.270725
0.353004
0.496054
0.424339
0.531946
0.487345
0.316419
0.426339
0.303959
0.350891
0.383315
0.401097
0.364828
0.316747
0.333530
0.267848
0.258482
0.291609
0.284369
0.263798
0.324559
0.346211
0.323340
