0.007013
2.404719
0.075041
0.119422
0.143251
0.144052
0.093210
0.111439
0.147210
0.166538
0.151712
0.068393
0.122239
0.154084
0.135673
0.134406
0.088088
0.128398
0.184663
0.162781
0.165679
0.160411
0.195921
0.255067
0.299309
0.287323
0.337806
0.292070
0.356882
0.350331
0.296132
0.335479
0.367757
0.368776
0.683540
0.454594
0.394062
0.325434
0.331586
0.357812
0.338067
0.268886
0.268088
0.306646
0.307204
0.286710
0.325088
0.382571
0.248658
0.279151
0.256245
0.475628
0.310405
0.316547
0.464989
0.294003
0.422709
0.356354
0.433991
0.313250
0.312314
0.431863
0.329684
0.338529
0.428983
0.339198
0.318622
0.380314
0.348724
0.363335
0.321404
0.297968
0.422606
0.441931
0.354480
0.314722
0.461014
0.474373
0.363578
0.362525
0.363173
0.393998
0.258177
0.427210
0.317291
0.411989
0.337626
0.382257
0.342969
0.298527
0.261019
0.424141
0.319966
0.271637
0.311457
0.296793
0.435327
0.314138
0.420248
0.308651
0.284364
0.305552
0.399318
0.311378
0.476456
0.521967
0.368669
0.351202
0.389401
0.413894
0.390599
0.412880
0.332273
0.322412
0.266427
0.301791
0.436137
0.357200
0.349437
0.311652
0.314064
0.437935
0.373163
0.324977
0.330153
0.281926
0.441321
0.359748
0.357853
0.356422
0.394959
0.355339
0.360992
0.411872
0.364977
0.334860
0.302753
0.327369
0.304017
0.418711
0.335699
0.345428
0.350549
0.434866
0.338201
0.283467
0.478780
0.420663
0.355656
0.393098
0.412159
0.359848
0.303709
0.361338
0.310114
0.444447
0.310068
0.356325
0.337673
0.323242
0.342358
0.497774
0.278963
0.409542
0.289851
0.395927
0.313436
0.217086
0.307121
0.304500
0.187578
0.314947
0.538017
0.362575
0.467819
0.372672
0.297769
0.275716
0.287991
0.226207
0.267003
0.471506
0.309898
0.349262
0.312417
0.211078
0.317891
0.521804
0.424283
0.361958
0.351078
0.259924
0.330066
0.288947
0.261061
0.315706
0.300279
0.383125
0.275306
0.251273
0.356066
0.391026
0.367315
0.389587
0.341358
0.330078
0.389662
0.296424
0.314728
0.213411
0.313348
0.339931
0.288798
0.431743
0.437338
0.320277
0.373819
0.394818
0.426151
0.303198
0.470711
0.322987
0.422564
0.577346
0.344529
0.430964
0.422491
0.454251
0.411290
0.292130
0.432458
0.461390
0.422816
0.324254
0.313523
0.316759
0.279529
0.269970
0.305798
0.338416
0.465120
0.386124
0.371957
0.394033
0.326649
0.315811
0.311111
0.334329
0.312715
0.354984
0.272473
0.257232
0.451369
0.334540
0.428375
0.457355
0.455379
0.279451
0.331783
0.277977
0.272300
0.332529
0.272767
0.463625
0.288721
0.322049
0.283387
0.290591
0.334918
0.286134
0.329603
0.453217
0.472285
0.435184
0.335694
0.329514
0.366198
0.294315
0.414313
0.352703
0.368023
0.285876
0.326958
0.247975
0.342744
0.450709
0.373820
0.362215
0.331743
0.314018
0.335975
0.299470
0.321673
0.274100
0.341902
0.281903
0.354518
0.289587
0.260767
0.417680
0.430433
0.420727
0.333902
0.502296
0.459998
0.403337
0.359504
0.281198
0.363593
0.386909
0.331293
0.397772
0.329000
0.397610
0.259587
0.293716
0.269200
0.270041
0.239107
0.325057
0.349957
0.423439
0.337343
0.446143
0.420941
0.307812
0.579628
0.287642
0.340513
0.422128
0.464087
0.375819
0.271911
0.346729
0.357078
0.327064
0.318560
0.275158
0.430968
0.428628
0.408334
0.390864
0.336588
0.474156
0.350926
0.386982
0.337481
0.397969
0.286269
0.425740
0.365801
0.538213
0.398567
0.295895
0.416942
0.247790
0.415423
0.403968
0.389761
0.362488
0.216498
0.303282
0.308111
0.408431
0.419220
0.389892
0.318192
0.357808
0.320863
0.280570
0.270665
0.290456
0.359700
0.302941
0.303034
0.342911
0.262492
0.353977
0.278241
0.326110
0.303866
0.375258
0.294535
0.274617
0.241688
0.325977
0.317374
0.304034
0.399627
0.292702
0.285999
0.295073
0.229417
0.302934
0.313729
0.388762
0.317327
0.266273
0.503652
0.366737
0.355942
0.275882
0.328472
0.391436
0.361757
0.337154
0.303761
0.429435
0.321119
0.319231
0.369617
0.281332
0.283294
0.271288
0.300304
0.503305
0.491678
0.354522
0.319050
0.339429
0.268081
0.326559
0.265501
0.357905
0.483863
0.319101
0.438329
0.358736
0.292527
0.383621
0.334942
0.340708
0.323242
0.479123
0.306039
0.285013
0.278557
0.287214
0.266197
0.225574
0.373095
0.212126
0.344595
0.349136
0.347958
0.439214
0.362932
0.260353
0.305649
0.362198
0.373285
0.395719
0.367632
0.384558
0.385378
0.328862
0.370344
0.315536
0.351568
0.301614
0.246311
0.437585
0.331628
0.421084
0.392315
0.315670
0.280313
0.281984
0.282480
0.250046
0.330160
0.351750
0.371366
0.358169
0.352603
0.319738
0.266484
0.274710
0.254105
0.353047
0.305527
0.334189
0.233290
0.507264
0.386388
0.297334
0.373354
0.422074
0.316978
0.256323
0.291904
0.299634
0.290302
0.286776
0.338179
0.332164
0.291846
0.289580
0.323271
0.348371
0.324608
0.272149
0.303964
0.328432
0.277915
0.282402
0.218211
0.265353
0.224492
0.309189
0.276538
0.284767
0.294238
0.383135
0.375298
0.292405
0.248864
0.374713
0.354105
0.383352
0.278382
0.306823
0.294937
0.250371
0.372608
0.492091
0.408213
0.415280
0.373351
0.271395
0.255368
0.237056
0.457440
0.444539
0.350637
0.313602
0.236635
0.388739
0.266070
0.216661
0.234624
0.243148
0.307263
0.226340
0.405576
0.341769
0.347242
0.305905
0.287227
0.293458
0.216583
0.235988
0.337642
0.232391
0.230757
0.243269
0.241883
0.235959
0.294453
0.346389
0.235565
0.296301
0.308743
0.262333
0.238495
0.329081
0.296136
0.317627
0.553473
0.243856
0.235903
0.354237
0.388831
0.360026
0.405416
0.339367
0.371151
0.366990
0.456802
0.347991
0.408233
0.394770
0.397870
0.235150
0.370962
0.383854
0.327057
0.279819
0.318107
0.275424
0.265615
0.309529
0.368865
0.311886
0.232756
0.491890
0.231087
0.486175
0.236612
0.310390
0.268095
0.330501
0.304387
0.316322
0.253451
0.252907
0.315103
0.264850
0.357816
0.346337
0.319072
0.370482
0.373471
0.404575
0.428504
0.439096
0.351451
0.402320
0.467931
0.436500
0.333760
0.351089
0.270201
0.205624
0.453422
0.302094
0.363847
0.284555
0.351593
0.321265
0.265248
0.225013
0.257538
0.490089
0.328804
0.292495
0.354759
0.436785
0.373689
0.388129
0.267417
0.275256
0.351926
0.467581
0.338468
0.370737
0.386290
0.246480
0.191645
0.215890
0.203719
0.271233
0.276558
0.202176
0.264869
0.203757
0.276298
0.202345
0.397022
0.302357
0.315347
0.221424
0.360275
0.370962
0.296981
0.267539
0.394139
0.306525
0.322669
0.281773
0.335099
0.355444
0.431788
0.292061
0.435596
0.261299
0.323974
0.286098
0.289212
0.303349
0.290658
0.355115
0.349670
0.241154
0.277474
0.394403
0.347550
0.276035
0.335889
0.305494
0.399360
0.373044
0.357619
0.420230
0.295736
0.261850
0.242601
0.445329
0.276325
0.243291
0.255408
0.260761
0.369479
0.307566
0.293060
0.353733
0.318824
0.307945
0.391727
0.347267
0.292916
0.272197
0.290825
0.267071
0.410321
0.406750
0.252587
0.380616
0.372279
0.267711
0.315204
0.276637
0.257653
0.196815
0.303992
0.331660
0.193798
0.224596
0.245598
0.270800
0.309580
0.234417
0.231373
0.247352
0.223091
0.217036
0.329714
0.409985
0.257116
0.270955
0.394288
0.404485
0.334489
0.342274
0.294783
0.398459
0.277976
0.283270
0.448255
0.286290
0.351464
0.307605
0.272918
0.355532
0.372572
0.477892
0.366454
0.289518
0.275145
0.343988
0.355618
0.383071
0.323724
0.276612
0.441882
0.382135
0.264405
0.298335
0.362814
0.279436
0.240862
0.322527
0.357534
0.415300
0.332380
0.346745
0.317591
0.171004
0.277365
0.305129
0.365628
0.595748
0.280266
0.271289
0.262800
0.303507
0.368245
0.440012
0.348768
0.290595
0.423203
0.376018
0.312632
0.459561
0.498231
0.354049
0.390753
0.349389
0.353064
0.388631
0.341828
0.313432
0.305944
0.339016
0.308408
0.518305
0.351227
0.255602
0.255193
0.325656
0.266014
0.236188
0.248865
0.296002
0.309007
0.363683
0.290795
0.334615
0.469108
0.476985
0.379734
0.387519
0.285716
0.306899
0.208150
0.506624
0.522835
0.459938
0.400122
0.304079
0.394035
0.367353
0.359768
0.305509
0.318048
0.355392
0.372457
0.334189
0.284733
0.257993
0.235118
0.248773
0.259579
0.277214
0.268470
0.261320
0.248873
0.248466
0.272434
0.250208
0.211079
0.164373
0.198406
0.144017
0.185472
0.185248
0.168637
0.220320
0.197158
0.283633
0.329410
0.255852
0.314947
0.255078
0.227025
0.304433
0.203522
0.287372
0.258590
0.221312
0.254628
0.218200
0.230850
0.244695
0.227624
0.228949
0.250984
0.358829
0.325750
0.292304
0.346933
0.228083
0.387804
0.361167
0.294144
0.345396
0.362393
0.290855
0.332636
0.257630
0.452764
0.272716
0.226143
0.324291
0.238134
0.299845
0.373655
0.417485
0.264086
0.270463
0.367008
0.276045
0.295233
0.259124
0.309932
0.235657
0.346024
0.326547
0.296002
0.332276
0.289241
0.249853
0.426479
0.231911
0.443905
0.326684
0.221460
0.352962
0.325125
0.256112
0.268712
0.377060
0.338036
0.243803
0.347016
0.252124
0.341206
0.254138
0.288274
0.259193
0.310210
0.328819
0.315038
0.322839
0.251317
0.350868
0.333788
0.350386
0.292922
0.353517
0.430694
0.360298
0.303087
0.446795
0.342224
0.361573
0.291595
0.344558
0.262023
0.325166
0.258844
0.287859
0.313067
0.252393
0.356668
0.240532
0.258395
0.345218
0.357799
0.314470
0.276405
0.370211
0.313096
0.410922
0.311558
0.292976
0.324176
0.300894
0.465529
0.488810
0.419940
0.358240
0.275470
0.312156
0.515798
0.373705
0.318774
0.372704
0.318682
0.341727
0.478403
0.365662
0.354867
0.188817
0.341756
0.248625
0.288340
0.304761
0.262462
0.263289
0.250915
0.356515
0.431535
0.521780
0.322414
0.274114
0.306071
0.352379
0.245205
0.435913
0.302153
0.365461
0.462773
0.259747
0.475549
0.344914
0.350686
0.389068
0.370449
0.313796
0.250474
0.328494
0.356670
0.295844
0.246388
0.243838
0.306320
0.360145
0.347607
0.411453
0.407510
0.421679
0.262005
0.321049
0.295238
0.337465
0.370763
0.464584
0.345551
0.361161
0.376953
0.236494
0.375374
0.214803
0.269442
0.324369
0.250385
0.322134
0.501583
0.259132
0.363405
0.368365
0.320482
0.353373
0.340946
0.395637
0.319664
0.314449
0.405302
0.289797
0.418186
0.295169
0.310642
0.308709
0.478912
0.291243
0.310938
0.385046
0.393121
0.263664
0.285736
0.254878
0.228425
0.269721
0.368777
0.336265
0.250673
0.198439
0.378903
0.302881
0.252651
0.269323
0.331098
0.374781
0.244990
0.370339
0.286987
0.336310
0.414555
0.201216
0.361495
0.388407
0.282833
0.283802
0.273139
0.283652
0.348404
0.368707
0.358036
0.424869
0.297253
0.279784
0.276983
0.316357
0.273079
0.260474
0.278103
0.306253
0.260797
0.143142
0.406790
0.355096
0.411224
0.206175
0.228394
0.351708
0.290880
0.347108
0.298007
0.343820
0.303251
0.341162
0.336523
0.175727
0.282216
0.342133
0.298207
0.338367
0.290531
0.252393
0.307562
0.364951
0.391557
0.409472
0.301632
0.229140
0.212347
0.211746
0.232867
0.252148
0.248019
0.241642
0.225764
0.288223
0.232772
0.196115
0.297054
0.331422
0.288706
0.311639
0.269234
0.434130
0.414810
0.335629
0.271206
0.403483
0.342385
0.339203
0.282932
0.321094
0.386661
0.175969
0.438934
0.288874
0.380820
0.398466
0.355056
0.336414
0.397072
0.262238
0.283771
0.218408
0.297160
0.326899
0.348293
0.296265
0.413400
0.353231
0.334827
0.299052
0.337407
0.340544
0.231384
0.356762
0.433543
0.285150
0.275552
0.352076
0.290086
0.315113
0.356902
0.358207
0.424298
0.396325
0.254966
0.373376
0.340127
0.174160
0.333160
0.346791
0.451170
0.355075
0.293897
0.328769
0.348631
0.256972
0.326227
0.257885
0.343381
0.312236
0.440439
0.435947
0.348157
0.294839
0.313960
0.332579
0.339606
0.345666
0.339193
0.252981
0.337079
0.497680
0.265981
0.255000
0.244897
0.275506
0.427674
0.404317
0.295947
0.336396
0.313678
0.230341
0.284913
0.340242
0.247558
0.404336
0.310275
0.281915
0.336931
0.349424
0.288819
0.329829
0.220372
0.375541
0.302839
0.289831
0.243062
0.285717
0.228152
0.198492
0.208333
0.241514
0.251747
0.212109
0.279922
0.328043
0.279708
0.205100
0.291070
0.294644
0.176468
0.276273
0.273245
0.247767
0.279966
0.299071
0.228786
0.334413
0.254739
0.292782
0.245959
0.232506
0.242499
0.257787
0.226001
0.255988
0.298131
0.229914
0.231177
0.241115
0.233126
0.248880
0.252151
0.257869
0.258484
0.331393
0.289657
0.231264
0.323364
0.392575
0.307126
0.316933
0.335399
0.316983
0.439983
0.433359
0.463470
0.501329
0.410413
0.482227
0.290474
0.278568
0.450161
0.345114
0.264729
0.260896
0.306116
