0.099328
3.831275
0.220996
0.249492
0.322860
0.339934
0.330014
0.375830
0.609117
0.378622
0.256340
0.456015
0.326263
0.320671
0.306701
0.348489
0.309123
0.269974
0.259751
0.490357
0.245501
0.448022
0.426705
0.332377
0.306671
0.333112
0.319466
0.349236
0.349602
0.348210
0.318722
0.407451
0.338597
0.325931
0.342159
0.281488
0.361760
0.513144
0.449242
0.447805
0.319534
0.345834
0.461747
0.445213
0.376424
0.565054
0.323902
0.318733
0.296195
0.296107
0.480584
0.339415
0.384730
0.400909
0.243174
0.306313
0.261102
0.320500
0.342464
0.446579
0.392172
0.327826
0.338867
0.341767
0.372115
0.391168
0.356224
0.369034
0.313744
0.367197
0.332331
0.302163
0.333978
0.399832
0.405986
0.448439
0.388366
0.372712
0.390198
0.360149
0.340952
0.355595
0.328809
0.315580
0.325752
0.176942
0.402452
0.264714
0.272247
0.282185
0.255926
0.341149
0.486758
0.377190
0.313944
0.374993
0.384647
0.452852
0.351635
0.385314
0.396162
0.402924
0.333960
0.472059
0.406924
0.300329
0.282226
0.493975
0.344106
0.396026
0.327982
0.333804
0.321345
0.348364
0.406698
0.301947
0.285056
0.341402
0.384290
0.335721
0.310280
0.340978
0.338516
0.289140
0.387453
0.422492
0.478502
0.320152
0.454699
0.357192
0.344355
0.416032
0.308089
0.304824
0.525052
0.527330
0.349700
0.277113
0.265738
0.284287
0.441007
0.435970
0.422755
0.340477
0.325460
0.360936
0.451034
0.292969
0.329495
0.319350
0.265115
0.434330
0.350491
0.537354
0.315742
0.335339
0.355842
0.341265
0.249801
0.345540
0.353841
0.298336
0.429458
0.299214
0.386570
0.358467
0.320986
0.329056
0.388145
0.342411
0.317661
0.331803
0.387884
0.316045
0.272377
0.337242
0.482841
0.428714
0.466458
0.343427
0.444468
0.383221
0.433438
0.339647
0.436302
0.379696
0.339733
0.291985
0.350835
0.367264
0.294066
0.409311
0.406766
0.372264
0.359910
0.275861
0.384854
0.444265
0.490379
0.497317
0.334781
0.297165
0.313826
0.402080
0.364123
0.355752
0.340241
0.424606
0.432948
0.340089
0.261397
0.335435
0.270105
0.383643
0.402412
0.340034
0.439260
0.438743
0.450303
0.313842
0.383971
0.336122
0.348203
0.316518
0.306059
0.463931
0.340692
0.320178
0.407347
0.489979
0.351574
0.384232
0.380549
0.352681
0.384246
0.343358
0.385211
0.439567
0.341556
0.340427
0.372856
0.370719
0.317968
0.326888
0.292786
0.352539
0.369621
0.557885
0.480082
0.337513
0.499346
0.314497
0.354581
0.319539
0.334181
0.401095
0.357858
0.401193
0.346090
0.326954
0.350486
0.308148
0.447064
0.525198
0.323769
0.317364
0.409765
0.451312
0.333321
0.335349
0.275903
0.264647
0.311110
0.378080
0.326162
0.367663
0.302027
0.293447
0.290265
0.368176
0.337303
0.486572
0.414434
0.407417
0.390663
0.264306
0.353329
0.535842
0.400834
0.346681
0.312145
0.591595
0.446146
0.382065
0.432046
0.421221
0.362425
0.315678
0.318974
0.389858
0.382782
0.340684
0.294614
0.441818
0.308781
0.348725
0.344226
0.410113
0.365312
0.438270
0.300539
0.417404
0.414443
0.381394
0.364932
0.368696
0.341618
0.547939
0.516262
0.332024
0.354396
0.350393
0.335881
0.292274
0.325270
0.291776
0.357737
0.397823
0.351717
0.326533
0.382030
0.338471
0.341175
0.317085
0.292177
0.280138
0.223691
0.271637
0.297625
0.293138
0.289497
0.383270
0.385670
0.302369
0.477696
0.374803
0.450310
0.401995
0.464740
0.453992
0.160588
0.352356
0.552620
0.387956
0.384347
0.375166
0.462744
0.430229
0.338650
0.309771
0.302740
0.296328
0.414547
0.288074
0.338796
0.439179
0.352888
0.320442
0.304080
0.284768
0.303039
0.331548
0.507673
0.390423
0.304924
0.340983
0.344088
0.429351
0.351291
0.315194
0.405293
0.442570
0.345522
0.390886
0.389787
0.441471
0.359566
0.293898
0.369323
0.449691
0.486653
0.390480
0.403334
0.397901
0.495308
0.396065
0.279714
0.360473
0.324426
0.345496
0.260811
0.309623
0.332666
0.364833
0.297521
0.288483
0.305696
0.470677
0.351264
0.464714
0.351611
0.312631
0.275706
0.387665
0.293854
0.375313
0.324928
0.458560
0.331521
0.265215
0.363853
0.264055
0.408715
0.284646
0.311805
0.625024
0.469900
0.377637
0.393487
0.351729
0.277638
0.268349
0.241742
0.333084
0.403515
0.399873
0.338946
0.291068
0.285503
0.382504
0.466009
0.398548
0.317023
0.290569
0.345618
0.536761
0.419797
0.357056
0.416742
0.304340
0.295426
0.335679
0.286995
0.301493
0.334603
0.300091
0.321211
0.288206
0.331393
0.356308
0.381892
0.379368
0.328856
0.467643
0.223056
0.465463
0.358613
0.334090
0.353111
0.426096
0.330348
0.319285
0.337795
0.359119
0.296407
0.388115
0.299436
0.278830
0.295666
0.424837
0.381398
0.278829
0.331759
0.329044
0.344192
0.287151
0.340415
0.270176
0.310799
0.458224
0.490336
0.416210
0.239138
0.446290
0.272129
0.241669
0.324989
0.326810
0.277877
0.287023
0.318129
0.412911
0.395182
0.416643
0.324068
0.295123
0.355440
0.318379
0.290416
0.260671
0.350742
0.299093
0.344987
0.345816
0.340241
0.349080
0.379760
0.331929
0.325766
0.353103
0.417687
0.474111
0.337697
0.418146
0.312201
0.328090
0.350776
0.331473
0.314458
0.370162
0.299032
0.399335
0.300663
0.291242
0.426654
0.265727
0.288355
0.355946
0.403407
0.338784
0.354742
0.144563
0.331833
0.481160
0.395107
0.318300
0.379270
0.353914
0.333163
0.358102
0.343551
0.331222
0.395859
0.401042
0.304340
0.235359
0.309288
0.358215
0.435192
0.460819
0.300347
0.385182
0.363423
0.299218
0.403596
0.338480
0.325929
0.475204
0.380998
0.323065
0.390521
0.314886
0.325615
0.340242
0.309765
0.340750
0.297924
0.327914
0.418851
0.410607
0.346929
0.251066
0.428522
0.392460
0.314958
0.490754
0.312936
0.351961
0.492719
0.347333
0.432900
0.454318
0.282404
0.331854
0.344652
0.382391
0.284756
0.283178
0.293891
0.307918
0.307590
0.347196
0.270857
0.469350
0.386672
0.336921
0.407588
0.408665
0.418305
0.382202
0.287354
0.423302
0.548742
0.320156
0.269802
0.294961
0.383401
0.286197
0.256459
0.390279
0.354663
0.343775
0.360554
0.354441
0.383976
0.259268
0.264094
0.222969
0.277286
0.450728
0.389575
0.287733
0.302672
0.301438
0.317208
0.341823
0.383554
0.418182
0.293465
0.300167
0.285118
0.334344
0.289055
0.309913
0.377507
0.357940
0.396817
0.356365
0.376584
0.344451
0.277234
0.392761
0.368509
0.457957
0.375273
0.311193
0.289100
0.318420
0.386299
0.347259
0.304227
0.347583
0.416814
0.370682
0.413842
0.342999
0.374762
0.332291
0.310791
0.374328
0.383397
0.358948
0.283250
0.365541
0.295587
0.317518
0.253303
0.287207
0.283368
0.361200
0.285915
0.388320
0.414654
0.343750
0.313436
0.329383
0.309775
0.362128
0.346218
0.309088
0.363553
0.291925
0.482148
0.351841
0.382704
0.502146
0.462913
0.456391
0.348200
0.373786
0.363138
0.365243
0.398226
0.339217
0.317014
0.401316
0.195140
0.333505
0.336716
0.347267
0.440741
0.332493
0.398086
0.349208
0.362073
0.432712
0.337084
0.341700
0.303765
0.264468
0.301147
0.338409
0.315928
0.330915
0.384210
0.264272
0.323650
0.389671
0.276987
0.298164
0.403080
0.300257
0.399809
0.376642
0.334478
0.327825
0.290362
0.317346
0.331769
0.357202
0.268991
0.373213
0.271358
0.281588
0.323525
0.433143
0.381781
0.236154
0.246686
0.359804
0.301604
0.320626
0.376640
0.354558
0.342616
0.320504
0.409964
0.345093
0.424284
0.322257
0.340749
0.306694
0.386174
0.361192
0.471712
0.395215
0.358771
0.352694
0.338974
0.347904
0.342127
0.309844
0.319845
0.319790
0.389349
0.454693
0.314273
0.348925
0.273295
0.535890
0.264558
0.352110
0.430440
0.365562
0.314884
0.381427
0.474586
0.296307
0.311738
0.398099
0.330830
0.387653
0.363401
0.427957
0.239875
0.304943
0.426450
0.399235
0.239818
0.252050
0.326860
0.301384
0.282845
0.340249
0.402063
0.350936
0.292212
0.395868
0.352047
0.356274
0.330898
0.292089
0.306844
0.240089
0.392286
0.352999
0.321846
0.454057
0.380688
0.316370
0.328299
0.360678
0.330972
0.401947
0.356168
0.334257
0.344801
0.310357
0.338899
0.401495
0.306288
0.312382
0.504481
0.439769
0.347513
0.421699
0.343657
0.457856
0.302716
0.443791
0.275259
0.277414
0.488064
0.341373
0.330375
0.329577
0.541112
0.317298
0.467037
0.386266
0.312121
0.346347
0.333299
0.379900
0.558331
0.358269
0.308472
0.310270
0.336662
0.301780
0.425602
0.373927
0.274538
0.285437
0.258175
0.299662
0.301064
0.372079
0.256267
0.293203
0.268355
0.339126
0.268952
0.329916
0.250033
0.249729
0.308472
0.286727
0.308784
0.416736
0.298692
0.360882
0.396757
0.326208
0.286132
0.277464
0.319305
0.286143
0.350944
0.329120
0.332472
0.494664
0.404062
0.358993
0.411197
0.306949
0.312902
0.299924
0.497864
0.305561
0.269074
0.487377
0.273399
0.417559
0.400616
0.358152
0.322046
0.336936
0.287635
0.301225
0.322467
0.393702
0.310097
0.387520
0.358082
0.324688
0.311616
0.320029
0.312832
0.281254
0.306909
0.358425
0.443511
0.435482
0.346199
0.308173
0.506908
0.416591
0.335261
0.440618
0.353295
0.448998
0.343696
0.444525
0.553581
0.316361
0.363072
0.341758
0.320467
0.343125
0.389317
0.345580
0.332862
0.459359
0.394660
0.407330
0.244454
0.298348
0.334400
0.352792
0.330295
0.375457
0.351583
0.346697
0.253750
0.257939
0.321805
0.393339
0.380282
0.300553
0.364474
0.272071
0.345476
0.431106
0.284217
0.214315
0.256879
0.306585
0.334495
0.267285
0.279841
0.237405
0.349892
0.266582
0.278383
0.288050
0.238131
0.268987
0.247976
0.276040
0.270278
0.241590
0.262355
0.318554
0.257379
0.281538
0.296117
0.303026
0.259985
0.289008
0.256364
0.283363
0.242429
0.245331
0.251985
0.345051
0.315584
0.319950
0.307499
0.327552
0.314323
0.289647
0.372014
0.257058
0.252220
0.338182
0.269047
0.318797
0.417445
0.404134
0.324266
0.350273
0.456595
0.451699
0.430154
0.341822
0.377675
0.310483
0.359423
0.402070
0.298853
0.326396
0.391528
0.312407
0.353536
0.346541
0.414463
0.247898
0.340165
0.288974
0.388698
0.305281
0.264702
0.322023
0.442568
0.314599
0.439247
0.298455
0.337085
0.278879
0.333196
0.286284
0.448315
0.480619
0.334480
0.284101
0.476369
0.334560
0.401611
0.433335
0.344908
0.435771
0.289801
0.322569
0.285763
0.327328
0.363591
0.372364
0.373316
0.390838
0.532207
0.328420
0.304289
0.328766
0.321048
0.285880
0.296930
0.322634
0.449654
0.344679
0.420942
0.429638
0.376438
0.321237
0.327273
0.370257
0.285833
0.448063
0.501772
0.467677
0.473881
0.386276
0.404774
0.415609
0.456051
0.323567
0.325656
0.266539
0.291600
0.386811
0.366176
0.327641
0.326961
0.330710
0.306036
0.318458
0.486285
0.330070
0.328375
0.273463
0.346325
0.334392
0.273276
0.262463
0.305505
0.244601
0.380831
0.507915
0.367819
0.360184
0.405909
0.377031
0.379831
0.343586
0.478223
0.254106
0.304413
0.264266
0.351012
0.355003
0.299965
0.462358
0.289203
0.397892
0.324867
0.362506
0.377358
0.275209
0.365841
0.299272
0.316505
0.336722
0.356518
0.285209
0.313981
0.263518
0.408238
0.247988
0.298712
0.330892
0.276646
0.350942
0.310866
0.285456
0.400803
0.366700
0.354252
0.283455
0.252068
0.293829
0.326438
0.290780
0.366530
0.278391
0.260776
0.323182
0.365420
0.290437
0.413096
0.294546
0.311064
0.272489
0.312155
0.404240
0.244270
0.334063
0.290425
0.247335
0.401885
0.273038
0.358649
0.358274
0.380461
0.389066
0.483859
0.330221
0.540788
0.309396
0.219178
0.330518
0.343293
0.320289
0.235222
0.261874
0.413915
0.410100
0.445088
0.366483
0.360274
0.345255
0.385689
0.313855
0.391926
0.353290
0.451481
0.317217
0.419644
0.460274
0.302554
0.328061
0.287747
0.422653
0.340110
0.298612
0.403372
0.280449
0.295526
0.321274
0.384089
0.367251
0.464101
0.421677
0.287272
0.402807
0.273200
0.314645
0.265880
0.283906
0.305568
0.328077
0.286056
0.412646
0.373853
0.350461
0.325850
0.342980
0.271289
0.330142
0.301783
0.294647
0.387499
0.317856
0.327646
0.243211
0.311101
0.384492
0.366251
0.270914
0.381985
0.337281
0.340143
0.393532
0.268659
0.255102
0.374544
0.265282
0.396324
0.258914
0.372566
0.283102
0.334080
0.327519
0.266649
0.238999
0.354317
0.304394
0.313915
0.323935
0.408157
0.361108
0.303646
0.358799
0.284288
0.409927
0.381385
0.379983
0.369847
0.385788
0.310403
0.401088
0.469873
0.323561
0.562123
0.333497
0.391821
0.298466
0.200793
0.388621
0.219045
0.339561
0.303143
0.519115
0.286367
0.342351
0.287128
0.278493
0.282998
0.409962
0.296953
0.359939
0.290967
0.264640
0.271371
0.326044
0.285188
0.477015
0.311337
0.353434
0.340890
0.332110
0.359630
0.345878
0.290884
0.338943
0.399511
0.362019
0.328269
0.384909
0.414238
0.274718
0.295510
0.317919
0.285335
0.357393
0.452252
0.303917
0.378898
0.323711
0.250717
0.395914
0.262017
0.220970
0.388101
0.484591
0.502334
0.346848
0.309554
0.301285
0.313650
0.304504
0.299006
0.183052
0.302247
0.374196
0.241127
0.334927
0.366516
0.385217
0.360669
0.343068
0.388461
0.312778
0.319371
0.379972
0.328631
0.296971
0.414324
0.447290
0.326882
0.492258
0.416268
0.347285
0.374439
0.379492
0.497454
0.391837
0.347978
0.463229
0.386145
0.348817
0.323123
0.264123
0.305006
0.318235
0.328335
0.296723
0.286172
0.467354
0.290123
0.282619
0.461663
0.367752
0.272549
0.332963
0.414614
0.332248
0.391646
0.295845
0.277864
0.417744
0.242220
0.523212
0.293656
0.370531
0.356404
0.324234
0.311894
0.307538
0.336044
0.315115
0.403334
0.251703
0.362822
0.270270
0.422371
0.291462
0.334730
0.340348
0.477813
0.371559
0.336631
0.404772
0.244467
0.260744
0.246891
0.322689
0.345737
0.378286
0.391232
0.306948
0.443286
0.406415
0.285827
0.291134
0.301062
0.278643
0.325294
0.312645
0.452257
0.339277
0.341423
0.293075
0.314853
0.377500
0.280333
0.413224
0.341251
0.293485
0.315704
0.318281
0.272032
0.273864
0.326727
0.319888
0.307350
0.344942
0.260230
0.233870
0.372154
0.313942
0.354254
0.348174
0.240098
0.286844
0.350981
0.399650
0.322070
0.302007
0.344416
0.203276
0.288860
0.228429
0.235289
0.280616
0.270125
0.204275
0.300059
0.281268
0.197257
0.222732
0.271522
0.246341
0.304005
0.256448
0.294403
0.329167
0.303903
0.287579
0.315461
0.355270
0.307599
0.307426
0.277755
0.287686
0.260204
0.316219
0.395237
0.291128
0.305916
0.283164
0.363343
0.330758
0.301571
0.384543
0.261970
0.424463
0.379963
0.307173
0.358402
0.352331
0.281836
0.317297
0.363811
0.360183
0.326874
0.398712
0.420842
0.382153
0.362946
0.272507
0.462046
0.360587
0.338660
0.324126
0.300868
0.473151
0.361625
0.340434
0.345794
0.304750
0.329468
0.393834
0.295966
0.464034
0.291048
0.330043
0.392892
0.245852
0.292326
0.329209
0.405864
0.438800
0.202540
0.283629
0.346792
0.264089
0.418172
0.291681
0.319673
0.321171
0.279176
0.270289
0.231955
0.354149
0.283010
0.184924
0.425055
0.373297
0.422331
0.394148
0.260437
0.341402
0.539893
0.420796
0.334574
0.468518
0.302572
0.332254
0.271214
0.387910
0.332190
0.325613
0.294553
0.310431
0.353508
0.416930
0.339144
0.300903
0.290103
0.364825
0.392804
0.452385
0.345420
0.289754
0.337338
0.215573
0.306193
0.289575
0.350322
0.262859
0.260933
0.327947
0.302050
0.242788
0.306183
0.269627
0.225838
0.306482
0.281437
0.281744
0.246293
0.337804
0.283638
0.366064
0.419124
0.360156
0.503243
0.353221
0.401606
0.344562
0.331095
0.316400
0.392118
0.297280
0.330197
0.345280
0.287905
0.360709
0.260111
0.297556
0.309310
0.319368
0.367104
0.300532
0.263078
0.328935
0.356817
0.290344
0.319448
0.309469
0.329373
0.340989
0.297714
0.388714
0.368753
0.351157
0.483637
0.333905
0.295381
0.331645
0.254360
0.313315
0.308158
0.321652
0.349049
0.275649
0.442311
0.290308
0.369506
0.277928
0.255786
0.294134
0.350116
0.364940
0.389036
0.418608
0.446509
0.340713
0.354822
0.298444
0.287347
0.288977
0.296200
0.409331
0.343378
0.221019
0.363603
0.325467
0.293151
0.272796
0.313185
0.271519
0.260930
0.358119
0.248253
0.284249
0.273854
0.242471
0.311628
0.265800
0.286220
0.237531
0.227968
0.288537
0.252726
0.266594
0.278954
0.338463
0.312136
0.379683
0.296862
0.341830
0.382097
0.443272
0.311065
0.374360
0.402538
0.270552
0.255549
0.300844
0.399275
0.278270
0.283891
0.286647
0.306217
0.322075
0.205551
0.255922
0.389837
0.204650
0.283933
0.335096
0.272726
0.307289
0.274601
0.346909
0.279891
0.386000
0.395596
0.334298
0.297100
0.281050
0.299876
0.389045
0.327124
0.447236
0.310710
0.445755
0.473703
0.281905
0.269431
0.296515
0.253382
0.326430
0.290165
0.276802
0.387140
0.309163
0.395659
0.354325
0.366118
0.469870
0.455200
0.410932
0.309144
0.301628
0.312327
0.380633
0.281204
0.359168
0.324696
0.340322
0.268763
0.358033
0.432373
0.335932
0.241735
0.294468
0.329980
0.389147
0.327931
0.288119
0.286808
0.345747
0.340619
0.349688
0.360561
0.307369
0.279985
0.468002
0.253112
0.472991
0.358217
0.473717
0.289518
0.315395
0.287001
0.336517
0.296659
0.238179
0.264198
0.342605
0.372108
0.262136
0.249809
0.233296
0.326478
0.395098
0.297334
0.288381
0.261094
0.255996
0.231803
0.237025
0.207751
0.278906
0.162309
0.274823
0.294693
0.257306
0.305516
0.259048
0.245469
0.288169
0.273402
0.301069
0.257354
0.234587
0.291249
0.287482
0.299437
0.307458
0.217993
0.291162
0.316161
0.279873
0.281157
0.388286
0.332866
0.294888
0.373533
0.358309
0.337424
0.400631
0.260210
0.285181
0.255028
0.298510
0.386948
0.258109
0.189606
0.269162
0.265109
0.203655
0.273614
0.277925
0.260273
0.279199
0.328148
0.308617
0.232898
0.269488
0.291746
0.308811
0.297127
0.326382
0.275843
0.255870
0.266962
0.320173
0.271334
0.224127
0.262830
0.280103
0.283504
0.288428
0.227633
0.284726
0.277337
0.268488
0.316164
0.260895
0.283684
0.321042
0.240722
0.274781
0.266639
0.273077
0.300681
0.265039
0.245094
0.252736
0.283041
0.302217
0.243115
0.239143
0.277854
0.259108
0.197130
0.261917
0.290676
0.256419
0.291467
0.264313
0.282601
0.246137
0.209785
0.296949
0.315947
0.305205
0.287748
0.316298
0.275575
0.273175
0.294064
0.320498
0.265326
0.241564
0.287898
0.302651
0.285947
0.277555
0.302273
0.305310
0.281487
0.296047
0.267690
0.272991
0.283592
0.247857
0.256826
0.257581
0.257389
0.279678
0.288657
0.236231
0.290917
0.258013
0.271991
0.265320
0.247028
0.292445
0.278937
0.225290
0.317581
0.239303
0.259335
0.244373
0.274805
0.304434
0.276793
0.211818
0.221152
0.225474
0.327315
0.294732
0.271863
0.278685
0.277540
0.337912
0.277459
0.313119
0.244728
0.408849
0.393604
0.267743
0.296010
0.311581
0.412150
0.385797
