109	127	63	66
110	132	50	55
114	137	58	51
114	133	65	59
119	134	60	61
123	133	61	62
127	142	61	60
127	148	67	54
134	149	60	57
138	155	69	51
141	157	69	52
151	162	70	48
154	162	68	50
158	163	66	51
164	161	70	54
169	158	68	54
175	157	65	54
182	161	57	49
182	159	64	48
185	154	62	51
194	155	54	46
201	149	48	52
197	150	55	50
199	144	55	53
197	139	53	56
201	140	51	52
200	137	49	55
196	139	55	54
193	135	55	56
195	131	56	58
193	131	56	55
190	123	61	63
188	126	56	61
181	127	58	62
179	123	54	66
169	126	61	62
166	127	60	59
159	127	60	61
152	129	64	61
147	129	61	59
137	129	70	59
130	132	65	55
126	128	66	55
119	127	66	54
113	126	65	53
111	126	70	51
103	122	67	50
99	124	71	46
94	115	72	48
84	111	71	46
76	114	74	43
73	100	64	50
70	95	66	51
67	102	65	45
60	94	67	52
57	87	62	61
61	85	57	64
56	84	60	67
53	93	62	63
55	89	57	70
53	95	55	65
55	94	53	67
54	95	56	68
57	98	57	72
63	98	54	74
67	97	53	75
67	106	54	74
72	111	52	73
76	111	56	76
86	112	54	78
92	117	56	75
98	119	60	75
106	127	64	71
116	133	69	68
128	133	66	72
138	141	72	67
149	146	66	67
157	155	69	60
159	163	76	54
172	171	71	49
182	176	72	48
191	179	64	51
197	177	62	50
197	177	60	50
208	175	59	52
213	176	58	47
217	173	63	47
222	174	57	44
224	170	54	45
229	168	52	50
236	162	52	49
240	160	49	51
240	159	46	54
240	162	46	53
236	158	46	56
234	163	50	50
234	150	47	60
225	144	50	65
226	143	46	61
218	135	49	64
212	137	49	57
205	138	51	54
201	131	52	59
191	135	56	49
188	135	54	53
182	140	52	49
179	139	52	47
172	138	55	47
172	137	47	45
168	137	45	43
166	138	45	41
155	132	48	46
146	125	48	48
138	122	44	52
127	122	47	48
119	116	47	52
110	114	48	53
102	112	49	51
97	109	48	56
92	106	47	54
84	103	47	54
79	102	46	57
77	103	48	53
70	100	50	55
69	105	55	50
66	99	53	54
69	97	49	58
68	103	54	50
66	104	53	54
65	90	48	63
61	97	52	58
56	106	65	51
56	107	70	53
62	111	60	57
59	114	64	61
63	120	71	61
62	129	68	62
68	133	72	66
69	156	86	58
75	155	82	65
80	167	92	65
92	172	90	68
96	172	86	72
101	175	93	68
116	182	91	57
122	174	89	61
142	180	87	49
163	171	75	61
183	161	68	64
187	159	68	60
205	147	60	71
210	147	66	65
210	146	63	66
217	145	67	62
218	140	73	60
208	153	78	48
235	156	63	47
233	145	58	56
230	141	57	55
225	134	63	61
204	134	77	50
201	134	74	51
210	128	62	60
206	132	64	58
213	129	54	62
204	136	57	59
196	130	68	59
191	126	73	60
187	128	74	57
187	123	75	57
176	121	72	58
177	120	74	52
172	114	75	56
160	109	83	51
151	100	74	55
142	85	66	64
135	78	59	62
129	73	65	64
115	69	75	58
101	59	76	61
96	54	74	64
87	54	74	60
73	54	80	59
66	54	71	62
55	58	73	62
45	67	83	62
37	84	75	53
30	87	78	55
28	103	90	50
26	103	76	56
24	112	91	56
27	113	82	62
27	126	89	55
34	132	89	53
38	129	89	61
39	133	91	62
46	133	94	63
56	127	88	68
69	123	87	73
73	121	89	75
83	126	81	70
94	128	81	70
103	121	77	75
105	115	83	81
113	116	83	79
124	122	77	65
125	117	83	67
131	117	78	63
136	117	95	61
136	118	103	60
147	108	97	71
143	109	98	70
140	117	102	65
146	128	104	64
157	140	80	64
166	141	85	65
169	141	82	72
180	165	68	59
205	159	59	71
195	180	76	62
203	181	83	68
209	185	70	69
208	185	65	65
222	189	62	62
215	197	65	54
211	209	79	46
224	196	74	59
213	200	88	51
223	192	83	54
201	207	102	46
226	196	79	55
219	200	78	45
218	181	80	59
189	177	102	59
190	144	93	74
181	127	104	71
168	120	110	59
167	115	96	58
147	111	104	57
154	102	88	56
139	98	89	53
130	95	92	51
126	85	83	59
120	82	79	62
114	72	69	77
111	78	72	72
102	83	66	76
93	97	70	72
91	107	70	68
81	114	75	70
77	128	81	61
75	132	77	67
68	152	80	55
73	153	77	55
78	164	68	58
83	162	61	70
88	169	59	71
87	177	71	66
95	185	66	60
100	179	60	70
103	193	60	56
108	200	59	56
113	203	61	49
125	198	64	51
124	179	66	67
126	163	73	81
133	169	75	68
140	153	68	75
140	156	78	66
149	155	80	61
156	156	74	57
158	151	72	57
157	149	79	63
157	143	82	63
157	139	86	66
163	143	75	60
167	144	78	58
163	142	80	56
160	150	81	51
160	152	82	55
167	143	83	68
175	141	84	76
172	144	83	83
177	146	82	85
194	146	74	97
195	151	77	91
201	156	76	95
207	158	73	88
205	156	83	87
208	160	84	81
195	170	100	72
200	169	98	74
226	180	81	65
230	193	78	52
226	192	84	49
216	190	95	48
209	167	97	55
192	154	106	57
182	136	96	59
165	125	97	62
162	103	94	75
153	97	92	71
135	86	96	72
120	76	98	79
107	65	114	85
88	67	121	82
81	60	112	83
74	58	106	78
63	55	97	88
55	59	84	84
46	62	81	81
37	77	90	78
38	91	82	69
37	95	89	77
31	115	96	64
30	103	93	86
36	108	82	94
40	113	85	81
43	111	81	86
50	113	83	91
53	124	85	88
60	123	79	91
69	134	76	80
75	122	75	86
78	128	78	70
89	119	80	78
92	104	84	78
112	98	82	88
123	109	92	76
131	101	92	80
140	113	96	63
141	115	96	60
148	110	93	69
154	101	87	72
155	104	88	71
150	102	90	80
147	102	89	79
149	105	88	72
152	111	89	68
153	117	72	73
148	126	81	68
155	134	87	65
159	141	73	70
178	146	56	77
181	163	57	67
195	159	50	82
195	172	56	78
202	176	55	76
213	180	53	69
213	180	62	69
228	175	55	74
243	173	54	76
239	189	58	70
265	170	54	78
255	183	61	76
268	183	55	72
261	188	60	64
184	211	115	46
180	204	90	49
208	204	109	50
210	196	115	56
208	182	111	74
222	165	91	84
205	153	104	84
174	128	122	89
160	111	122	104
154	92	109	107
135	79	111	119
124	75	131	112
108	61	145	114
91	51	133	116
75	40	118	123
61	42	124	116
47	44	124	110
36	55	145	100
24	50	148	102
32	60	139	94
21	84	143	79
14	88	122	71
6	88	106	74
0	82	94	80
7	73	80	95
2	109	82	66
0	104	75	75
0	107	72	70
0	101	66	83
0	114	69	81
1	135	90	70
0	133	91	71
6	126	93	86
14	120	92	95
22	129	97	89
36	128	89	85
45	140	94	72
57	137	83	76
70	137	87	75
84	144	82	64
83	145	85	65
99	147	79	60
104	146	77	62
108	141	81	66
115	143	73	62
123	144	62	60
126	139	67	68
121	142	71	59
121	131	70	71
109	133	82	68
108	138	75	60
118	141	72	67
100	138	79	67
103	138	73	65
113	143	80	61
111	149	82	54
106	156	80	49
121	143	65	60
111	144	70	59
104	147	87	60
119	152	71	60
138	148	63	69
145	147	63	74
154	150	60	69
160	153	65	64
167	152	62	61
162	157	68	60
166	155	70	61
173	154	71	64
174	160	70	58
177	162	66	57
172	165	68	55
173	162	73	57
175	162	62	56
174	163	63	58
167	156	66	63
175	157	60	59
174	160	53	53
170	160	65	54
165	157	63	53
160	154	64	58
155	144	63	69
149	142	60	68
136	137	60	75
131	139	61	68
129	133	70	71
130	146	81	61
126	141	83	60
128	147	68	48
121	145	63	53
127	163	71	37
120	151	80	54
125	151	84	52
124	142	74	61
136	146	79	55
136	139	72	62
135	140	83	57
137	139	89	56
139	128	81	64
143	122	73	69
140	120	79	67
141	123	86	59
146	129	82	54
147	125	90	59
144	117	93	62
149	116	81	63
153	115	85	63
149	109	83	69
149	113	90	63
154	113	80	63
163	113	72	61
154	107	73	65
157	102	67	69
165	112	59	58
157	115	67	61
159	117	75	60
159	119	80	60
159	124	80	58
163	132	81	57
161	135	78	59
160	143	93	58
167	147	83	56
172	154	87	57
180	161	69	60
182	159	76	64
188	168	73	57
184	170	75	61
188	170	79	60
185	169	82	58
186	169	79	56
191	154	85	62
186	148	86	64
186	140	83	57
182	132	82	58
184	124	75	60
166	122	83	57
167	114	82	58
146	107	91	53
143	101	80	61
128	104	82	51
119	100	72	55
101	96	76	50
101	92	61	57
92	96	61	53
89	98	56	50
83	97	61	53
72	99	64	54
68	104	75	59
67	108	71	62
65	117	77	52
69	132	71	44
59	129	79	48
61	127	77	56
67	123	75	58
63	127	84	61
66	129	87	61
70	127	75	68
76	126	66	73
73	127	69	72
79	124	61	71
80	121	61	74
86	124	59	67
86	118	63	74
94	116	74	76
95	113	72	76
98	118	75	69
99	116	79	70
106	117	93	72
102	118	87	66
103	123	85	68
107	119	83	67
109	111	87	78
109	115	86	72
110	113	84	71
112	119	72	70
113	127	76	66
120	127	66	71
124	143	66	61
124	146	71	61
124	157	76	59
124	170	88	52
130	174	86	53
132	183	89	53
150	182	75	64
156	182	63	69
173	181	55	69
169	185	70	61
171	187	78	62
179	182	65	64
186	188	67	65
199	180	66	72
207	181	59	69
214	181	56	69
224	187	50	64
235	169	47	80
238	156	64	79
226	160	62	74
224	155	64	58
205	147	88	54
228	143	63	56
222	137	67	48
217	122	67	61
207	122	75	55
200	118	82	51
189	113	74	54
182	116	78	45
176	117	86	46
162	114	97	49
161	113	90	48
160	113	73	51
154	115	77	49
153	109	50	60
145	107	49	67
136	111	58	57
128	113	55	65
128	119	48	62
122	127	57	57
119	137	60	54
113	131	64	62
116	134	57	65
120	132	52	66
125	134	59	65
132	132	59	66
134	125	61	72
141	126	61	69
147	127	60	64
153	124	69	61
156	117	66	65
157	112	72	66
163	106	71	60
163	101	71	60
171	97	66	55
165	91	73	58
162	85	77	62
164	79	73	69
167	76	72	69
158	72	74	72
144	77	80	63
147	74	73	68
138	74	56	63
140	73	47	69
138	84	56	63
135	92	68	63
131	101	82	61
137	113	79	57
134	125	79	58
141	132	67	61
146	144	64	58
147	154	73	56
153	163	64	53
161	170	70	54
163	173	80	60
167	176	78	65
175	178	83	66
181	191	70	56
187	195	64	54
200	192	63	61
182	200	85	54
195	196	83	57
193	205	89	51
209	202	72	53
204	204	79	48
207	201	87	53
208	202	78	57
215	204	75	53
221	191	73	61
208	185	80	57
209	164	78	70
212	158	68	61
218	141	61	68
197	138	68	62
196	128	75	66
192	122	70	63
182	121	75	58
167	117	80	52
148	112	91	50
144	108	73	51
128	106	80	48
112	99	79	49
103	91	74	61
93	85	70	59
86	83	72	62
77	90	80	55
62	83	85	57
67	87	76	56
64	92	82	55
50	91	83	57
41	84	86	65
36	81	71	62
37	84	62	58
38	78	66	61
36	77	61	56
41	73	68	67
41	73	78	74
43	74	74	73
46	66	77	79
51	64	76	88
57	73	76	79
67	77	76	83
72	94	75	76
90	95	65	84
98	103	65	79
110	110	54	83
118	124	47	79
128	132	47	75
138	158	54	60
147	175	62	52
155	187	75	52
169	181	56	71
161	189	77	62
168	196	57	61
172	212	84	46
169	220	95	36
169	218	100	37
189	220	89	39
168	224	80	35
185	230	81	29
207	207	66	48
200	209	75	50
204	201	70	55
202	178	74	73
206	169	68	76
209	158	69	70
209	153	71	66
203	149	69	65
217	118	63	87
210	121	64	74
206	114	70	73
197	113	73	72
187	109	77	68
182	97	75	71
183	97	72	70
180	108	71	60
172	109	69	59
162	122	69	49
172	127	50	49
165	133	49	48
145	135	60	47
144	136	53	53
133	140	50	53
126	146	43	49
114	143	43	53
104	151	45	48
92	154	44	47
86	151	46	48
81	151	49	49
78	146	44	55
75	159	56	38
72	141	45	57
70	149	52	45
66	142	55	46
66	138	58	50
67	136	61	48
67	126	67	52
72	120	61	58
73	124	65	49
80	121	62	51
85	114	59	50
87	110	63	52
100	99	64	56
98	91	66	65
109	98	65	53
113	93	73	56
118	92	80	59
115	88	84	65
122	95	89	58
134	96	86	60
138	106	86	49
143	107	90	56
161	107	85	58
173	108	81	60
177	115	87	58
187	114	82	65
203	116	73	66
204	118	80	65
212	120	79	69
219	125	72	63
222	132	71	60
199	143	92	54
226	135	61	63
243	134	56	64
244	141	69	53
238	144	72	58
230	160	73	54
249	138	54	65
229	158	65	57
233	148	57	65
230	147	55	64
224	150	55	59
218	150	58	56
208	157	63	49
207	154	66	51
198	154	63	48
196	152	60	48
196	145	60	51
189	144	56	52
186	146	50	50
188	147	47	48
178	151	52	50
172	149	58	55
175	149	49	57
175	149	46	58
171	151	47	56
174	150	46	54
169	152	46	56
167	152	50	55
161	151	54	53
162	148	54	57
161	150	57	52
157	152	56	52
154	153	62	50
151	151	62	48
155	147	55	50
149	149	57	46
151	145	50	43
155	147	54	43
148	144	68	43
147	137	61	51
153	138	60	48
149	127	63	53
145	129	61	52
141	121	61	55
134	123	67	51
134	125	61	50
128	121	64	54
124	122	65	49
124	116	64	59
115	114	74	56
108	113	75	59
108	117	67	59
110	118	60	60
109	124	54	57
120	132	48	54
124	132	48	58
134	137	49	56
147	146	50	52
151	152	63	52
172	156	64	56
185	166	66	47
202	178	61	48
213	183	74	47
233	183	66	51
244	184	67	54
254	181	67	57
273	178	63	58
254	182	77	52
282	188	51	45
284	179	49	46
289	177	50	43
291	161	54	42
297	155	47	38
290	145	49	40
281	137	60	38
287	123	52	39
272	108	64	52
273	102	57	54
255	111	68	46
247	109	73	43
235	102	72	48
242	94	59	50
235	90	64	54
233	87	60	56
221	84	65	58
220	84	65	56
210	94	70	50
203	103	62	49
184	113	66	45
170	111	76	49
153	120	83	46
131	120	87	53
113	122	77	54
105	121	86	47
98	119	82	55
89	119	78	54
78	120	83	51
69	120	77	52
68	121	80	50
66	119	80	55
65	124	70	50
64	115	66	55
66	108	67	61
71	111	68	62
71	106	61	67
73	107	73	70
81	107	64	73
92	110	61	64
95	110	66	70
99	101	61	75
105	105	59	72
106	105	55	68
102	116	64	61
105	105	66	69
103	108	67	68
97	88	62	73
98	93	64	71
95	102	51	63
98	107	52	58
103	106	49	63
111	128	51	40
121	140	53	45
137	152	55	40
161	163	45	33
178	171	45	34
193	170	41	38
201	175	51	38
210	168	53	47
232	164	49	46
247	160	43	44
252	162	43	42
255	151	47	49
265	143	46	47
271	142	45	50
281	130	50	54
279	115	55	61
277	118	53	55
278	115	51	51
274	107	56	60
269	113	63	50
271	95	58	60
266	104	62	54
260	123	70	43
260	109	57	51
258	107	63	42
254	103	63	55
248	106	64	49
249	105	65	49
245	103	67	53
242	96	60	52
237	100	68	49
228	107	74	44
223	115	74	44
226	111	64	50
217	126	66	40
208	125	72	43
196	127	71	44
185	128	72	47
172	125	77	50
177	122	66	48
165	123	78	50
165	123	62	50
148	117	71	58
152	118	62	57
139	115	64	58
129	110	65	62
118	106	69	65
114	103	60	68
108	104	63	67
105	96	59	66
98	100	60	63
93	104	64	56
93	100	66	54
97	103	60	57
94	97	57	63
98	99	57	69
101	103	64	66
106	104	64	68
113	104	61	64
117	100	64	68
123	98	66	69
131	96	60	66
137	94	64	68
141	94	69	67
157	101	60	65
161	97	70	63
161	90	70	63
164	89	70	66
162	99	82	57
153	40	62	58
156	93	53	51
172	87	47	52
176	95	58	60
176	96	69	61
178	101	69	66
175	111	67	66
174	119	65	62
173	129	67	60
175	128	52	71
172	137	62	65
176	151	65	58
175	155	64	56
180	154	67	64
183	155	75	65
187	158	66	67
191	157	78	68
190	162	74	61
208	161	59	63
220	161	55	70
218	170	55	66
223	174	61	62
230	178	54	63
243	175	52	62
254	179	46	59
260	178	44	55
266	159	48	68
265	151	53	68
260	142	61	62
269	128	51	66
258	118	59	66
241	109	60	68
232	101	70	72
228	103	53	67
210	106	60	62
220	98	48	72
205	95	45	75
196	105	48	63
179	111	49	60
165	112	43	57
157	114	45	61
148	123	45	52
138	129	49	53
137	137	49	54
135	143	49	46
137	155	47	38
129	148	48	45
129	145	53	43
132	136	47	47
132	140	49	45
131	139	55	41
129	123	52	52
134	114	53	51
132	112	57	49
134	105	59	47
136	94	58	48
136	83	58	52
134	73	56	53
130	74	57	48
128	71	58	47
122	68	66	54
121	62	62	56
113	59	61	59
109	61	57	59
98	57	58	58
93	56	54	58
85	61	57	51
80	66	58	55
74	75	55	56
74	91	58	53
72	106	62	51
72	121	68	48
77	132	71	50
94	146	62	53
108	153	63	54
121	161	66	53
139	167	64	59
140	174	78	61
158	180	69	66
177	185	75	65
195	194	65	59
207	193	67	60
216	190	74	62
226	193	62	66
239	195	57	64
228	203	75	56
232	208	66	51
239	192	58	66
235	179	65	72
234	168	65	71
241	159	51	66
233	154	52	63
229	135	53	79
223	123	48	78
198	126	58	65
183	106	60	70
161	107	68	63
151	99	68	66
144	90	72	71
126	89	72	67
114	89	82	68
107	100	73	55
99	99	69	54
91	100	71	55
84	95	78	59
80	97	81	54
76	97	71	54
68	98	77	53
69	100	73	48
73	97	75	42
75	99	74	40
71	96	76	44
75	97	72	52
80	93	69	60
78	90	67	68
84	94	63	65
88	94	64	71
94	98	62	74
98	100	64	69
102	100	56	67
106	113	67	61
105	108	65	59
102	106	66	65
100	103	60	62
100	95	66	70
86	110	85	66
97	100	69	67
98	100	65	61
99	101	71	65
98	103	66	64
89	107	82	56
101	116	77	49
101	114	82	47
106	103	75	55
100	99	88	53
100	103	89	47
104	98	77	52
110	99	61	48
116	75	55	73
117	79	57	74
119	89	67	66
114	86	66	69
117	96	68	63
117	104	79	57
118	100	82	63
132	105	76	56
125	112	78	55
125	110	88	59
135	119	91	59
142	120	89	61
153	130	80	57
166	127	75	63
164	133	79	60
179	143	61	58
185	147	64	56
186	149	70	58
189	149	82	62
193	150	75	57
210	151	76	56
207	147	78	52
212	145	73	52
217	139	69	55
222	126	69	52
221	116	66	55
224	110	63	58
220	103	61	51
216	86	66	58
211	76	66	58
207	63	66	59
204	55	58	60
197	48	59	57
192	45	53	53
184	41	55	51
170	38	57	52
164	30	61	50
144	26	62	51
132	21	69	54
125	14	60	62
110	14	64	60
101	15	66	62
99	11	59	63
84	11	63	68
79	16	61	68
78	22	57	66
73	35	57	63
70	49	53	57
63	59	61	54
63	70	58	54
66	73	57	61
69	84	59	56
78	98	57	49
80	103	57	51
87	108	57	55
101	124	53	50
109	133	53	48
116	145	55	47
128	154	55	52
137	153	49	58
145	161	54	52
149	160	56	53
157	156	58	55
164	152	53	61
175	164	53	44
186	160	46	45
193	154	44	48
196	153	45	47
193	147	53	50
189	141	55	52
201	138	54	50
187	133	65	48
193	122	60	52
189	114	62	60
171	97	68	57
186	95	60	65
181	88	63	71
182	85	58	67
175	81	61	61
171	83	58	60
161	88	58	57
159	86	56	55
151	89	59	54
145	90	61	53
142	90	69	56
140	97	69	44
146	100	65	53
143	105	64	50
144	105	63	58
153	109	60	58
152	116	60	55
157	122	55	59
167	126	51	57
177	132	50	57
179	134	51	63
181	135	55	62
186	134	57	57
194	134	55	56
195	127	56	63
202	123	56	64
201	118	52	67
206	115	50	71
205	106	48	75
204	112	49	69
198	103	51	68
191	100	50	68
184	99	55	60
177	86	57	69
172	84	56	58
160	71	58	69
148	66	62	67
137	65	68	58
126	67	68	54
115	53	64	65
105	54	68	62
92	58	68	56
87	64	72	47
74	60	67	58
72	70	66	52
65	73	64	52
61	75	63	58
50	82	69	57
58	78	62	62
55	81	61	54
54	77	63	61
68	88	55	57
64	67	57	73
68	86	63	64
76	84	63	72
76	82	69	74
82	91	73	64
97	102	66	57
100	111	68	43
105	110	63	53
113	115	62	52
130	117	54	56
152	125	46	54
165	128	40	59
171	131	45	58
182	133	40	66
177	138	52	62
189	139	44	65
194	145	47	66
204	146	45	66
206	147	49	64
218	147	48	68
224	143	47	70
222	142	55	68
223	144	55	58
212	134	64	73
216	131	58	72
206	130	69	66
201	122	65	75
191	117	71	77
184	115	70	79
185	127	72	69
183	128	71	64
181	133	66	59
175	125	69	66
170	124	69	71
162	125	75	64
161	126	68	67
153	125	68	69
156	123	69	73
155	127	61	67
150	130	58	66
147	128	64	67
139	127	68	68
138	128	69	70
137	129	67	67
129	127	76	74
131	127	73	73
137	138	72	58
136	139	64	61
143	136	52	62
153	143	58	60
147	130	46	65
158	128	44	66
165	126	45	68
161	115	48	72
172	137	54	53
162	121	51	72
157	128	50	68
163	136	48	67
159	147	46	64
161	156	46	59
171	166	49	55
182	169	43	61
186	184	52	52
197	179	55	56
210	175	55	54
215	176	63	53
221	172	65	53
231	146	65	75
239	147	64	68
247	146	54	64
246	141	69	61
245	124	72	80
241	128	78	73
231	132	89	66
227	128	84	71
225	136	86	64
220	139	81	57
217	144	76	54
211	149	85	56
202	145	95	61
200	145	92	67
208	138	84	67
229	139	53	77
215	137	68	81
205	144	83	65
213	135	71	72
198	132	88	68
209	139	83	50
201	133	89	52
206	116	83	60
206	107	82	56
187	105	85	50
191	105	82	46
182	85	81	52
181	72	73	63
156	80	81	56
151	84	87	61
147	82	86	65
132	86	91	66
120	86	89	72
106	92	105	76
100	97	106	78
92	114	108	72
94	120	102	75
89	129	108	74
92	137	106	76
100	134	94	84
100	125	90	96
105	123	85	96
108	116	85	101
112	110	94	100
102	103	107	98
100	113	85	74
99	110	87	77
94	111	85	79
97	86	79	99
99	103	69	93
102	110	66	85
102	121	55	75
101	125	54	73
109	125	54	80
115	126	62	81
122	131	72	85
129	126	80	84
140	124	88	79
142	115	92	84
147	107	85	72
152	104	83	68
147	80	84	76
149	76	86	78
149	85	96	61
152	84	96	63
156	67	59	83
165	93	64	68
162	80	62	86
156	88	67	82
156	100	70	75
146	109	82	72
138	117	92	74
149	129	89	67
151	137	67	65
159	140	72	73
158	141	77	69
174	129	68	73
172	118	77	69
176	101	75	69
180	104	78	58
191	83	62	65
187	68	64	68
181	68	68	65
180	72	65	65
185	69	57	56
166	81	66	60
152	88	68	55
144	105	65	45
137	116	63	49
138	121	56	51
117	131	75	48
117	126	83	41
121	111	74	51
135	97	58	52
137	80	54	65
147	67	47	64
143	53	51	72
142	44	48	77
140	41	45	75
129	42	56	75
129	40	53	82
116	59	65	73
108	66	68	75
103	81	64	72
98	85	62	83
92	105	66	74
86	111	71	73
84	120	61	74
87	123	51	75
95	132	51	71
92	139	53	63
86	133	69	58
101	128	62	59
93	110	89	51
108	100	81	62
119	93	82	58
112	103	96	51
136	118	90	41
131	130	90	40
134	144	91	39
136	160	95	40
138	163	93	40
148	155	79	52
152	138	70	79
160	133	66	92
162	134	68	81
169	130	81	74
172	126	81	78
190	121	91	75
188	116	95	78
189	107	93	73
189	105	76	71
181	97	86	69
174	87	72	63
156	77	101	68
160	74	99	64
152	81	73	53
148	79	79	53
143	82	65	45
136	86	63	54
128	91	69	53
126	96	65	50
132	107	70	45
129	111	60	44
133	107	53	47
133	102	63	54
130	91	66	60
122	81	68	54
116	67	61	62
106	62	66	59
94	56	66	59
86	52	63	60
76	45	55	64
66	57	54	62
54	66	51	63
51	75	56	59
57	75	52	63
49	84	65	57
54	85	61	53
66	84	59	59
71	75	67	61
61	68	77	63
54	63	77	71
46	46	79	71
41	43	67	81
41	46	60	79
36	46	66	81
31	51	65	78
31	58	45	90
43	74	54	65
36	67	71	91
37	54	75	97
35	47	80	87
33	49	87	92
56	48	82	101
48	84	92	65
67	93	86	54
69	96	85	58
66	101	93	45
61	102	97	50
68	89	80	68
87	85	75	92
88	93	76	86
93	98	79	86
103	108	78	84
119	101	70	92
122	101	86	84
130	101	70	67
122	131	78	59
95	137	97	52
128	133	85	59
140	118	53	69
146	113	51	64
135	115	46	57
127	113	46	64
115	115	60	65
112	111	62	66
110	114	62	58
113	114	61	56
109	115	61	48
113	114	52	46
112	114	54	49
103	111	62	51
99	110	68	44
95	104	64	51
92	101	62	46
89	97	62	51
86	92	59	54
78	98	61	52
72	104	63	57
72	107	65	57
75	116	65	61
83	115	58	64
85	117	53	64
92	116	50	63
92	121	50	56
96	119	45	62
97	117	43	62
97	116	44	61
101	114	43	71
94	109	43	70
101	116	39	71
100	119	41	70
106	124	40	70
113	127	36	71
115	124	42	72
120	125	38	69
123	141	38	52
134	141	34	51
140	147	28	44
140	145	33	39
132	143	41	36
111	115	59	56
121	115	63	64
148	133	55	49
125	128	68	46
138	115	74	69
163	110	71	72
166	111	67	73
178	106	69	71
190	103	61	69
167	101	84	63
150	99	82	59
190	101	65	59
203	117	59	47
187	131	70	33
190	143	70	34
216	131	47	52
210	127	61	54
213	137	58	53
215	140	65	47
222	122	82	55
218	118	79	55
225	111	78	62
210	109	78	55
211	109	70	53
207	100	61	55
212	99	59	49
216	96	60	57
212	112	64	55
215	126	60	49
207	118	64	56
203	116	69	50
204	109	65	49
195	90	63	61
185	92	70	54
177	74	64	68
168	82	67	62
164	89	64	64
159	111	57	55
156	114	61	59
165	124	44	55
153	124	56	59
148	122	56	58
142	112	54	56
141	94	50	63
139	77	51	69
134	67	46	74
127	63	42	77
116	60	43	79
108	72	44	75
102	81	49	77
94	95	56	72
93	97	62	78
96	114	60	70
99	118	58	67
103	119	66	63
108	122	68	54
111	106	64	63
114	88	63	74
118	106	80	54
118	90	68	61
118	105	61	55
114	120	65	48
110	128	71	49
110	139	76	41
121	147	66	45
137	159	57	41
137	162	64	44
147	155	61	51
161	157	61	51
168	156	62	55
172	139	64	68
183	146	64	57
188	145	67	58
191	141	70	67
200	140	65	68
209	141	69	69
209	137	76	75
214	133	75	76
210	128	70	76
206	126	73	76
194	126	80	71
184	130	81	70
174	129	99	59
180	139	90	73
192	134	75	74
191	142	82	63
188	136	100	52
202	129	78	56
182	121	113	49
195	112	93	50
204	98	89	48
196	85	80	48
184	82	78	49
188	56	72	79
182	66	60	66
174	70	61	70
167	81	54	59
163	99	50	43
159	109	47	40
149	100	56	45
134	97	70	41
132	78	76	52
132	68	74	53
133	64	64	55
123	68	69	55
113	82	71	50
101	95	77	49
87	105	74	52
83	113	77	58
78	124	83	58
76	129	79	57
69	139	80	56
65	141	74	65
58	142	77	72
62	149	67	75
60	149	74	87
64	146	70	77
74	148	63	68
79	150	66	74
83	141	60	83
80	148	68	78
83	131	67	76
87	129	63	92
83	125	80	91
98	129	72	96
112	127	65	92
119	130	74	86
135	128	72	76
149	125	73	69
169	108	69	77
172	102	75	70
176	93	77	67
179	85	86	71
190	85	76	69
207	77	65	79
212	84	61	76
222	92	56	67
228	93	52	69
236	90	50	69
241	94	47	70
248	101	51	61
248	105	52	64
250	96	55	57
241	102	56	56
242	92	61	62
244	95	57	54
245	93	52	51
244	97	49	50
240	96	52	55
240	95	50	58
250	84	41	75
244	105	48	60
232	106	70	55
226	88	75	66
229	69	81	71
218	71	89	64
208	71	82	61
194	66	85	71
186	66	87	73
171	71	87	72
157	78	99	74
153	84	98	76
144	96	106	73
148	108	104	77
148	109	106	77
140	92	92	95
136	82	87	102
138	84	102	97
124	62	96	102
111	56	112	103
103	48	109	117
87	51	112	116
79	89	115	91
78	101	108	89
78	124	115	83
61	128	85	81
81	134	84	71
83	132	89	82
80	133	95	67
82	125	92	62
77	111	92	78
74	118	94	72
70	124	78	74
83	136	77	67
96	145	84	58
100	135	87	72
110	136	78	71
113	136	80	61
114	116	80	78
123	116	75	80
137	126	68	77
139	127	66	83
147	143	57	72
162	144	58	80
164	136	63	90
173	132	57	98
191	138	51	89
202	143	52	82
208	143	53	80
225	138	44	85
224	144	46	75
225	140	54	75
222	136	62	72
217	138	64	59
214	142	60	60
207	143	65	61
205	145	65	61
205	153	57	55
208	155	60	57
207	161	60	56
199	167	66	50
201	169	63	55
192	170	62	45
189	175	66	42
182	171	65	50
175	164	58	50
167	157	58	51
163	153	57	56
150	152	65	57
140	144	66	60
137	141	63	66
129	130	60	78
123	133	59	64
117	122	59	73
111	110	61	73
101	108	59	73
86	105	68	73
78	96	66	81
69	98	66	75
58	90	66	78
47	92	67	78
42	89	67	80
31	94	68	73
27	93	70	75
14	99	72	70
9	94	71	72
10	88	61	82
4	93	70	76
0	94	64	73
0	96	59	72
0	98	53	72
0	92	46	73
0	96	46	75
0	99	48	80
0	96	53	82
0	96	62	80
0	99	72	70
0	105	79	73
2	103	88	81
12	102	96	91
24	102	97	93
29	101	108	98
36	100	113	99
56	98	111	97
70	94	118	98
82	94	109	95
85	85	115	100
101	91	118	93
117	81	117	98
116	84	132	93
128	84	115	90
157	84	97	86
174	92	78	73
192	82	73	72
209	84	61	64
210	83	56	62
210	82	60	58
229	86	46	49
247	66	39	62
238	63	48	66
240	56	48	75
222	72	65	64
213	56	69	76
199	56	73	65
194	58	67	64
182	62	66	63
175	61	63	64
158	52	69	68
146	54	63	56
152	56	49	59
143	66	52	53
135	69	51	51
129	72	49	51
122	74	54	50
122	76	53	49
122	75	51	51
130	84	43	46
127	91	45	51
122	96	49	48
125	100	52	45
131	103	54	48
136	103	53	45
146	107	51	49
147	107	57	50
160	110	57	48
165	110	56	47
170	104	55	54
167	103	59	59
169	104	58	52
173	97	53	61
165	94	63	56
155	98	70	61
157	96	72	58
138	96	87	58
144	89	78	62
147	89	68	59
154	96	61	46
164	91	62	43
159	86	65	47
146	73	72	50
154	70	64	54
147	61	72	64
159	70	71	63
140	73	77	62
175	92	53	54
150	86	65	52
154	84	63	51
135	80	75	54
139	76	64	58
143	65	59	57
154	58	59	61
140	57	57	53
144	58	55	62
139	62	59	71
139	70	65	68
141	74	69	68
149	88	75	60
160	100	76	55
168	101	78	61
180	115	79	56
190	127	81	55
203	131	78	55
214	133	72	60
235	138	66	62
244	135	58	71
254	142	60	65
258	138	64	62
260	135	70	61
263	129	61	64
260	126	65	68
253	120	64	61
239	113	66	58
224	103	61	56
213	102	58	52
197	82	61	56
186	76	55	58
175	70	49	61
159	64	48	73
152	67	43	71
134	64	41	78
113	69	53	71
107	70	48	73
95	75	52	63
85	82	49	63
65	89	53	63
55	97	61	60
48	103	61	56
48	110	56	55
43	120	59	49
45	125	63	49
50	125	62	49
48	126	74	53
52	125	77	47
59	117	71	62
58	111	76	62
65	99	74	64
68	91	77	72
68	87	75	66
66	80	74	63
59	78	75	61
56	62	79	72
51	46	74	79
49	44	74	77
43	33	75	76
33	27	78	82
31	22	82	78
22	27	83	77
22	22	67	76
16	26	59	78
16	41	80	69
13	53	79	68
17	60	95	66
24	63	86	66
32	56	83	76
45	54	75	80
57	66	82	67
66	72	81	70
83	80	83	67
93	93	96	54
105	107	105	46
118	107	107	55
131	109	102	60
143	109	100	63
161	107	87	72
165	108	90	68
173	102	84	77
184	95	86	83
184	111	87	68
205	110	73	77
192	109	91	72
199	122	87	64
196	125	90	63
210	128	92	55
216	127	90	56
220	126	94	46
227	124	83	47
231	109	72	57
224	104	83	55
224	93	79	57
227	79	76	67
214	74	76	59
210	62	73	68
189	67	83	54
186	52	78	58
164	52	87	56
147	45	92	56
146	45	84	53
121	50	84	55
114	51	83	52
95	46	89	59
86	39	85	67
81	42	78	66
74	56	76	62
65	52	71	76
60	59	70	70
54	71	73	66
45	72	74	71
41	75	73	75
36	87	77	72
34	102	80	63
35	103	79	70
36	103	78	75
40	114	76	64
39	114	82	66
48	120	69	67
52	125	83	66
54	124	85	70
59	116	91	73
72	121	81	71
90	123	74	71
96	119	81	71
118	112	73	84
133	109	71	77
145	109	73	82
157	109	80	76
173	99	74	82
190	85	73	90
205	84	76	88
222	83	84	88
234	79	80	89
241	76	81	89
251	73	79	86
252	78	72	83
268	75	67	84
278	84	56	74
289	88	51	67
289	85	49	61
292	82	53	63
283	77	62	54
279	77	62	53
279	66	57	55
277	43	64	74
270	22	75	90
245	51	84	88
248	40	82	69
250	65	69	56
260	64	58	69
248	64	55	60
239	81	58	50
232	85	60	47
223	96	61	49
226	95	57	58
220	104	61	60
219	104	60	71
215	115	57	71
211	130	54	63
215	146	42	58
220	151	37	63
213	150	54	68
202	159	48	57
198	162	54	54
187	146	73	64
190	140	64	67
187	137	71	63
183	127	72	61
182	120	73	60
175	107	75	53
168	95	59	56
159	82	55	59
149	72	63	61
133	69	70	63
122	60	70	65
117	60	70	56
107	56	82	61
98	55	65	67
90	52	66	74
79	54	63	76
70	53	54	75
57	58	63	81
47	73	67	71
38	76	66	75
36	86	66	74
30	90	66	74
33	96	71	75
25	97	80	74
34	108	90	74
40	100	80	84
46	106	80	77
54	104	79	84
70	112	72	79
89	115	73	80
96	121	76	82
112	127	78	80
131	141	85	72
140	137	84	82
161	145	82	74
171	153	87	67
181	154	97	69
198	163	96	69
211	167	94	66
222	159	88	71
242	162	76	75
251	167	86	59
237	166	108	52
265	156	80	52
237	154	106	43
179	130	79	46
180	118	73	37
185	105	63	35
176	96	61	30
179	89	51	31
189	86	47	34
174	81	52	28
170	72	50	29
143	72	65	26
125	69	77	30
68	77	77	34
60	86	62	35
52	95	60	35
77	92	65	39
145	84	64	35
189	73	83	46
192	66	71	70
178	85	76	66
175	102	77	64
181	115	72	64
190	128	71	60
185	136	74	61
180	135	82	69
191	139	68	67
192	138	69	74
193	142	66	68
195	147	69	64
193	155	66	53
195	150	56	57
193	146	50	57
192	146	52	52
187	130	54	59
180	122	57	63
175	114	63	62
167	101	60	68
156	91	73	69
149	85	69	64
152	85	64	62
149	78	68	65
141	81	63	57
142	79	59	60
138	82	56	53
133	84	63	48
132	80	62	51
126	77	60	54
119	79	63	49
108	68	62	63
104	69	54	61
92	62	56	64
84	60	54	59
79	61	55	53
75	53	57	59
71	61	67	56
78	71	60	50
83	76	62	53
94	88	60	46
103	87	54	53
111	99	65	49
122	105	73	51
138	106	74	55
156	109	69	50
166	114	67	46
187	118	59	42
184	115	63	41
185	115	71	40
193	115	73	33
192	109	77	33
195	108	72	38
209	102	64	42
201	116	71	35
211	107	62	43
207	108	65	35
212	107	61	38
218	99	54	46
219	104	51	41
214	119	56	30
211	117	58	31
206	115	68	31
211	104	61	43
213	103	54	42
207	102	59	45
206	103	54	44
203	102	57	48
195	104	60	47
189	103	60	52
187	110	57	45
180	107	64	50
171	110	71	48
168	111	67	48
159	114	68	44
160	117	65	43
149	118	68	46
144	121	65	42
143	119	64	45
135	115	64	45
127	119	72	42
129	116	63	48
122	117	66	45
120	116	62	48
118	115	67	48
118	118	59	44
116	115	54	46
109	116	58	41
109	117	58	42
108	118	59	37
101	114	62	43
101	113	61	43
103	115	56	42
97	117	62	42
100	113	54	47
100	116	53	46
100	114	54	50
102	115	52	52
106	114	51	52
106	113	56	55
110	114	52	54
113	117	51	51
116	117	52	52
121	116	51	56
125	117	53	57
129	116	56	61
137	122	57	56
143	125	60	57
148	127	57	56
156	133	61	53
161	137	59	52
168	143	60	51
173	142	62	52
178	150	66	47
185	151	63	49
190	153	65	48
194	157	67	46
202	153	59	54
204	156	60	49
210	159	57	47
217	154	52	50
219	146	53	57
222	145	56	54
228	144	47	57
232	139	47	59
228	145	48	51
227	140	51	51
229	136	47	52
228	138	50	49
227	127	50	55
225	123	50	56
223	119	53	58
223	117	50	52
221	108	44	58
212	105	49	59
206	108	50	49
203	108	51	47
197	106	53	44
189	105	52	45
186	103	52	44
178	104	56	41
169	100	68	38
167	96	70	38
162	94	70	36
157	93	66	37
151	85	65	39
144	91	69	37
148	85	57	41
138	80	61	45
134	77	61	44
129	73	56	48
126	73	61	50
119	70	64	52
117	67	60	54
116	70	61	51
111	71	62	55
107	69	61	61
100	69	66	63
100	67	59	67
92	75	65	68
93	72	60	71
92	77	62	72
87	82	62	73
86	85	65	82
88	92	60	79
84	96	65	83
85	106	64	82
83	117	69	76
81	124	72	75
86	132	75	84
82	142	77	76
88	147	75	77
94	150	79	76
100	164	76	62
