0.237307
0.412776
0.303875
0.306546
0.384996
0.280940
0.555733
0.300068
0.349642
0.350656
0.437363
0.280142
0.334093
0.389442
0.309683
0.341211
0.372604
0.325547
0.437680
0.316102
0.330836
0.295474
0.369726
0.328420
0.416272
0.313237
0.338883
0.420793
0.224210
0.301690
0.253780
0.261111
0.334725
0.303167
0.323652
0.212035
0.236422
0.329765
0.313110
0.237134
0.401983
0.391112
0.506891
0.370757
0.444267
0.438662
0.282237
0.410180
0.444434
0.385375
0.359759
0.291167
0.376468
0.488393
0.407876
0.522973
0.339974
0.376442
0.304223
0.362975
0.266257
0.441779
0.336266
0.330111
0.285348
0.333492
0.388816
0.297978
0.375692
0.333158
0.365987
0.324890
0.282993
0.289512
0.194052
0.403563
0.334487
0.346239
0.409124
0.409154
0.390050
0.201715
0.256058
0.344039
0.379294
0.301701
0.377336
0.487256
0.459871
0.396789
0.290867
0.331437
0.331212
0.316566
0.406375
0.438624
0.303426
0.326509
0.325159
0.267204
0.372018
0.314494
0.324501
0.256290
0.252894
0.246681
0.336268
0.321789
0.311103
0.474103
0.411806
0.412953
0.380718
0.281932
0.242462
0.371177
0.294031
0.430243
0.359149
0.230404
0.342598
0.306344
0.342334
0.305858
0.335927
0.350891
0.293262
0.436799
0.429952
0.519580
0.318118
0.282940
0.474487
0.280122
0.274211
0.308761
0.374308
0.316444
0.272233
0.290429
0.315872
0.296917
0.321103
0.277964
0.278301
0.244974
0.250399
0.481632
0.303619
0.284441
0.336864
0.382137
0.353109
0.303310
0.418815
0.282644
0.356807
0.270104
0.329479
0.466466
0.315742
0.306519
0.399333
0.394130
0.362529
0.293227
0.360723
0.305755
0.363181
0.328873
0.331372
0.222283
0.310636
0.382586
0.340030
0.310914
0.311647
0.422771
0.330285
0.405066
0.307614
0.325550
0.376445
0.243626
0.338455
0.309958
0.365573
0.279959
0.320275
0.465637
0.468177
0.477545
0.419652
0.367515
0.450578
0.327399
0.342786
0.346457
0.287382
0.247442
0.292957
0.348608
0.330953
0.346387
0.374007
0.346383
0.452832
0.408662
0.397142
0.350994
0.281007
0.308226
0.309738
0.455729
0.370001
0.312785
0.319124
0.411460
0.339855
0.302997
0.363828
0.308509
0.308893
0.389387
0.368853
0.285003
0.219371
0.344177
0.243470
0.379096
0.305826
0.345975
0.440182
0.294811
0.397511
0.263293
0.469252
0.382802
0.296012
0.282093
0.287913
0.327957
0.341244
0.477715
0.337280
0.425752
0.295531
0.403318
0.330731
0.351040
0.279367
0.284031
0.355382
0.265115
0.225668
0.324548
0.314160
0.264868
0.303604
0.369408
0.316127
0.389745
0.339698
0.375441
0.378610
0.425288
0.363475
0.331880
0.304042
0.343599
0.349252
0.428311
0.290773
0.402308
0.473930
0.290549
0.241592
0.252009
0.225474
0.347113
0.295824
0.287554
0.291961
0.236557
0.374867
0.425497
0.310895
0.237221
0.234932
0.249550
0.300912
0.224259
0.284886
0.312407
0.346876
0.270350
0.272252
0.299212
0.259210
0.336914
0.437460
0.331017
0.368296
0.374458
0.285020
0.305322
0.309657
0.250568
0.372836
0.247991
0.288942
0.366663
0.314676
0.297896
0.261657
0.478236
0.330029
0.421646
0.280903
0.309761
0.486143
0.390874
0.426551
0.297028
0.427568
0.351112
0.400969
0.414890
0.358464
0.373465
0.467581
0.259290
0.318394
0.393632
0.352544
0.360135
0.320461
0.292823
0.333813
0.474412
0.300874
0.241921
0.281183
0.374836
0.316229
0.288839
0.420808
0.269591
0.285523
0.380598
0.329150
0.375087
0.401631
0.363440
0.220965
0.297695
0.237434
0.297163
0.059207
0.316819
0.316821
0.287068
0.319049
0.389864
0.291687
0.240980
0.305075
0.303943
0.246313
0.312289
0.345991
0.403656
0.494594
0.284748
0.328362
0.317520
0.282273
0.267695
0.387555
0.366587
0.333233
0.326763
0.405450
0.299891
0.282402
0.333987
0.418949
0.348166
0.365790
0.474885
0.506858
0.320223
0.274739
0.295708
0.287953
0.229066
0.319182
0.305550
0.362437
0.328387
0.261932
0.301871
0.296114
0.239373
0.239759
0.293467
0.336191
0.298299
0.380990
0.399753
0.334884
0.368368
0.285321
0.334347
0.448650
0.277503
0.327499
0.330406
0.364323
0.408902
0.451057
0.203444
0.267940
0.370904
0.519033
0.463190
0.302149
0.305897
0.400526
0.261799
0.340541
0.353852
0.334080
0.499217
0.554091
0.429396
0.368576
0.393809
0.311848
0.459658
0.321343
0.290439
0.347522
0.348892
0.431212
0.285853
0.349967
0.319573
0.352249
0.350623
0.343047
0.413181
0.391514
0.311756
0.307335
0.264488
0.230581
0.287302
0.470512
0.344157
0.389422
0.364427
0.412205
0.345697
0.507868
0.409418
0.262182
0.390180
0.300747
0.294505
0.328433
0.363834
0.323707
0.286136
0.399260
0.264313
0.255411
0.296242
0.257149
0.271333
0.206888
0.255044
0.207451
0.277336
0.225754
0.302083
0.338864
0.258434
0.243199
0.349088
0.357026
0.350067
0.279746
0.275677
0.360897
0.427589
0.339691
0.303655
0.263975
0.331761
0.291135
0.296237
0.304542
0.326934
0.348979
0.349124
0.298930
0.330441
0.302388
0.270439
0.328028
0.253410
0.329425
0.358411
0.419471
0.335103
0.316276
0.280509
0.260781
0.397889
0.315521
0.432576
0.241218
0.229639
0.298787
0.264138
0.290535
0.271225
0.304042
0.259247
0.292313
0.277215
0.224746
0.363879
0.394759
0.273720
0.274950
0.371717
0.344515
0.452272
0.359210
0.237397
0.354131
0.304573
0.310383
0.325187
0.400286
0.405793
0.389790
0.290351
0.406605
0.301450
0.368162
0.372748
0.353148
0.311277
0.257114
0.336724
0.343136
0.209633
0.382499
0.266519
0.224716
0.342202
0.262365
0.304789
0.280058
0.228377
0.304014
0.393981
0.304416
0.209983
0.281513
0.365231
0.367115
0.360250
0.327907
0.269461
0.322947
0.354631
0.337168
0.384624
0.391917
0.343185
0.289644
0.299147
0.360715
0.403569
0.342385
0.342382
0.363694
0.208234
0.330820
0.335340
0.405290
0.112385
0.351969
0.321807
0.266013
0.308613
0.343762
0.413496
0.282899
0.374366
0.438202
0.361043
0.088999
0.288240
0.378907
0.291014
0.384860
0.317751
0.341069
0.376411
0.275186
0.233196
0.301884
0.334681
0.362115
0.401634
0.373641
0.448931
0.352747
0.275920
0.284878
0.411710
0.328540
0.321105
0.346488
0.319669
0.340143
0.360229
0.295361
0.305406
0.339434
0.303935
0.473372
0.404777
0.293011
0.366208
0.316224
0.379024
0.356414
0.310392
0.383586
0.277415
0.314931
0.297017
0.316480
0.268463
0.271684
0.389344
0.367649
0.341148
0.368238
0.360834
0.384289
0.260036
0.300404
0.291210
0.323910
0.304375
0.261415
0.348277
0.290269
0.326350
0.282344
0.300235
0.311123
0.349423
0.300964
0.281941
0.264234
0.306165
0.352728
0.289451
0.395723
0.256493
0.281146
0.404732
0.345761
0.186955
0.267910
0.359631
0.346398
0.296394
0.272382
0.255930
0.267292
0.266680
0.406952
0.407322
0.231146
0.296842
0.348365
0.379695
0.191828
0.321528
0.327580
0.235696
0.247382
0.297069
0.292612
0.248256
0.263154
0.313973
0.359073
0.462960
0.264425
0.286817
0.230067
0.463658
0.387441
0.297446
0.372512
0.252066
0.304743
0.324410
0.328267
0.270690
0.298237
0.391386
0.443343
0.361268
0.398805
0.311069
0.316635
0.294636
0.296522
0.366029
0.264959
0.274843
0.289000
0.286425
0.274692
0.264874
0.506404
0.258200
0.309671
0.389504
0.343386
0.349905
0.439438
0.277072
0.366693
0.313328
0.412592
0.367031
0.362303
0.312105
0.288827
0.305378
0.279773
0.377268
0.418710
0.343580
0.345252
0.332488
0.367713
0.321547
0.317263
0.328456
0.283157
0.359659
0.380510
0.259258
0.247620
0.339783
0.289024
0.245873
0.359779
0.327214
0.310307
0.413923
0.306952
0.271870
0.300056
0.390013
0.335314
0.282716
0.315841
0.260487
0.282346
0.356850
0.415891
0.338911
0.378916
0.301819
0.341251
0.290040
0.334925
0.397707
0.325778
0.267009
0.271778
0.296331
0.346135
0.319626
0.221350
0.261156
0.254276
0.396199
0.327800
0.241333
0.256678
0.229920
0.247264
0.303133
0.358083
0.325907
0.347281
0.300859
0.271200
0.318022
0.343943
0.237107
0.184141
0.310018
0.417499
0.421523
0.322787
0.297553
0.317499
0.375776
0.358207
0.420332
0.315840
0.354710
0.261061
0.391842
0.335966
0.360420
0.335253
0.321252
0.360731
0.295995
0.311436
0.387473
0.424150
0.338330
0.215262
0.348146
0.302369
0.278435
0.415266
0.425110
0.261889
0.313616
0.321651
0.194795
0.278852
0.347965
0.363709
0.352591
0.317481
0.456973
0.276203
0.301722
0.388307
0.342263
0.294158
0.309938
0.397922
0.265231
0.332269
0.564691
0.378448
0.342603
0.337436
0.399836
0.341366
0.285495
0.237653
0.515422
0.271580
0.310355
0.327633
0.300927
0.288059
0.239062
0.297208
0.428084
0.263159
0.288046
0.316113
0.309623
0.279419
0.295815
0.323537
0.375277
0.450181
0.316381
0.354982
0.275034
0.316953
0.253257
0.221069
0.238162
0.175395
0.470242
0.313043
0.328021
0.441842
0.295139
0.462963
0.321045
0.255529
0.256078
0.324578
0.216034
0.313662
0.305865
0.274699
0.343799
0.279930
0.310659
0.299521
0.198908
0.325307
0.318917
0.251135
0.355362
0.292223
0.353665
0.254833
0.281127
0.270920
0.260201
0.253770
0.241407
0.279658
0.247445
0.247299
0.360442
0.223351
0.248421
0.279145
0.356859
0.333306
0.496917
0.324393
0.289354
0.314527
0.357171
0.293371
0.289047
0.306762
0.314632
0.250438
0.311946
0.269543
0.294570
0.385407
0.300529
0.251006
0.328754
0.298018
0.291343
0.383894
0.294820
0.308751
0.292987
0.379271
0.290874
0.260451
0.242205
0.248209
0.248285
0.321672
0.257892
0.254517
0.274157
0.238437
0.413749
0.565403
0.502409
0.383526
0.383746
0.341168
0.366904
0.384748
0.286525
0.254754
0.402315
0.323804
0.208799
0.316194
0.365626
0.338255
0.297610
0.328382
0.369240
0.522833
0.331224
0.256800
0.344423
0.307351
0.337393
0.420153
0.408801
0.286008
0.201302
0.318123
0.422722
0.268776
0.286562
0.298951
0.404015
0.363061
0.372664
0.298991
0.258199
0.329571
0.293297
0.285498
0.332940
0.487927
0.328359
0.348763
0.309203
0.203201
0.270668
0.265022
0.247803
0.247107
0.264672
0.208183
0.301128
0.269996
0.255840
0.313814
0.317127
0.298677
0.310647
0.264357
0.285592
0.282070
0.263402
0.257458
0.294507
0.278474
0.189390
0.271458
0.235384
0.273086
0.263607
0.312847
0.267744
0.272189
0.291248
0.289190
0.359889
0.391863
0.332687
0.310778
0.265548
0.244233
0.467445
0.296282
0.311483
0.250308
0.361981
0.317110
0.262628
0.401937
0.497173
0.358359
0.415754
0.261818
0.296662
0.321775
0.309318
0.239361
0.323224
0.268667
0.322278
0.277372
0.282005
0.187240
0.366368
0.438035
0.290898
0.340211
0.262756
0.286729
0.243837
0.334339
0.350494
0.535535
0.354341
0.321494
0.375440
0.383111
0.338871
0.371895
0.312965
0.353332
0.394029
0.435996
0.368648
0.282243
0.346598
0.270050
0.405880
0.315228
0.186900
0.310380
0.392448
0.387858
0.427898
0.275925
0.309421
0.365154
0.308361
0.494366
0.320222
0.262207
0.374361
0.274900
0.220627
0.321198
0.236305
0.273765
0.292650
0.296725
0.347589
0.295188
0.200940
0.397607
0.364613
0.398503
0.375312
0.378061
0.355711
0.425935
0.374201
0.314349
0.292947
0.311565
0.287020
0.224710
0.400650
0.297264
0.288788
0.345831
0.280648
0.311858
0.246356
0.254922
0.252414
0.344332
0.196676
0.232428
0.328839
0.251819
0.283038
0.296560
0.301586
0.407657
0.352247
0.343991
0.390939
0.493447
0.331196
0.267160
0.291056
0.283091
0.275757
0.279021
0.373226
0.279733
0.330630
0.487647
0.371402
0.334893
0.337154
0.274086
0.330670
0.444902
0.454642
0.405283
0.388518
0.344556
0.467797
0.368136
0.429582
0.490943
0.300423
0.299502
0.321681
0.349356
0.242648
0.224619
0.261930
0.249181
0.276251
0.340242
0.308345
0.344187
0.394778
0.314857
0.361569
0.356986
0.354395
0.382914
0.352781
0.409560
0.374061
0.286281
0.358842
0.315915
0.293303
0.292297
0.235056
0.250898
0.305748
0.273863
0.243486
0.300618
0.231082
0.310768
0.240407
0.508095
0.300980
0.364066
0.528426
0.406698
0.382036
0.334344
0.309099
0.298550
0.265491
0.310389
0.383000
0.471945
0.308874
0.477809
0.276981
0.323225
0.181763
0.253054
0.298141
0.243723
0.302758
0.281438
0.267844
0.261858
0.288432
0.306131
0.199954
0.287250
0.295459
0.443627
0.392136
0.346560
0.229520
0.270679
0.315851
0.315908
0.266802
0.317732
0.353188
0.298469
0.386238
0.321175
0.262629
0.272740
0.286572
0.239557
0.341228
0.306340
0.300344
0.302583
0.366896
0.332849
0.355990
0.355191
0.290561
0.427181
0.520388
0.377594
0.308170
0.398509
0.317516
0.471758
0.447422
0.283680
0.297975
0.328686
0.303547
0.273672
0.288662
0.263252
0.352777
0.294925
0.285243
0.452433
0.273119
0.303970
0.303928
0.292225
0.229953
0.347206
0.365406
0.277837
0.244982
0.280027
0.339499
0.295827
0.327814
0.240794
0.217936
0.273087
0.258467
0.254598
0.270947
0.320215
0.269617
0.313120
0.285882
0.232086
0.282521
0.245264
0.349035
0.285414
0.286210
0.245719
0.189626
0.261793
0.310044
0.300339
0.281268
0.239751
0.279741
0.272637
0.216268
0.283863
0.262618
0.258268
0.322068
0.335850
0.350895
0.322967
0.296699
0.249402
0.359269
0.375539
0.288548
0.317320
0.373739
0.332581
0.250145
0.369430
0.441019
0.303874
0.270445
0.262133
0.326852
0.394667
0.442468
0.496538
0.392428
0.375424
0.358131
0.259790
0.270331
0.276201
0.307397
0.360574
0.325976
0.328779
0.334179
0.337048
0.313073
0.316288
0.364608
0.454364
0.290466
0.299545
0.322341
0.259906
0.322660
0.341037
0.307477
0.306813
0.265995
0.252872
0.227028
0.328067
0.296702
0.310697
0.331420
0.314975
0.264541
0.279184
0.254264
0.248636
0.272797
0.244735
0.258853
0.299576
0.321112
0.309591
0.295062
0.281530
0.275118
0.294979
0.291844
0.227215
0.299080
0.293123
0.171302
0.288777
0.299511
0.260382
0.328336
0.276861
0.237163
0.328731
0.289730
0.257229
0.294241
0.214313
0.274994
0.298185
0.268493
0.279291
0.232952
0.302855
0.270476
0.239627
0.217016
0.341636
0.298001
0.310461
0.322812
0.321587
0.271636
0.309069
0.317739
0.292591
0.265485
0.311424
0.319618
0.268236
0.262210
0.309009
0.226954
0.256341
0.260321
0.283728
0.267327
0.210887
0.284132
0.218304
0.259600
0.280394
0.237312
0.220020
0.319256
0.281707
0.288804
0.283716
0.253437
0.242074
0.283815
0.189981
0.269367
0.261943
0.267831
0.260089
0.229860
0.242592
0.333340
0.306600
0.224212
0.272412
0.312912
0.287363
0.257277
0.334036
0.279480
0.301111
0.250831
0.274301
0.308604
0.280854
0.337337
0.290513
0.292819
0.254758
0.299049
0.330804
0.300118
0.289716
0.290997
0.298542
0.310493
0.293926
0.337750
0.298580
0.253731
0.279253
0.261639
0.278880
0.279029
0.305386
0.379104
0.287350
0.346613
0.290019
0.234712
0.287203
0.375738
0.286087
0.275929
0.285036
0.325957
0.276836
0.270834
0.233484
0.237329
0.249310
0.308578
0.304604
0.194888
0.294029
0.274856
0.272278
0.262373
0.216915
0.326963
0.247511
0.272738
0.237902
0.255585
0.276707
0.289230
0.283465
0.286451
0.239549
0.294171
0.311679
0.310791
0.451280
0.374418
0.391044
0.242597
0.257444
0.252273
0.297136
0.178982
0.320446
0.336145
0.376982
0.393351
0.355980
0.310886
0.454410
0.332898
0.438071
0.375762
0.327764
0.349410
0.380179
0.264018
0.278000
0.346945
0.341566
0.337631
0.362226
0.324890
0.322084
0.362980
0.403408
0.400428
0.309306
0.300028
0.369002
0.254350
0.421622
0.204499
0.339115
0.320787
0.271001
0.489380
0.391477
0.402453
0.483595
0.192626
0.378758
0.239251
0.302134
0.251699
0.376030
0.343461
0.285282
0.274944
0.207882
0.283186
0.291656
0.237946
0.274885
0.249938
0.269151
0.288956
0.253206
0.203017
0.250238
0.251235
0.271284
0.259379
0.338364
0.269840
0.305815
0.162844
0.288589
0.251442
0.373397
0.356366
0.280944
0.385745
0.311531
0.247194
0.258164
0.412447
0.320154
0.252646
0.220390
0.300564
0.289640
0.242727
0.308798
0.194196
0.274385
0.386375
0.390514
0.430647
0.302385
0.300565
0.410451
0.344669
0.387928
0.370768
0.308958
0.459490
0.316614
0.308771
0.252516
0.333337
0.404253
0.387729
0.359843
0.416821
0.396235
0.372561
0.325117
0.330888
0.272813
0.320773
0.347547
0.289688
0.384076
0.357489
0.322057
0.488485
0.346335
0.363702
0.264350
0.261048
0.250091
0.300235
0.289113
0.356423
0.314817
0.324131
0.290676
0.439895
0.317719
0.434647
0.290461
0.326336
0.444674
0.291868
0.360157
0.353529
0.323266
0.232307
0.290945
0.207684
0.252844
0.375087
0.328855
0.277103
0.268739
0.380917
0.326128
0.292578
0.278405
0.265515
0.385246
0.300970
0.341697
0.165615
0.316147
0.382794
0.214824
0.224156
0.357526
0.324088
0.391019
0.288050
0.222674
0.412743
0.410072
0.431126
0.373509
0.367600
0.371102
0.253801
0.480896
0.464216
0.244672
0.278521
0.366736
0.384023
0.297558
0.358290
0.444637
0.253556
0.259543
0.412898
0.206428
0.218187
0.342455
0.221835
0.292767
0.243571
0.306671
0.392014
0.252112
0.406171
0.354932
0.204764
0.318110
0.260041
0.336157
0.230076
0.399019
0.281796
0.212699
0.314612
0.431073
0.311677
0.366835
0.481862
0.359562
0.190456
0.263530
0.170797
0.256122
0.196191
0.349707
0.398875
0.360093
0.327533
0.310945
0.225343
0.277393
0.242985
0.229549
0.312408
0.282352
0.210538
0.376689
0.282538
0.333488
0.391964
0.339548
0.344922
0.308677
0.232351
0.271193
0.240148
0.259843
0.227895
0.357086
0.238737
0.296043
0.283283
0.190300
0.258045
0.246516
0.276597
0.282722
0.386215
0.236847
0.274250
0.302634
0.401546
0.312238
0.289141
0.229568
0.240592
0.245017
0.310019
0.370845
0.335905
0.329353
0.408169
0.310251
0.264859
0.334195
0.252168
0.302348
0.241002
0.238081
0.395111
0.279753
0.229681
0.316712
0.263725
0.311174
0.230269
0.314870
0.278658
0.340044
0.387742
0.276656
0.333906
0.287832
0.261460
0.341820
0.338728
0.319590
0.346635
0.304402
0.337290
0.298815
0.285671
0.343052
0.291830
0.261320
0.280415
0.431589
0.451630
0.281148
0.191028
0.293062
0.309324
0.254876
0.208985
0.322048
0.351761
0.403449
0.330958
0.292609
0.410310
0.219038
0.351662
0.328465
0.269371
0.226749
0.337390
0.325259
0.305372
0.437294
0.359271
0.252376
0.303920
0.265765
0.098518
0.372870
0.332297
0.393043
0.318943
0.427842
0.318209
0.282743
0.225413
0.282759
0.233488
0.285984
0.382398
0.215671
0.263310
0.285159
0.247704
0.292997
0.191558
0.209979
0.237073
0.233530
0.259816
0.242701
0.204628
0.297063
0.111601
0.296248
0.276191
0.212145
0.231486
0.245183
0.270846
0.178579
0.295529
0.343035
0.191287
0.343982
0.290831
0.242105
0.327270
0.183550
0.326746
0.056629
0.345644
0.075949
0.345906
0.311278
0.230841
0.304439
0.328769
0.286159
0.246566
0.220562
0.297311
0.231153
0.310931
0.279007
0.258626
0.157374
0.286247
0.220649
0.267503
0.212932
0.211620
0.245627
0.322269
0.297294
0.202317
0.186538
0.191438
0.235773
0.258755
0.154129
0.077680
0.283104
0.238849
0.170779
0.238521
0.266933
0.171159
0.245545
0.198996
0.238212
0.141372
0.281877
0.218978
0.201524
0.269296
0.220279
0.175528
0.244529
0.195944
0.301062
0.237124
0.130187
0.276210
0.137721
0.212749
0.153704
0.235083
0.221276
0.225093
0.222723
0.188423
0.198817
0.254432
0.214962
0.215772
0.222854
0.259552
0.227249
0.174933
0.260553
0.192324
0.168603
0.226095
0.212334
0.278515
0.223284
0.225635
0.242388
0.090631
0.242612
0.168257
0.222483
0.179173
0.196636
0.193523
0.256597
0.170146
0.200207
0.174269
0.211085
0.160793
0.239080
0.203884
0.171175
0.224514
0.142792
0.200327
0.194689
0.181388
0.240431
0.154462
0.257018
0.238170
0.189417
0.205613
0.254710
0.220538
0.241227
0.197081
0.207203
0.175780
0.202640
0.173759
0.222148
0.262015
0.192499
0.231478
0.190392
0.229673
0.213448
0.188910
0.269157
0.276276
0.264162
0.230386
0.250724
0.226702
0.229148
0.225826
0.239095
0.213168
0.204093
0.192322
0.263046
0.264249
0.260049
0.245528
0.228865
0.258471
0.052974
0.283170
0.173443
0.280812
0.304852
0.341187
0.290375
0.280805
0.207763
0.204110
0.219072
0.221255
0.256828
0.248724
0.258869
0.287995
0.207657
0.196072
0.281354
0.210245
0.359402
0.227007
0.235055
0.255431
0.264180
0.235846
0.289785
0.226385
0.224322
0.270292
0.220139
0.263148
0.298604
0.290077
0.244574
0.306830
0.385997
0.288471
0.311584
0.298846
0.320354
0.165031
0.255833
0.282998
0.293335
0.212801
0.278898
0.195927
0.305912
0.220411
0.273442
0.224031
0.127584
0.206736
0.209675
0.255756
0.214655
0.141232
0.257462
0.313944
0.266288
0.060893
0.293409
0.290437
0.255338
0.255677
0.321424
0.314446
0.248164
0.223859
0.240936
0.261763
0.172346
0.253072
0.265574
0.269743
0.188334
0.207126
0.283740
0.238617
0.186453
0.183072
0.201401
0.140287
0.197231
0.275902
0.162415
0.230607
0.301939
0.252315
0.291301
0.290063
0.218780
0.206486
0.195982
0.151475
0.229818
0.259332
0.185607
0.233823
0.199961
0.194288
0.232288
0.243672
0.259732
0.241434
0.223708
0.154933
0.255584
0.236382
0.210880
0.216395
0.189876
0.209044
0.265176
0.243163
0.098943
0.233800
0.164402
0.229742
0.188481
0.240568
0.206641
0.221976
0.227057
0.208533
0.223470
0.186131
0.223029
0.132295
0.211720
0.180289
0.197799
0.236178
0.252929
0.250948
0.238310
0.226464
0.258122
0.291025
0.235194
0.191982
0.242208
0.271173
0.179915
0.168370
0.262545
0.226391
0.158942
0.246626
0.215866
0.302406
0.335180
0.274642
0.284997
0.224432
0.235316
0.210999
0.222568
0.238210
0.330374
0.182153
0.221240
0.226114
0.234490
0.207183
0.223867
0.250482
0.238376
0.299092
0.241985
0.241741
0.215195
0.270134
0.251166
0.268344
0.233703
0.363367
0.224960
0.201342
0.221889
0.237896
0.228716
0.258668
0.282602
0.252246
0.213442
0.245269
0.254338
0.216124
0.209774
0.339582
0.314130
0.249011
0.233291
0.239085
0.220431
0.191406
0.187997
0.193084
0.210993
0.180057
0.056935
0.256364
0.175784
0.182148
0.218274
0.187164
0.182512
0.173557
0.207437
0.262124
0.239587
