0.165937
0.271257
0.435941
0.293911
0.280209
0.378511
0.392139
0.309895
0.350864
0.376244
0.375444
0.487525
0.359338
0.300609
0.356372
0.367705
0.245059
0.353770
0.326576
0.359540
0.372628
0.373551
0.296269
0.341541
0.378407
0.402347
0.280614
0.360751
0.325156
0.390222
0.451056
0.417233
0.349350
0.363433
0.333103
0.305438
0.223570
0.293892
0.309319
0.369133
0.380955
0.433716
0.299843
0.284635
0.380343
0.374273
0.392308
0.349894
0.468154
0.276133
0.287421
0.280173
0.318906
0.426438
0.370198
0.321616
0.237504
0.332551
0.345864
0.387221
0.298318
0.293083
0.278901
0.232128
0.284584
0.397357
0.266144
0.240947
0.292081
0.205986
0.241871
0.276181
0.293500
0.289783
0.288741
0.348180
0.267309
0.247521
0.233332
0.282422
0.246500
0.255538
0.291062
0.237288
0.437003
0.322957
0.283248
0.333195
0.282118
0.276808
0.256917
0.303792
0.276685
0.308395
0.270980
0.276935
0.250589
0.314104
0.307112
0.287794
0.236596
0.236623
0.279948
0.227267
0.286651
0.289226
0.303230
0.302148
0.327389
0.268808
0.297789
0.363092
0.504031
0.317909
0.259726
0.405207
0.355893
0.314658
0.302292
0.253922
0.427615
0.385760
0.339979
0.340657
0.306442
0.288116
0.406327
0.399445
0.382777
0.302402
0.344987
0.315865
0.291000
0.379463
0.364092
0.463529
0.312724
0.301942
0.431530
0.382529
0.533088
0.358976
0.295058
0.443614
0.395823
0.299237
0.450261
0.402982
0.397206
0.308359
0.483586
0.292800
0.320522
0.403197
0.304835
0.279067
0.279268
0.393400
0.399509
0.353364
0.438251
0.384891
0.354454
0.449452
0.445479
0.314604
0.317908
0.381291
0.337867
0.179191
0.330694
0.393514
0.358773
0.350290
0.291748
0.253330
0.348557
0.401156
0.361609
0.351132
0.349854
0.308756
0.426429
0.467417
0.346381
0.493920
0.382446
0.266568
0.430756
0.472973
0.451841
0.321018
0.354458
0.340560
0.338439
0.349136
0.322257
0.259367
0.254074
0.413228
0.278127
0.446672
0.269856
0.273720
0.359099
0.374772
0.375563
0.449548
0.331002
0.336533
0.361200
0.319389
0.327372
0.266637
0.278525
0.377755
0.312124
0.370968
0.320436
0.517840
0.336880
0.304983
0.308796
0.276003
0.288828
0.442018
0.275072
0.292619
0.359959
0.375600
0.359663
0.316501
0.388576
0.397692
0.310464
0.338378
0.340198
0.280590
0.238004
0.291422
0.303937
0.316596
0.272624
0.249611
0.319943
0.282391
0.296750
0.236493
0.285257
0.281336
0.255683
0.286791
0.286871
0.275166
0.245094
0.220836
0.275112
0.312757
0.292275
0.195318
0.326865
0.276961
0.293611
0.307156
0.259470
0.349191
0.309561
0.192934
0.296855
0.270618
0.219593
0.242221
0.254361
0.320343
0.319158
0.243605
0.293210
0.263956
0.383835
0.294374
0.324645
0.347511
0.310205
0.277237
0.240489
0.262586
0.268150
0.334132
0.310828
0.263419
0.163076
0.295382
0.208447
0.292603
0.298436
0.279261
0.288776
0.253314
0.335568
0.246428
0.286156
0.337981
0.291175
0.249114
0.285159
0.310497
0.305452
0.262437
0.511555
0.284830
0.282388
0.308666
0.334194
0.293042
0.396303
0.417505
0.369123
0.332695
0.377716
0.344223
0.298122
0.361181
0.486109
0.347511
0.342153
0.252393
0.462961
0.274003
0.348154
0.304590
0.332848
0.248183
0.326164
0.331654
0.254314
0.382047
0.263549
0.279844
0.291797
0.218495
0.291904
0.326662
0.215438
0.289248
0.256662
0.283403
0.280052
0.271832
0.325110
0.293282
0.316725
0.255425
0.318817
0.289781
0.214267
0.373049
0.273259
0.269453
0.302762
0.285149
0.277688
0.330315
0.307330
0.294384
0.322104
0.303437
0.242234
0.295382
0.238383
0.271508
0.277673
0.348606
0.383322
0.288332
0.271977
0.270686
0.257662
0.273812
0.301542
0.333603
0.283373
0.258466
0.348491
0.377092
0.462326
0.330437
0.323245
0.338842
0.236347
0.325804
0.451807
0.397240
0.254322
0.411162
0.297375
0.467909
0.557544
0.415095
0.334159
0.348698
0.294044
0.320412
0.375656
0.280599
0.370646
0.357095
0.474120
0.301353
0.378750
0.342920
0.361053
0.404180
0.364820
0.369661
0.425464
0.303288
0.345498
0.331574
0.450703
0.413347
0.458604
0.298512
0.369293
0.387791
0.375302
0.335582
0.350160
0.286171
0.326645
0.348569
0.262606
0.365615
0.454105
0.134587
0.399765
0.308889
0.233976
0.393099
0.365163
0.261337
0.369145
0.413471
0.257390
0.286237
0.299533
0.273883
0.270762
0.372588
0.340736
0.256081
0.288690
0.327741
0.314736
0.333795
0.278404
0.292102
0.245535
0.326385
0.440490
0.307980
0.351985
0.335835
0.296271
0.385663
0.364487
0.409041
0.335977
0.313991
0.413032
0.357347
0.311658
0.330410
0.295201
0.311365
0.315612
0.282493
0.288079
0.301946
0.251241
0.308717
0.311492
0.280674
0.303047
0.297664
0.282980
0.290845
0.218390
0.321436
0.276918
0.301339
0.448807
0.304601
0.240387
0.275689
0.229045
0.279682
0.218697
0.337792
0.297362
0.214076
0.322167
0.319610
0.299408
0.272120
0.260071
0.250961
0.260229
0.279852
0.258531
0.378378
0.324582
0.284634
0.299486
0.293857
0.286721
0.265649
0.375016
0.307833
0.294374
0.332146
0.247016
0.303632
0.300656
0.238837
0.322810
0.350917
0.298280
0.263168
0.312381
0.234516
0.413110
0.344759
0.364981
0.222797
0.310913
0.263696
0.235736
0.300875
0.276580
0.333933
0.423790
0.441439
0.281785
0.495728
0.460995
0.240215
0.317883
0.281341
0.329691
0.283940
0.389840
0.340917
0.298102
0.376954
0.333322
0.326244
0.345850
0.284216
0.422192
0.331051
0.238051
0.357254
0.262175
0.433597
0.267276
0.270700
0.303039
0.388091
0.307984
0.254807
0.341923
0.286952
0.274029
0.250741
0.307992
0.347193
0.315496
0.265234
0.323312
0.368678
0.311286
0.282871
0.301802
0.319615
0.309207
0.410627
0.470139
0.351231
0.273626
0.287752
0.499848
0.446172
0.302326
0.330024
0.385026
0.381089
0.312232
0.272594
0.314951
0.357558
0.242675
0.265613
0.291929
0.419032
0.330310
0.253305
0.265583
0.320593
0.460136
0.311175
0.274728
0.317393
0.336923
0.402579
0.413507
0.367409
0.274299
0.302611
0.225140
0.592825
0.273723
0.300311
0.398417
0.368665
0.336868
0.335168
0.390255
0.318252
0.394805
0.316789
0.336516
0.363930
0.365061
0.347483
0.387857
0.477122
0.283789
0.265611
0.305858
0.332537
0.345010
0.268604
0.288813
0.356229
0.391118
0.381931
0.450930
0.372666
0.515808
0.272041
0.310139
0.341267
0.408869
0.414410
0.273664
0.378291
0.359419
0.288577
0.522356
0.513967
0.482838
0.308238
0.342750
0.289418
0.513094
0.317688
0.442901
0.353523
0.320025
0.294743
0.413836
0.387547
0.292838
0.351159
0.312232
0.390213
0.440953
0.253406
0.310019
0.351356
0.472152
0.267119
0.284305
0.406149
0.447945
0.331233
0.292485
0.437799
0.272389
0.305130
0.283981
0.315297
0.327179
0.293648
0.294132
0.337515
0.287340
0.330096
0.346524
0.384488
0.336940
0.397403
0.235849
0.267023
0.363889
0.310774
0.339936
0.318725
0.456456
0.367691
0.366243
0.320216
0.362639
0.343767
0.284090
0.297611
0.248677
0.365279
0.319435
0.272135
0.375761
0.315797
0.462580
0.386205
0.323555
0.303642
0.339357
0.478305
0.398706
0.338315
0.308203
0.429351
0.328163
0.372288
0.297937
0.331518
0.283942
0.351430
0.339960
0.359879
0.334008
0.324248
0.326326
0.254599
0.367342
0.286411
0.317124
0.343356
0.330512
0.275069
0.309144
0.432986
0.277602
0.335110
0.402285
0.412819
0.289844
0.342439
0.356242
0.327128
0.332189
0.332613
0.342860
0.433919
0.320023
0.368084
0.417613
0.341721
0.243867
0.362267
0.418919
0.278426
0.354255
0.412182
0.328540
0.258677
0.293092
0.350257
0.375356
0.366602
0.335953
0.335819
0.238080
0.475523
0.351079
0.267544
0.308034
0.326669
0.268578
0.270576
0.347234
0.316311
0.350095
0.308364
0.391837
0.309303
0.271603
0.319586
0.322483
0.355421
0.234843
0.312549
0.280125
0.267072
0.249192
0.306473
0.276168
0.251035
0.359989
0.362293
0.343038
0.379143
0.228539
0.224022
0.352751
0.284211
0.270265
0.362740
0.213557
0.414964
0.287928
0.290908
0.435016
0.343057
0.277767
0.384586
0.422935
0.410383
0.321706
0.334509
0.445808
0.259863
0.423311
0.277441
0.320993
0.311704
0.302243
0.231660
0.212416
0.219770
0.283536
0.272663
0.426794
0.369375
0.255249
0.366933
0.312066
0.343125
0.421786
0.447700
0.396881
0.365267
0.408577
0.394421
0.430001
0.234364
0.307777
0.320124
0.300559
0.307373
0.263193
0.314124
0.366410
0.389899
0.280720
0.246500
0.283834
0.271658
0.247602
0.271005
0.318385
0.314514
0.273925
0.250077
0.308607
0.306588
0.274442
0.307142
0.268842
0.281556
0.256233
0.259206
0.249283
0.216488
0.259392
0.344565
0.260146
0.218960
0.298959
0.281072
0.181604
0.265610
0.251823
0.279620
0.232307
0.244078
0.274227
0.272475
0.297586
0.282675
0.282418
0.253950
0.242921
0.240978
0.309208
0.258432
0.294460
0.242416
0.244980
0.264905
0.179659
0.269194
0.267863
0.310400
0.317182
0.082046
0.279202
0.203950
0.268537
0.287993
0.261578
0.326727
0.220185
0.419003
0.283994
0.241459
0.423878
0.414262
0.333424
0.321766
0.291489
0.258924
0.232507
0.308099
0.297482
0.296602
0.309182
0.238815
0.248947
0.347389
0.279327
0.325293
0.338640
0.384131
0.389115
0.293094
0.383157
0.400720
0.291013
0.327450
0.326513
0.324195
0.317578
0.378983
0.475238
0.420281
0.393906
0.334543
0.248064
0.331491
0.292025
0.328057
0.268155
0.315588
0.465750
0.356159
0.355667
0.350699
0.296385
0.265372
0.288948
0.302047
0.356912
0.416412
0.358738
0.340293
0.420392
0.252714
0.323292
0.325603
0.323447
0.398546
0.456643
0.434832
0.476438
0.357947
0.329942
0.374158
0.404875
0.428807
0.357894
0.336540
0.379199
0.242791
0.268765
0.385329
0.351596
0.420177
0.376577
0.311131
0.338934
0.298990
0.475051
0.385542
0.369912
0.351762
0.285583
0.401044
0.408878
0.343981
0.276366
0.324949
0.308440
0.426621
0.329455
0.510943
0.272451
0.242302
0.376009
0.360713
0.324025
0.275575
0.273742
0.271259
0.243668
0.185622
0.457259
0.295570
0.450999
0.403471
0.330398
0.283458
0.277567
0.280396
0.241043
0.236152
0.277725
0.299572
0.418675
0.324916
0.251256
0.331453
0.299943
0.326244
0.302474
0.312242
0.375918
0.329264
0.297741
0.353873
0.431797
0.283646
0.299675
0.257451
0.304330
0.273426
0.410274
0.270207
0.274405
0.285455
0.368343
0.354745
0.398852
0.299786
0.305996
0.344399
0.248997
0.269619
0.365113
0.352768
0.309969
0.405906
0.342263
0.428473
0.294191
0.255279
0.357820
0.296723
0.366853
0.392815
0.205234
0.444604
0.319779
0.364048
0.285749
0.374975
0.269428
0.308870
0.265784
0.283752
0.314444
0.311625
0.318295
0.335775
0.307258
0.499644
0.305140
0.249535
0.283053
0.389498
0.376219
0.524201
0.274574
0.322441
0.307747
0.394869
0.328619
0.307009
0.322856
0.276521
0.499552
0.411984
0.413010
0.292456
0.306983
0.295507
0.290665
0.292985
0.265177
0.368928
0.266227
0.334553
0.492409
0.275027
0.248606
0.385954
0.314561
0.371773
0.361488
0.379871
0.371351
0.320583
0.350225
0.332808
0.277381
0.426698
0.346979
0.308788
0.344162
0.283701
0.295864
0.291977
0.257478
0.224520
0.242259
0.232325
0.299564
0.260601
0.221792
0.255026
0.282053
0.254661
0.313756
0.317943
0.287668
0.303085
0.413643
0.530514
0.463769
0.380530
0.368158
0.290544
0.320385
0.313921
0.338594
0.306790
0.496651
0.300244
0.268585
0.392660
0.315830
0.330138
0.316645
0.242280
0.304673
0.272835
0.208881
0.315802
0.255137
0.258228
0.282631
0.284335
0.289813
0.274975
0.248468
0.286629
0.253413
0.273906
0.284033
0.272071
0.260953
0.329629
0.272914
0.271684
0.243231
0.289728
0.263836
0.274969
0.288909
0.293662
0.281621
0.314183
0.269094
0.388944
0.284292
0.297971
0.348023
0.321774
0.335727
0.311799
0.282323
0.305239
0.246475
0.231373
0.280647
0.229629
0.278147
0.292141
0.193722
0.203791
0.288909
0.250768
0.242388
0.261940
0.216909
0.293920
0.240371
0.502364
0.288410
0.400990
0.342748
0.476644
0.339276
0.312745
0.394705
0.341787
0.305249
0.330325
0.300630
0.338096
0.402484
0.410513
0.412269
0.378387
0.354522
0.416412
0.317076
0.337512
0.263073
0.322460
0.258835
0.330270
0.274951
0.225671
0.263244
0.333459
0.325953
0.305987
0.217880
0.274655
0.292528
0.304097
0.259052
0.318426
0.302861
0.302129
0.362084
0.324365
0.336411
0.500189
0.306309
0.370389
0.320565
0.340870
0.371127
0.500935
0.279474
0.351157
0.432978
0.464185
0.366898
0.317497
0.271274
0.277744
0.333693
0.419100
0.544374
0.406837
0.330932
0.248433
0.284285
0.330501
0.335223
0.455485
0.312945
0.358200
0.310557
0.365700
0.415145
0.398311
0.322025
0.279972
0.286480
0.248424
0.398910
0.311287
0.274655
0.295612
0.333487
0.272243
0.286048
0.300069
0.227433
0.285262
0.244298
0.292052
0.225924
0.249363
0.307799
0.284001
0.310592
0.307084
0.303418
0.289472
0.229268
0.321762
0.289366
0.263643
0.303069
0.283270
0.253894
0.250651
0.256419
0.258619
0.301080
0.314078
0.284302
0.289723
0.268237
0.259280
0.267423
0.306848
0.274293
0.281437
0.235446
0.249964
0.186679
0.261703
0.271648
0.259636
0.327182
0.235151
0.282889
0.265510
0.230809
0.267139
0.279160
0.301954
0.334850
0.309974
0.321506
0.241482
0.292560
0.308233
0.290838
0.285752
0.275306
0.292834
0.303570
0.247357
0.311549
0.291103
0.269364
0.252034
0.269746
0.273149
0.253906
0.268203
0.239802
0.322550
0.271318
0.355673
0.260459
0.314918
0.286010
0.327327
0.399063
0.393089
0.513593
0.492717
0.322868
0.320364
0.366966
0.373647
0.313190
0.400361
0.322299
0.259046
0.233408
0.309343
0.270513
0.282599
0.274855
0.304387
0.299469
0.314650
0.350264
0.418813
0.331840
0.484668
0.478651
0.339525
0.364486
0.270385
0.403051
0.366352
0.276229
0.321675
0.266959
0.282976
0.325462
0.321918
0.285130
0.266551
0.447988
0.355028
0.320142
0.326848
0.370117
0.360095
0.304404
0.313189
0.260642
0.484262
0.445863
0.313725
0.248440
0.302127
0.432338
0.359275
0.332515
0.416815
0.376728
0.332800
0.286788
0.325373
0.363816
0.364383
0.482377
0.335811
0.423642
0.390240
0.322722
0.295606
0.390775
0.263246
0.263089
0.383410
0.287097
0.307937
0.301795
0.330084
0.490642
0.381100
0.323830
0.259036
0.325439
0.285721
0.241306
0.313977
0.601331
0.277572
0.408370
0.292930
0.315856
0.275189
0.274171
0.303244
0.285077
0.316240
0.310222
0.249636
0.332865
0.263266
0.368181
0.302590
0.436029
0.265095
0.361530
0.444572
0.296250
0.265461
0.313163
0.292338
0.292621
0.292964
0.301292
0.318370
0.306498
0.348390
0.234015
0.294695
0.224639
0.274217
0.370335
0.302244
0.341143
0.282392
0.229051
0.324430
0.279706
0.281159
0.266750
0.252926
0.308931
0.225159
0.233748
0.265424
0.322248
0.262324
0.289853
0.245609
0.288544
0.287980
0.245965
0.294050
0.266446
0.258352
0.297575
0.334331
0.296810
0.282445
0.277240
0.293012
0.331542
0.327371
0.266529
0.264233
0.284485
0.246545
0.319869
0.253470
0.273699
0.256498
0.282465
0.285780
0.252086
0.351155
0.268955
0.341668
0.280966
0.310818
0.295532
0.277498
0.291758
0.269431
0.384263
0.497040
0.310838
0.407962
0.303946
0.287478
0.288185
0.316708
0.318708
0.393076
0.304934
0.283881
0.217206
0.328082
0.287340
0.227153
0.336335
0.312758
0.395057
0.327283
0.396861
0.405884
0.449869
0.296406
0.457821
0.320420
0.471699
0.307679
0.349650
0.333310
0.281969
0.389241
0.326515
0.277472
0.277396
0.273893
0.283803
0.278589
0.276608
0.266936
0.287339
0.325441
0.301011
0.258497
0.324966
0.265919
0.221982
0.260076
0.301637
0.232108
0.288675
0.296287
0.313563
0.283943
0.273686
0.310705
0.222758
0.225785
0.291237
0.292113
0.216930
0.299899
0.281068
0.228807
0.291953
0.256997
0.281143
0.269877
0.281089
0.241576
0.301422
0.278859
0.289556
0.279860
0.275715
0.287267
0.239387
0.251152
0.305450
0.269457
0.282649
0.400970
0.372911
0.439707
0.316472
0.341503
0.282941
0.247056
0.263987
0.322209
0.317608
0.369229
0.356645
0.418880
0.418925
0.483227
0.350849
0.339114
0.268872
0.334639
0.390950
0.329662
0.313168
0.372002
0.439218
0.381499
0.346028
0.363161
0.436425
0.412750
0.276503
0.332332
0.443010
0.383242
0.338115
0.311075
0.265878
0.251095
0.303615
0.254090
0.297748
0.301477
0.321317
0.267069
0.284321
0.278709
0.250179
0.322450
0.292808
0.324033
0.214632
0.288678
0.283674
0.391443
0.245886
0.248686
0.361087
0.274819
0.229732
0.303779
0.346266
0.290219
0.300946
0.246570
0.271237
0.300399
0.198206
0.260466
0.341274
0.255202
0.264371
0.303903
0.283688
0.346508
0.306198
0.302340
0.236986
0.256609
0.279566
0.288404
0.306013
0.248570
0.273542
0.328799
0.260725
0.264740
0.244024
0.308563
0.306512
0.266611
0.299369
0.268085
0.233022
0.252390
0.260603
0.333032
0.248596
0.203639
0.272632
0.252604
0.244515
0.221710
0.312127
0.233076
0.265466
0.247799
0.273762
0.313630
0.323829
0.308182
0.294122
0.287772
0.310096
0.301452
0.358431
0.266945
0.306101
0.233556
0.193968
0.311889
0.224325
0.255208
0.300329
0.358508
0.284351
0.248103
0.287647
0.266924
0.245657
0.285574
0.280034
0.289138
0.290931
0.239930
0.270154
0.255412
0.254195
0.304000
0.229163
0.240553
0.289752
0.216560
0.259080
0.264618
0.307854
0.256432
0.248040
0.248779
0.288559
0.242441
0.221506
0.286201
0.237928
0.241820
0.221181
0.308774
0.319301
0.319539
0.267907
0.285452
0.402488
0.386991
0.320265
0.337771
0.287314
0.328663
0.326067
0.481708
0.492890
0.275589
0.324057
0.246081
0.294081
0.281469
0.383178
0.255338
0.293221
0.236094
0.298915
0.250884
0.279905
0.279463
0.210548
0.297302
0.366017
0.387480
0.341809
0.344143
0.238339
0.347174
0.349489
0.295038
0.256569
0.207017
0.401905
0.244287
0.308563
0.294602
0.332319
0.281420
0.337476
0.371228
0.403877
0.378588
0.354592
0.406561
0.472843
0.467487
0.356117
0.375973
0.252216
0.246443
0.241065
0.286857
0.251424
0.256644
0.236859
0.304452
0.317525
0.305692
0.252953
0.255979
0.290640
0.361722
0.323375
0.330688
0.288095
0.255012
0.313898
0.190551
0.353917
0.379638
0.410619
0.334272
0.424958
0.317798
0.311318
0.390495
0.424500
0.293324
0.476822
0.245777
0.264790
0.238165
0.256974
0.307646
0.272418
0.293993
0.287250
0.311958
0.331973
0.305856
0.308212
0.279907
0.267828
0.354560
0.320200
0.183566
0.317147
0.332338
0.352918
0.278621
0.372564
0.318613
0.288627
0.308638
0.347279
0.244715
0.336871
0.279590
0.336036
0.330821
0.398319
0.286962
0.309154
0.367004
0.211778
0.256848
0.270970
0.246924
0.236178
0.199028
0.198873
0.262078
0.264566
0.206106
0.176617
0.269537
0.242554
0.261838
0.243551
0.298608
0.295349
0.155787
0.259573
0.391043
0.300882
0.255714
0.224923
0.237234
0.326642
0.302412
0.182354
0.179323
0.254864
0.277192
0.239931
0.282910
0.277065
0.288866
0.318918
0.302343
0.276223
0.310161
0.307619
0.305487
0.263177
0.261703
0.315724
0.251323
0.422354
0.231455
0.146012
0.337344
0.205199
0.398628
0.203121
0.266931
0.229156
0.189480
0.200518
0.286409
0.294180
0.277644
0.185871
0.347275
0.327240
0.264593
0.297626
0.264597
0.245228
0.241293
0.270465
0.251741
0.241344
0.217911
0.246586
0.281133
0.253961
0.239528
0.320064
0.267685
0.250461
0.228930
0.242519
0.104501
0.229600
0.262251
0.255614
0.240226
0.243973
0.223568
0.211752
0.250495
0.234250
0.330580
0.152554
0.232252
0.184690
0.264226
0.252982
0.195333
0.251017
0.338126
0.214023
0.348456
0.239198
0.269436
0.221205
0.281397
0.243629
0.235677
0.320831
0.189139
0.237497
0.252887
0.275239
0.288243
0.186056
0.221117
0.249491
0.258062
0.311189
0.222396
0.177894
0.257652
0.312549
0.229555
0.280879
0.304471
0.255071
0.358437
0.298598
0.281940
0.259313
0.252074
0.217825
0.266724
0.228194
0.327000
0.243130
0.194216
0.192536
0.216682
0.250479
0.227072
0.195028
0.274444
0.208400
0.191900
0.258936
0.261469
0.275198
0.254709
0.244785
0.197863
0.185250
0.207864
0.258363
0.204432
0.242787
0.190111
0.211729
0.242570
0.219065
0.225276
0.191034
0.222614
0.213140
0.212025
0.189636
0.206490
0.222253
0.273419
0.248391
0.203603
0.229148
0.199814
0.216660
0.210582
0.214100
0.181993
0.184169
0.185351
0.248483
0.277051
0.270369
0.229727
0.241481
0.221461
0.215303
0.290100
0.232969
0.217663
0.186236
0.214290
0.111166
0.211632
0.202621
0.232019
0.198481
0.226873
0.199312
0.171336
0.231124
0.180663
0.221739
0.190262
0.182772
0.190623
0.177220
0.218249
0.192315
0.201267
0.214164
0.223216
0.169894
0.233323
0.220082
0.246629
0.234676
0.221424
0.155753
0.220366
0.245652
0.223148
0.199348
0.229651
0.257578
0.201173
0.250759
0.253533
0.214971
0.165055
0.229736
0.241886
0.197992
0.250947
0.203180
0.220987
0.224231
0.202336
0.254413
0.269760
0.253431
0.245043
0.204598
0.230369
0.272930
0.222785
0.207835
0.219172
0.223723
0.221474
0.187505
0.247106
0.228311
0.221167
0.214996
0.211095
0.205217
0.278161
0.221226
0.319253
0.280664
0.230870
0.274259
0.222236
0.217505
0.289435
0.255676
0.329255
0.249057
0.242623
0.248936
0.262155
0.285244
0.221984
0.277830
0.093330
0.248484
0.220661
0.384398
0.257796
0.274438
0.258168
0.386209
0.252703
0.206991
0.206409
0.241918
0.228479
0.266304
0.215837
0.151864
0.150772
0.228289
0.295393
0.259327
0.247357
0.203794
0.181280
0.222326
0.168780
0.246871
0.223866
0.141033
0.211047
0.229142
0.175935
0.188539
0.200618
0.259484
0.140128
0.199554
0.168349
0.247840
0.205160
0.164837
0.188900
0.243063
0.224339
0.278553
0.223587
0.217760
0.198503
0.231668
0.298626
0.174311
0.172427
0.183391
0.216160
0.205516
0.231230
0.222476
0.200872
0.201164
0.212123
0.220352
0.070231
0.217144
0.214675
0.228208
0.218610
0.108672
0.210847
0.216673
0.177130
0.155164
0.118970
0.166652
0.132031
0.127977
0.181420
0.220427
0.237534
0.224416
0.160316
0.201143
0.226097
0.204725
0.154250
0.198442
0.185564
0.167858
0.144047
0.173364
0.154023
0.221615
0.211232
0.214572
0.194550
0.170940
0.170941
0.101007
0.212157
0.230345
0.184665
0.182107
0.177842
0.178346
0.191456
0.201816
0.180389
0.207497
0.157288
0.242936
0.206868
0.198322
0.074350
0.161142
0.151420
0.163618
0.130218
0.120706
0.204499
0.201447
0.178008
0.221863
0.189721
0.208385
0.173472
0.169221
0.138786
0.200300
0.058769
0.198218
0.155597
0.177785
0.180769
0.137587
0.119086
0.127088
0.166387
0.115295
0.146301
0.181345
0.056755
0.156193
0.219281
0.178154
0.180118
0.191998
0.180893
0.152566
0.175506
0.134539
0.069243
0.166775
0.156627
0.083949
0.120359
0.174953
0.203576
0.165843
0.091492
0.164737
0.128184
0.130234
0.195917
0.215563
0.211017
0.194178
0.198245
0.223044
0.166610
0.175820
0.202308
0.190004
0.098057
0.124541
0.123079
0.141224
0.232929
0.061371
0.151952
0.157164
0.179313
0.212119
0.126432
0.167028
0.186434
0.166525
0.047409
0.061456
0.145739
0.180849
0.168706
0.150218
0.188414
0.113239
0.158440
0.063331
0.156627
0.138423
0.167099
0.165935
0.114715
0.192023
0.168579
0.189624
0.154011
0.165558
0.201595
