0.181044
0.260972
0.290596
0.218570
0.307544
0.467686
0.367789
0.333406
0.316891
0.340834
0.515976
0.272445
0.304781
0.325112
0.389395
0.328334
0.369915
0.384754
0.322385
0.314732
0.250051
0.250815
0.255093
0.363361
0.285842
0.358243
0.252626
0.400127
0.332105
0.344389
0.365665
0.312337
0.330681
0.225260
0.269946
0.223004
0.246433
0.266946
0.219349
0.345307
0.312008
0.516560
0.290613
0.261772
0.363541
0.284192
0.365700
0.251001
0.396063
0.281844
0.274425
0.346640
0.264348
0.408601
0.413945
0.435329
0.259279
0.339324
0.287111
0.323905
0.282970
0.338697
0.343554
0.394673
0.301382
0.291431
0.263387
0.285333
0.334788
0.294111
0.273733
0.294304
0.318156
0.338711
0.275800
0.310654
0.292119
0.267186
0.351445
0.362937
0.308630
0.206223
0.309760
0.316762
0.386600
0.340445
0.409900
0.397376
0.295673
0.362824
0.338577
0.299312
0.418533
0.316220
0.246727
0.408534
0.365281
0.417224
0.326963
0.277200
0.346504
0.268146
0.321993
0.303666
0.453494
0.438046
0.271558
0.278527
0.376714
0.323064
0.214650
0.285990
0.370432
0.376999
0.328883
0.286601
0.300950
0.271115
0.422915
0.353689
0.360998
0.291322
0.241137
0.271818
0.310051
0.396137
0.331462
0.339435
0.267623
0.385826
0.375752
0.364444
0.319529
0.316051
0.314014
0.269639
0.323074
0.295538
0.369136
0.420553
0.426799
0.386290
0.312330
0.302260
0.330686
0.468394
0.516876
0.307564
0.298812
0.285427
0.362176
0.518292
0.313888
0.418166
0.319478
0.260674
0.403905
0.402348
0.450933
0.326025
0.322531
0.345012
0.367414
0.389556
0.313146
0.466668
0.408231
0.367196
0.310320
0.306342
0.287836
0.480338
0.360987
0.297717
0.255893
0.283115
0.273262
0.242165
0.312327
0.284227
0.388573
0.339299
0.337829
0.399151
0.211904
0.356129
0.296361
0.417380
0.322016
0.424087
0.270203
0.403503
0.289310
0.373975
0.362891
0.312660
0.399824
0.229143
0.340260
0.255267
0.325420
0.309818
0.304492
0.279117
0.263978
0.233576
0.375093
0.335878
0.249434
0.275890
0.324857
0.421041
0.184122
0.287048
0.365066
0.363839
0.317023
0.381738
0.349211
0.276003
0.294995
0.308571
0.289386
0.393053
0.310711
0.255872
0.399347
0.315451
0.390022
0.318170
0.218282
0.316666
0.365482
0.408196
0.223934
0.319754
0.365211
0.320897
0.435626
0.431789
0.444043
0.318451
0.236057
0.298896
0.329147
0.273654
0.431360
0.334718
0.333468
0.305461
0.298654
0.306460
0.300185
0.221153
0.267517
0.325483
0.309191
0.405247
0.295582
0.365569
0.401177
0.305260
0.249994
0.333230
0.315743
0.301094
0.255454
0.348598
0.409760
0.317369
0.374112
0.332318
0.307874
0.358801
0.370856
0.309020
0.316519
0.470413
0.405559
0.434890
0.422663
0.334130
0.306026
0.353176
0.364136
0.308485
0.358967
0.368560
0.368088
0.353992
0.478923
0.437541
0.387506
0.358493
0.321695
0.359069
0.317097
0.326187
0.412838
0.511683
0.370514
0.281916
0.270339
0.280517
0.323426
0.323732
0.428194
0.408590
0.399779
0.445609
0.308112
0.293791
0.263311
0.208576
0.231893
0.247168
0.287936
0.319052
0.325335
0.437014
0.430102
0.430875
0.446456
0.394872
0.308178
0.278348
0.362462
0.236160
0.253268
0.248592
0.187236
0.245103
0.274652
0.253118
0.247814
0.299935
0.242541
0.237812
0.347661
0.295268
0.257673
0.344558
0.351186
0.320104
0.316340
0.271075
0.313845
0.330191
0.297394
0.431875
0.501843
0.406020
0.387468
0.329512
0.333241
0.304487
0.361696
0.379278
0.487475
0.292497
0.404208
0.338821
0.462745
0.390377
0.387353
0.378815
0.373494
0.403490
0.518689
0.260669
0.321058
0.304680
0.318780
0.402963
0.305387
0.401565
0.301837
0.294086
0.307358
0.291283
0.295462
0.299613
0.292584
0.290482
0.298107
0.327522
0.307301
0.362622
0.309721
0.334023
0.409373
0.311230
0.249252
0.309586
0.309898
0.348561
0.301003
0.258151
0.461864
0.343266
0.324984
0.305829
0.304886
0.219851
0.243705
0.311259
0.290568
0.304004
0.268578
0.538366
0.282894
0.254724
0.350169
0.300442
0.202667
0.262286
0.278450
0.243945
0.275503
0.271362
0.296316
0.301684
0.165539
0.326319
0.262375
0.289105
0.259833
0.309412
0.274402
0.258204
0.262960
0.287410
0.228294
0.266372
0.311603
0.301080
0.433022
0.302192
0.297527
0.310533
0.246897
0.245363
0.254446
0.341892
0.316084
0.324306
0.382824
0.278841
0.261374
0.332417
0.347118
0.302719
0.299744
0.463937
0.457806
0.309729
0.389229
0.305083
0.309585
0.301159
0.347358
0.310089
0.447444
0.311477
0.356130
0.320149
0.488327
0.322189
0.374256
0.301264
0.281955
0.330990
0.283576
0.511944
0.355951
0.343005
0.291711
0.270412
0.264255
0.423631
0.336963
0.329870
0.360938
0.304737
0.301707
0.276713
0.281663
0.234743
0.349220
0.308152
0.286413
0.310157
0.317107
0.285622
0.298948
0.344546
0.326906
0.354482
0.434717
0.312718
0.197357
0.318073
0.318241
0.356073
0.260724
0.319711
0.293424
0.325206
0.364876
0.301221
0.301743
0.251778
0.311150
0.354565
0.400340
0.386386
0.390879
0.430419
0.387766
0.343846
0.371841
0.359937
0.297084
0.321831
0.354471
0.287187
0.288185
0.341451
0.167797
0.279019
0.418761
0.299953
0.285240
0.354043
0.334641
0.319297
0.348044
0.375903
0.374672
0.378572
0.346578
0.373193
0.417392
0.287539
0.249347
0.234230
0.293734
0.292261
0.341213
0.333022
0.275890
0.270789
0.273768
0.337315
0.285781
0.268819
0.257194
0.326881
0.304870
0.262861
0.254428
0.270601
0.353599
0.282220
0.259026
0.301525
0.314411
0.260545
0.299478
0.351709
0.230770
0.296950
0.259603
0.313856
0.336759
0.273043
0.254071
0.185715
0.253228
0.256704
0.239109
0.244329
0.274300
0.300716
0.230795
0.272981
0.290024
0.338466
0.316325
0.189629
0.329187
0.309961
0.335093
0.380819
0.359001
0.261948
0.255205
0.263446
0.254946
0.297606
0.305882
0.176568
0.233597
0.230037
0.299976
0.414427
0.346642
0.314798
0.303616
0.281470
0.355739
0.282463
0.333536
0.325212
0.275429
0.296941
0.410245
0.364542
0.362804
0.446821
0.294940
0.421077
0.296528
0.416370
0.440443
0.472116
0.262310
0.388774
0.356205
0.347074
0.509200
0.280194
0.271857
0.297773
0.370258
0.353954
0.434957
0.330516
0.416698
0.443837
0.400241
0.316878
0.266279
0.374505
0.400995
0.248208
0.325999
0.356257
0.328664
0.238980
0.297152
0.338470
0.210373
0.255258
0.278105
0.245461
0.315010
0.335000
0.263920
0.263752
0.263335
0.270953
0.268056
0.315120
0.401988
0.303317
0.348816
0.351447
0.331950
0.280776
0.261002
0.257478
0.309257
0.275264
0.262723
0.254135
0.411253
0.438145
0.294582
0.343068
0.310987
0.405384
0.367538
0.398700
0.296407
0.475358
0.293332
0.316562
0.312721
0.356642
0.392585
0.320460
0.354177
0.423953
0.432261
0.378079
0.362235
0.400531
0.523942
0.404372
0.371752
0.373254
0.335814
0.365431
0.265299
0.252163
0.266904
0.258629
0.306050
0.322646
0.331476
0.221592
0.295039
0.265915
0.258385
0.308409
0.263391
0.274430
0.298842
0.253505
0.224224
0.297064
0.293786
0.221090
0.261435
0.252110
0.211184
0.297703
0.306165
0.268421
0.262503
0.294473
0.305528
0.359953
0.274318
0.339617
0.281111
0.224829
0.311423
0.343704
0.243682
0.215472
0.305415
0.269917
0.263927
0.280597
0.279669
0.286258
0.332521
0.259735
0.281017
0.243987
0.294080
0.281744
0.297191
0.219814
0.328780
0.318233
0.280206
0.314224
0.228718
0.255462
0.279899
0.260483
0.286648
0.270772
0.248113
0.263321
0.281367
0.269274
0.284226
0.272520
0.266482
0.297659
0.316551
0.263623
0.275252
0.315531
0.267626
0.263385
0.262309
0.327876
0.309261
0.286606
0.321874
0.272508
0.234676
0.260604
0.240660
0.254650
0.193945
0.176962
0.261115
0.210721
0.287723
0.238750
0.336068
0.284498
0.328889
0.243528
0.273299
0.302254
0.278347
0.275472
0.308564
0.232718
0.230729
0.279354
0.268777
0.313625
0.299207
0.380080
0.254129
0.342064
0.271889
0.284155
0.414300
0.364746
0.434295
0.322901
0.334744
0.285568
0.302305
0.283831
0.280301
0.272188
0.299092
0.405408
0.495864
0.271464
0.440198
0.311198
0.253415
0.302312
0.295085
0.309325
0.304355
0.305489
0.253935
0.313076
0.307233
0.388747
0.390144
0.338395
0.367855
0.279327
0.362719
0.338109
0.471598
0.393487
0.292671
0.385061
0.421634
0.219149
0.276608
0.310696
0.294551
0.350364
0.275724
0.313051
0.229948
0.229249
0.289428
0.289755
0.330089
0.307592
0.284926
0.271962
0.446155
0.282799
0.324164
0.338859
0.322801
0.365856
0.362957
0.362976
0.310218
0.242333
0.316635
0.321460
0.269440
0.261222
0.338650
0.312621
0.293678
0.262758
0.256220
0.260432
0.339428
0.319804
0.407610
0.338897
0.326912
0.269920
0.355253
0.218897
0.294447
0.235656
0.275994
0.106789
0.247626
0.279880
0.163972
0.236661
0.346248
0.281208
0.204347
0.354983
0.284804
0.324409
0.301970
0.324120
0.366591
0.259366
0.305826
0.329430
0.399248
0.221648
0.189630
0.276520
0.285609
0.246659
0.198446
0.248616
0.260934
0.313224
0.127242
0.257930
0.215499
0.216249
0.190870
0.308495
0.310539
0.237470
0.303237
0.308150
0.248286
0.260207
0.226189
0.363259
0.258512
0.231877
0.229779
0.232986
0.230231
0.233187
0.250363
0.239528
0.243069
0.247903
0.257609
0.249486
0.261985
0.191457
0.233317
0.262692
0.288785
0.247986
0.219724
0.217165
0.176735
0.286689
0.293999
0.284425
0.279874
0.263487
0.256291
0.232626
0.257864
0.236681
0.248525
0.263195
0.236844
0.184845
0.248181
0.217896
0.229702
0.222025
0.264328
0.210311
0.249115
0.249655
0.287111
0.299502
0.228275
0.274779
0.285274
0.355095
0.236267
0.282751
0.258583
0.269413
0.287966
0.307158
0.222099
0.325504
0.273338
0.321094
0.275393
0.311616
0.228517
0.298841
0.244319
0.212746
0.165880
0.245593
0.218496
0.204232
0.213154
0.229749
0.237727
0.195703
0.199573
0.213191
0.228938
0.229881
0.293695
0.338096
0.232275
0.215238
0.291103
0.281509
0.292959
0.299211
0.239789
0.199743
0.221085
0.240227
0.228993
0.284061
0.236191
0.239687
0.247749
0.213424
0.264607
0.224749
0.244203
0.276440
0.246769
0.250035
0.169953
0.284699
0.296320
0.223892
0.221257
0.216074
0.254284
0.276643
0.219806
0.263977
0.218186
0.290531
0.221980
0.245924
0.230199
0.235651
0.275589
0.272747
0.240435
0.274777
0.246907
0.229454
0.282025
0.274295
0.237000
0.318413
0.271031
0.301504
0.296553
0.265577
0.274966
0.230042
0.278763
0.266221
0.265837
0.266385
0.273603
0.233810
0.310890
0.310108
0.276927
0.255173
0.248721
0.287210
0.264678
0.358713
0.273519
0.240111
0.223753
0.208543
0.224849
0.209312
0.228142
0.231312
0.211530
0.158425
0.258409
0.249815
0.230518
0.247182
0.270880
0.268540
0.243837
0.225421
0.306957
0.253137
0.200068
0.241190
0.296273
0.271042
0.204811
0.287288
0.306544
0.358735
0.261842
0.264428
0.240067
0.258964
0.253971
0.229254
0.243299
0.310149
0.243111
0.213583
0.317731
0.275059
0.271674
0.253707
0.223361
0.274534
0.273725
0.268282
0.295804
0.305803
0.216503
0.264864
0.299922
0.293474
0.253362
0.242745
0.284788
0.221631
0.246689
0.179970
0.297449
0.226986
0.189311
0.206356
0.284783
0.199823
0.213150
0.226093
0.305620
0.225138
0.228180
0.146815
0.174624
0.235592
0.214015
0.220556
0.202666
0.200871
0.263021
0.202997
0.239735
0.227722
0.225362
0.194179
0.225713
0.186034
0.198958
0.138150
0.269002
0.244701
0.233579
0.214821
0.230652
0.208371
0.198268
0.195971
0.169212
0.198789
0.106422
0.178724
0.198376
0.216121
0.245805
0.174939
0.161989
0.149983
0.216753
0.208840
0.203052
0.233627
0.250276
0.250999
0.197938
0.081590
0.128878
0.151486
0.160885
0.158323
0.207886
0.210005
0.050291
0.216303
0.229106
0.132490
0.131074
0.176243
0.150944
0.151005
0.154613
0.198387
0.153256
0.138866
0.230859
0.056209
0.141020
0.185856
0.133698
0.110135
0.162719
0.174826
0.187392
0.062552
0.178156
0.181846
0.187140
0.177336
0.160321
0.184117
0.189475
0.203183
0.200221
0.149839
0.213822
0.155115
0.181579
0.152270
0.175577
0.191230
0.161744
0.206733
0.188038
0.148034
0.064318
0.196639
0.195490
0.188770
0.189595
0.161561
0.237209
0.177486
0.207522
0.197846
0.167733
0.192325
0.062191
0.174544
0.156980
0.197128
0.139243
0.167046
0.203827
0.160571
0.141553
0.214037
0.167299
0.137956
0.190981
0.053319
0.142581
0.102428
0.180985
0.158565
0.174577
0.150188
0.168423
0.174005
0.092173
0.123016
0.210154
0.202476
0.189059
0.176183
0.189038
0.155151
0.041346
0.162294
0.178200
0.095052
0.163634
0.175847
0.218510
0.188524
0.160713
0.174792
0.093110
0.149971
0.209983
0.195845
0.045968
0.162118
0.159610
0.144265
0.166579
0.176069
0.202648
0.191619
0.219356
0.117042
0.179684
0.200229
0.168497
0.047475
0.185098
0.192793
0.115398
0.166513
0.109856
0.113805
0.181373
0.184689
0.188120
0.087059
0.189278
0.191809
0.186162
0.184932
0.123069
0.125496
0.169051
0.185858
0.158653
0.164747
0.186357
0.174423
0.177088
0.197469
0.209606
0.140887
0.168274
0.125811
0.051634
0.188794
0.170552
0.175027
0.180283
0.138951
0.155529
0.183274
0.139568
0.137083
0.205232
0.051045
0.053008
0.120256
0.179220
0.142754
0.146680
0.184392
0.188334
0.078764
0.097191
0.160832
0.228136
0.091735
0.159870
0.055627
0.174628
0.169986
0.170381
0.173672
0.092163
0.102276
0.165396
0.105698
0.107383
0.170364
0.164554
0.178307
0.189385
0.199707
0.226862
0.164212
0.154755
0.156663
0.065175
0.117288
0.113781
0.173539
0.172746
0.136870
0.156910
0.176480
0.045834
0.130754
0.179192
0.175607
0.119310
0.125621
0.164198
0.149293
0.057465
0.128322
0.123944
0.115015
0.149164
0.181525
0.055920
0.165148
0.161131
0.064999
0.179847
0.052052
0.149053
0.149492
0.055428
0.158130
0.186003
0.172042
0.047566
0.178295
0.090035
0.182659
0.074489
0.113950
0.132844
0.093823
0.175540
0.124846
0.189502
0.165736
0.060554
0.183967
0.141104
0.131183
0.141474
0.148655
0.156108
0.188008
0.190939
0.046719
0.143124
0.159346
0.157369
0.157202
0.143314
0.046414
0.161295
0.162439
0.151020
0.062273
0.160833
0.168410
0.057895
0.158453
0.115483
0.077636
0.114252
0.166424
0.112769
0.104836
0.145524
0.194599
0.200376
0.169057
0.044553
0.138567
0.186696
0.167876
0.197870
0.049153
0.165738
0.153314
0.197088
0.103993
0.151927
0.170355
0.178905
0.190426
0.128827
0.125506
0.147927
0.173480
0.105770
0.177907
0.096307
0.056406
0.111761
0.162510
0.044733
0.126370
0.133785
0.177654
0.043926
0.104375
0.121946
0.116637
0.121574
0.130250
0.171214
0.145249
0.102719
0.144356
0.174618
0.053434
0.173923
0.152360
0.165324
0.045519
0.140002
0.064192
0.151645
0.085872
0.048545
0.149161
0.046349
0.046676
0.135215
0.117138
0.048650
0.125713
0.109794
0.050481
0.058430
0.134794
0.095883
0.141029
0.138827
0.058617
0.111538
0.047671
0.158586
0.139350
0.065808
0.166488
0.155227
0.043358
0.125316
0.134509
0.133389
0.133150
0.125975
0.165418
0.064464
0.183305
0.124350
0.180964
0.182467
0.119835
0.170979
0.165082
0.047706
0.116405
0.058059
0.112848
0.126933
0.139767
0.136566
0.148121
0.135824
0.052994
0.073900
0.140122
0.165970
0.080571
0.138139
0.149037
0.124644
0.048122
0.144724
0.048656
0.168337
0.140345
0.052659
0.117949
0.052639
0.153449
0.047969
0.139377
0.128113
0.050160
0.129008
0.061575
0.121271
0.161674
0.046374
0.112008
0.057809
0.055366
0.112658
0.108618
0.057297
0.161340
0.094171
0.171757
0.116147
0.048185
0.048630
0.141273
0.131783
0.137619
0.131143
0.055928
0.122081
0.142213
0.114820
0.063337
0.047574
0.159864
0.139462
0.060125
0.077476
0.049038
0.155950
0.062851
0.129615
0.148094
0.051977
0.051397
0.149267
0.159553
0.050849
0.121039
0.068307
0.111409
0.064177
0.134397
0.057551
0.153489
0.067957
0.126796
0.092468
0.132365
0.145274
0.171139
0.149504
0.177538
0.146244
0.056428
0.083806
0.137728
0.051159
0.072387
0.102901
0.059438
0.159122
0.131656
0.133076
0.135998
0.149653
0.158325
0.120331
0.069961
0.143039
0.050390
0.130472
0.053193
0.068572
0.061903
0.062579
0.086771
0.140814
0.059465
0.160039
0.128704
0.056411
0.152600
0.148557
0.044863
0.160363
0.050459
0.105969
0.138929
0.136301
0.157469
0.153157
0.138401
0.184659
0.045918
0.130071
0.100018
0.051840
0.143683
0.131005
0.078252
0.087748
0.072422
0.108711
0.049333
0.144977
0.127077
0.044106
0.047471
0.102331
0.056909
0.095475
0.101114
0.115771
0.163841
0.183787
0.152214
0.142743
0.156752
0.043894
0.144318
0.047186
0.109852
0.045169
0.158743
0.148219
0.053141
0.138058
0.165191
0.171619
0.046796
0.132911
0.045297
0.147279
0.065453
0.137183
0.049507
0.144375
0.151281
0.124780
0.127487
0.043162
0.177535
0.202442
0.116119
0.133693
0.137410
0.157452
0.084960
0.126635
0.092807
0.065118
0.043570
0.129644
0.051047
0.124640
0.051468
0.088386
0.043591
0.116073
0.105351
0.079531
0.044280
0.118860
0.058001
0.053990
0.075570
0.042484
0.120296
0.119162
0.133751
0.126109
0.089490
0.113871
0.082440
0.149632
0.096650
0.097226
0.042077
0.042216
0.041134
0.088497
0.097510
0.049848
0.101326
0.069261
0.042081
0.066525
0.043787
0.051443
0.044834
0.055012
0.064506
0.056590
0.051871
0.044310
0.047978
0.062059
0.056769
0.052772
0.051524
0.046714
0.110314
0.043466
0.042476
0.075086
0.045332
0.044935
0.050482
0.079936
0.043404
0.071536
0.050482
0.049872
0.051272
0.105492
0.042601
0.050129
0.065397
0.044909
0.052142
0.100033
0.045125
0.049023
0.083239
0.070743
0.086915
0.040729
0.071637
0.049697
0.042101
0.089661
0.043972
0.058076
0.061219
0.045860
0.043730
0.043664
0.089681
0.054103
0.055040
0.053643
0.049037
0.053862
0.092132
0.076005
0.067825
0.041554
0.071539
0.044287
0.047993
0.040452
0.061242
0.045732
0.049331
0.043671
0.045362
0.040879
0.053918
0.057783
0.072083
0.044346
0.087534
0.051094
0.043094
0.045468
0.080106
0.044423
0.049827
0.059429
0.046851
0.074619
0.042728
0.045962
0.046901
0.075028
0.043937
0.051363
0.051268
0.072664
0.058053
0.073227
0.044356
0.050938
0.050168
0.061411
0.053525
0.053264
0.068990
0.060591
0.066303
0.061651
0.070056
0.074512
0.061907
0.071872
0.079720
0.067413
0.053328
0.048138
0.046084
0.043653
0.043805
0.052454
0.046916
0.055797
0.061955
0.057498
0.060515
0.054586
0.053627
0.055601
0.060648
0.043975
0.050944
0.063857
0.060489
0.058297
0.057391
0.051339
0.045821
0.069779
0.051327
0.055602
0.050940
0.076738
0.060215
0.057849
0.051067
0.040344
0.051355
0.050379
0.065056
0.040720
0.047378
0.070302
0.063373
0.069503
0.063151
0.054544
0.059759
0.055362
0.050430
0.049941
0.060292
0.063883
0.063053
0.073768
0.052557
0.051080
0.049475
0.045846
0.042388
0.043567
0.042531
0.042029
0.042359
0.071394
0.047797
0.043999
0.046370
0.043827
0.051655
0.057487
0.050737
0.043548
0.062523
0.063716
0.063076
0.070082
0.076686
0.073906
0.072929
0.052808
0.058388
0.061261
0.060923
0.052272
0.045007
0.050544
0.044484
0.041262
0.041378
0.040003
0.054995
0.046284
0.041281
0.041949
0.042217
0.047559
0.046795
0.045142
0.058076
0.070289
0.064190
0.046671
0.050975
0.053212
0.053556
0.060511
0.068354
0.059007
0.053452
0.048948
0.051571
0.050433
0.066386
0.068274
0.069995
0.081872
0.044853
0.044295
0.044394
0.067141
0.043583
0.057966
0.056740
0.055629
0.067715
0.059580
0.048885
0.054667
0.059325
0.063297
0.068805
0.061645
0.062790
0.067601
0.068363
0.069823
0.059919
0.064928
0.067687
0.064512
0.062932
0.056496
0.061335
0.078668
0.056022
0.060264
0.056472
0.055857
0.053627
0.054755
0.057619
0.053911
0.049197
0.055361
0.049398
0.049250
0.050506
0.053403
0.052080
0.062764
0.072778
0.069058
0.067280
0.064338
0.058340
0.057863
0.063579
0.065176
0.067208
0.064256
0.065459
0.065378
0.061103
0.042341
0.052837
0.057780
0.059895
0.066894
0.057374
0.057851
0.058324
0.053476
0.052675
0.057170
0.057700
0.055702
0.065049
0.057193
0.055686
0.054138
0.051468
0.056655
0.060674
0.062667
0.064650
0.063046
0.060135
0.059560
0.054319
0.063719
0.076101
0.053058
0.076963
0.067900
0.083106
0.071935
0.070426
0.072869
0.072246
0.078610
0.070630
0.075357
0.072556
0.067720
0.065825
0.066250
0.066280
0.071903
0.058481
0.062920
0.056490
0.059330
0.059196
0.059693
0.064401
0.066088
0.065509
0.065748
0.063590
0.059426
0.057766
0.055235
0.051671
0.055013
0.051138
0.049224
0.050112
0.049112
0.050110
0.053759
0.051720
0.055727
0.049569
0.047065
0.045275
0.064345
0.054412
0.054183
0.047596
0.049969
0.054795
0.064045
0.062063
0.066682
0.070898
0.066335
0.066174
0.066247
0.073386
0.066900
0.061486
0.062233
0.052758
0.049330
0.067338
0.052838
0.059945
0.048083
0.052826
0.052218
0.068200
0.056141
0.042930
0.049282
0.049856
0.058567
0.060790
0.054769
0.061523
