0.251987
0.251900
0.309332
0.364856
0.255833
0.339163
0.349853
0.358639
0.354747
0.326951
0.264579
0.296987
0.300222
0.290457
0.367293
0.308694
0.326304
0.323949
0.392689
0.457880
0.272816
0.306895
0.295566
0.262012
0.261025
0.342543
0.267548
0.211869
0.285088
0.287043
0.302612
0.233913
0.271856
0.283768
0.418381
0.275515
0.291127
0.399663
0.287963
0.448740
0.361669
0.326292
0.364564
0.236757
0.328431
0.291909
0.237941
0.364825
0.464879
0.365830
0.408198
0.374967
0.322271
0.366585
0.365136
0.376769
0.348029
0.312689
0.390787
0.319404
0.253568
0.256953
0.373099
0.314734
0.310296
0.346605
0.341165
0.482715
0.322109
0.305794
0.312559
0.290576
0.439739
0.400713
0.476981
0.390707
0.476373
0.394404
0.381282
0.351528
0.315466
0.292616
0.284142
0.292927
0.392388
0.333506
0.242995
0.406898
0.392730
0.275429
0.314821
0.322952
0.374539
0.304303
0.282646
0.287993
0.386901
0.290335
0.259960
0.300208
0.319644
0.309903
0.252753
0.303931
0.317738
0.332382
0.505943
0.357499
0.387560
0.414003
0.278366
0.378894
0.457192
0.264528
0.412714
0.372872
0.466540
0.413301
0.330050
0.402311
0.356229
0.327183
0.379559
0.496161
0.486815
0.221811
0.508198
0.274021
0.219151
0.267077
0.286618
0.497956
0.311895
0.372029
0.298311
0.286604
0.309944
0.261805
0.287024
0.251823
0.439128
0.348148
0.358771
0.462401
0.251558
0.374442
0.363348
0.446420
0.346730
0.305169
0.305101
0.258171
0.289879
0.369794
0.327578
0.244015
0.456560
0.402020
0.443848
0.414610
0.356364
0.294228
0.486949
0.507390
0.301421
0.350503
0.362924
0.429191
0.317425
0.272748
0.271301
0.325436
0.327722
0.318711
0.498509
0.429872
0.338022
0.329174
0.532688
0.452276
0.348792
0.352514
0.299781
0.342028
0.362958
0.441000
0.339191
0.320412
0.297886
0.283738
0.285942
0.277646
0.323824
0.290705
0.339998
0.304461
0.338926
0.306361
0.350490
0.381662
0.285529
0.478094
0.406534
0.325927
0.299024
0.357317
0.358947
0.340448
0.374120
0.347403
0.374866
0.495330
0.426758
0.281645
0.432358
0.327115
0.297125
0.416270
0.352151
0.438148
0.405529
0.276147
0.414815
0.352018
0.368853
0.324202
0.341305
0.259948
0.290683
0.299434
0.279549
0.334541
0.348951
0.301301
0.339781
0.228685
0.300096
0.325363
0.275110
0.395460
0.309741
0.241265
0.377137
0.232383
0.270315
0.296015
0.291817
0.297417
0.298494
0.249058
0.327322
0.277646
0.257279
0.305058
0.351867
0.306933
0.288703
0.258652
0.364029
0.539171
0.499357
0.422003
0.272436
0.289100
0.461565
0.379747
0.274935
0.327639
0.352498
0.372198
0.308599
0.407808
0.389717
0.357969
0.288290
0.303626
0.346161
0.331831
0.335946
0.341846
0.441458
0.385471
0.420889
0.354215
0.271423
0.365401
0.293260
0.312542
0.354540
0.346268
0.278283
0.327256
0.313509
0.294985
0.351365
0.387671
0.505089
0.301877
0.350255
0.291777
0.332315
0.316031
0.265063
0.269902
0.329151
0.313722
0.284865
0.313856
0.299112
0.274631
0.282867
0.218446
0.317529
0.288081
0.210956
0.337040
0.368534
0.262590
0.313123
0.409676
0.525008
0.185262
0.317094
0.339861
0.462830
0.373163
0.266267
0.249063
0.318920
0.337180
0.258551
0.273127
0.362056
0.350164
0.242815
0.321889
0.440111
0.386427
0.349567
0.365056
0.277134
0.388288
0.358168
0.263310
0.290821
0.322003
0.225856
0.272508
0.335692
0.280837
0.327693
0.395580
0.259466
0.292271
0.449994
0.457282
0.443738
0.309464
0.293749
0.408625
0.290069
0.358797
0.391397
0.286195
0.288212
0.285305
0.363177
0.325590
0.373833
0.415668
0.340362
0.302176
0.301047
0.468697
0.363871
0.283095
0.284955
0.336017
0.420841
0.427064
0.301029
0.281893
0.290537
0.369035
0.328914
0.340431
0.284973
0.297128
0.292398
0.245238
0.268510
0.317729
0.267419
0.287721
0.282127
0.326064
0.322383
0.364557
0.352797
0.299105
0.295437
0.388534
0.348521
0.316248
0.259505
0.323571
0.393228
0.306539
0.483886
0.493479
0.340478
0.364397
0.301309
0.390604
0.381470
0.262470
0.206451
0.312870
0.338816
0.398708
0.280098
0.346237
0.328271
0.272135
0.255537
0.329151
0.321275
0.380513
0.284042
0.303925
0.351209
0.359380
0.416766
0.341339
0.396647
0.302288
0.287064
0.268861
0.279517
0.234912
0.360102
0.228643
0.278813
0.352814
0.279215
0.393983
0.348995
0.399457
0.421409
0.359892
0.385699
0.323783
0.354574
0.274652
0.359261
0.231592
0.316413
0.465737
0.240894
0.381184
0.259302
0.267709
0.353906
0.221904
0.254465
0.200326
0.288061
0.242717
0.290990
0.219301
0.305592
0.265482
0.297695
0.291512
0.275832
0.282834
0.251467
0.286637
0.352911
0.298609
0.240004
0.294732
0.215012
0.261293
0.293506
0.345032
0.268422
0.329324
0.285766
0.280579
0.347803
0.267644
0.283392
0.263575
0.269363
0.253587
0.264282
0.251709
0.260026
0.292631
0.244946
0.291967
0.241386
0.218354
0.383506
0.215913
0.250736
0.266378
0.234657
0.297764
0.289551
0.276597
0.355153
0.355116
0.274918
0.230386
0.282707
0.316302
0.296597
0.227481
0.361276
0.298949
0.246938
0.360135
0.334494
0.360815
0.348045
0.303369
0.273257
0.281550
0.231962
0.254349
0.307133
0.297229
0.272989
0.286441
0.231500
0.340234
0.241368
0.294389
0.342856
0.317135
0.261553
0.317119
0.259024
0.278672
0.311192
0.274752
0.268848
0.224346
0.284518
0.269101
0.301327
0.264638
0.252741
0.292456
0.252093
0.479181
0.406926
0.349699
0.254824
0.245425
0.361286
0.301205
0.295427
0.056500
0.332425
0.308870
0.236551
0.362936
0.383863
0.451512
0.389728
0.221900
0.312014
0.316057
0.414767
0.471860
0.321352
0.361293
0.325246
0.404137
0.282478
0.444801
0.348489
0.304187
0.286302
0.299383
0.289859
0.303422
0.217234
0.349858
0.280221
0.265499
0.312723
0.376712
0.308428
0.292629
0.269536
0.378395
0.269336
0.279099
0.286196
0.261125
0.257258
0.275799
0.285279
0.234755
0.318779
0.262706
0.385572
0.295105
0.213296
0.297146
0.360455
0.241612
0.255917
0.204727
0.288964
0.225199
0.281523
0.305539
0.255697
0.297893
0.315872
0.276771
0.346785
0.299768
0.218372
0.338806
0.255897
0.281749
0.255022
0.317855
0.276328
0.295837
0.210502
0.349930
0.283592
0.324207
0.306703
0.227052
0.237246
0.327021
0.334531
0.295362
0.290341
0.245618
0.242948
0.256134
0.194068
0.265234
0.259294
0.299458
0.271224
0.368036
0.305861
0.437027
0.354605
0.324627
0.278780
0.380503
0.334079
0.406866
0.412175
0.352582
0.341713
0.394100
0.344322
0.255149
0.311682
0.403658
0.270822
0.194285
0.318237
0.268666
0.270111
0.435873
0.339834
0.282475
0.449258
0.391618
0.315127
0.294280
0.346657
0.406856
0.510392
0.411851
0.301171
0.177025
0.317692
0.251827
0.258070
0.315166
0.306500
0.359813
0.393127
0.309113
0.402687
0.381173
0.334942
0.309472
0.402106
0.350885
0.404806
0.350215
0.234534
0.335640
0.460640
0.397274
0.304336
0.294768
0.301690
0.370159
0.296515
0.267544
0.308189
0.260512
0.304886
0.316497
0.322817
0.331773
0.400874
0.312563
0.226942
0.329772
0.324550
0.254805
0.294983
0.314609
0.286258
0.245281
0.219894
0.258452
0.281109
0.301756
0.367283
0.337611
0.261996
0.355216
0.323273
0.319188
0.371160
0.252965
0.232571
0.322273
0.284291
0.195665
0.230389
0.290740
0.254668
0.211439
0.289915
0.290262
0.254675
0.195781
0.335359
0.305211
0.333430
0.217470
0.207263
0.260803
0.231354
0.285699
0.307511
0.283725
0.241223
0.212735
0.260585
0.265769
0.216229
0.353481
0.307044
0.364537
0.287747
0.266526
0.312758
0.357131
0.314491
0.384351
0.325655
0.352298
0.251449
0.298536
0.314632
0.311118
0.265535
0.239692
0.263829
0.308773
0.240464
0.364830
0.295475
0.276846
0.279442
0.049214
0.274244
0.243770
0.244270
0.248592
0.235289
0.230781
0.312441
0.274153
0.222144
0.313347
0.284198
0.317795
0.178500
0.240533
0.246236
0.320203
0.251821
0.287219
0.295017
0.285902
0.249615
0.211488
0.257923
0.231557
0.214507
0.235483
0.192363
0.215218
0.214144
0.227081
0.273398
0.209299
0.189473
0.269407
0.304785
0.209129
0.159978
0.251094
0.283013
0.258768
0.308140
0.290984
0.165147
0.227604
0.246732
0.240697
0.210030
0.258837
0.232370
0.259910
0.139612
0.193796
0.226973
0.244925
0.256287
0.176556
0.255423
0.290169
0.257391
0.163588
0.232045
0.267429
0.228640
0.286381
0.227249
0.196262
0.283956
0.253938
0.225366
0.199343
0.216259
0.193160
0.222917
0.200698
0.254735
0.197600
0.208143
0.236650
0.181610
0.233087
0.195540
0.223903
0.213927
0.297746
0.205257
0.223939
0.206477
0.205970
0.276942
0.235816
0.204859
0.228994
0.205717
0.252292
0.224359
0.197205
0.243537
0.220100
0.200629
0.197270
0.279443
0.216346
0.148533
0.324381
0.266940
0.277355
0.190267
0.251009
0.235991
0.230435
0.284210
0.254976
0.261016
0.279514
0.269724
0.100769
0.265299
0.194360
0.207071
0.216867
0.198210
0.264769
0.291747
0.243258
0.247837
0.194623
0.254769
0.244667
0.231246
0.240134
0.294052
0.264363
0.234542
0.267322
0.277747
0.273999
0.193060
0.230843
0.240545
0.235010
0.271323
0.257206
0.195661
0.251487
0.264410
0.234535
0.240208
0.200406
0.216619
0.260745
0.153259
0.226911
0.185121
0.212623
0.193403
0.129503
0.216675
0.222095
0.141054
0.201784
0.162173
0.213924
0.190449
0.227718
0.210174
0.221774
0.239691
0.132393
0.252545
0.172779
0.206165
0.198781
0.198100
0.238596
0.231434
0.249884
0.263818
0.238195
0.214040
0.243263
0.194963
0.177588
0.237702
0.240200
0.238227
0.207934
0.205692
0.147331
0.231034
0.212032
0.212063
0.202574
0.223525
0.231799
0.164052
0.188778
0.233807
0.224696
0.180136
0.203566
0.217576
0.203934
0.220763
0.181962
0.224427
0.180517
0.243440
0.282372
0.260587
0.288171
0.306062
0.242791
0.275623
0.177598
0.248466
0.201307
0.222276
0.223311
0.256101
0.177770
0.214623
0.219533
0.260971
0.240690
0.186935
0.216848
0.260326
0.344090
0.243052
0.247177
0.173079
0.242335
0.241562
0.188317
0.278374
0.221253
0.294379
0.304516
0.266260
0.249145
0.244368
0.282063
0.295124
0.245856
0.236615
0.240506
0.302140
0.218313
0.173274
0.216625
0.241441
0.280081
0.288488
0.300002
0.244286
0.261019
0.239514
0.295596
0.261153
0.225725
0.197294
0.213515
0.220683
0.253195
0.259154
0.259378
0.235591
0.249917
0.248649
0.175597
0.248183
0.193249
0.209206
0.159518
0.225490
0.286598
0.237684
0.223358
0.188529
0.235378
0.252993
0.261638
0.282712
0.236818
0.165933
0.276735
0.224056
0.222839
0.239519
0.220377
0.217789
0.309655
0.208385
0.195567
0.173227
0.182810
0.140121
0.183035
0.192380
0.173494
0.175818
0.186250
0.187221
0.199643
0.218840
0.209588
0.169982
0.178046
0.179825
0.197631
0.181235
0.069499
0.243880
0.203642
0.198821
0.163427
0.189517
0.171960
0.136453
0.103781
0.192903
0.073627
0.185420
0.224738
0.190861
0.222034
0.223314
0.227821
0.162244
0.152221
0.218371
0.145433
0.186351
0.212133
0.144010
