0.008446
1.339409
0.060530
0.062518
0.052331
0.055159
0.064315
0.058272
0.060335
0.132270
0.121696
0.118307
0.179451
0.182321
0.163698
0.194165
0.176345
0.222542
0.212135
0.184057
0.179245
0.146064
0.133136
0.127686
0.114770
0.122599
0.136193
0.107894
0.139228
0.107830
0.122768
0.091467
0.102645
0.104763
0.096619
0.105978
0.119752
0.133940
0.152122
0.107898
0.135899
0.161559
0.175360
0.185334
0.182708
0.190624
0.185572
0.168977
0.165574
0.198825
0.168874
0.209039
0.145632
0.171039
0.175288
0.164458
0.179806
0.174119
0.173578
0.188928
0.160467
0.173084
0.141773
0.170673
0.162426
0.178756
0.146312
0.169253
0.181055
0.146375
0.172123
0.165149
0.185634
0.190458
0.192002
0.191945
0.146937
0.159084
0.161224
0.174564
0.180754
0.174873
0.167924
0.165436
0.160739
0.176663
0.250964
0.233441
0.212924
0.239447
0.216084
0.283892
0.273765
0.256612
0.280674
0.274243
0.255102
0.284307
0.272960
0.253077
0.252856
0.249207
0.183093
0.172120
0.171093
0.166438
0.177917
0.148487
0.167842
0.169012
0.199029
0.167103
0.172508
0.175907
0.179285
0.179346
0.218671
0.187650
0.197332
0.170841
0.213606
0.184089
0.194670
0.181753
0.205166
0.178538
0.222069
0.191489
0.220074
0.215860
0.177907
0.221216
0.195191
0.189698
0.156731
0.160514
0.161156
0.188665
0.223965
0.159326
0.158464
0.213229
0.164068
0.189377
0.153694
0.157674
0.161110
0.180048
0.220279
0.217987
0.164124
0.179872
0.154242
0.245821
0.191505
0.101238
0.084912
0.103113
0.112473
0.106095
0.111709
0.110730
0.088601
0.098326
0.093980
0.115006
0.095115
0.117475
0.108733
0.105737
0.110567
0.116272
0.110722
0.092583
0.104023
0.115531
0.123922
0.114994
0.094733
0.094813
0.091663
0.102922
0.097168
0.100922
0.101143
0.109612
0.130564
0.116288
0.112759
0.102203
0.113330
0.103258
0.123936
0.107967
0.112126
0.108083
0.142144
0.115963
0.109114
0.116588
0.105545
0.130817
0.114069
0.128938
0.093417
0.111066
0.096030
0.106392
0.110683
0.089170
0.102984
0.099510
0.116644
0.126226
0.108870
0.116903
0.088786
0.098647
0.106389
0.106207
0.113327
0.107803
0.124791
0.087948
0.083552
0.088182
0.087992
0.091258
0.100250
0.109544
0.106097
0.108273
0.104507
0.109868
0.094466
0.085235
0.093395
0.096179
0.114432
0.135162
0.152023
0.114314
0.123044
0.116961
0.113457
0.115832
0.111513
0.133737
0.108520
0.105276
0.120626
0.116501
0.121252
0.136195
0.094297
0.108891
0.098172
0.089293
0.105822
0.116018
0.129611
0.105241
0.105355
0.106743
0.123729
0.108485
0.090141
0.112356
0.108971
0.101865
0.107928
0.111488
0.114431
0.094673
0.124574
0.126439
0.117536
0.126409
0.116898
0.112120
0.110495
0.128384
0.110033
0.085088
0.114244
0.118071
0.115912
0.120399
0.114952
0.121892
0.109939
0.123151
0.118792
0.116750
0.143794
0.123527
0.120002
0.129014
0.118544
0.121284
0.115937
0.124274
0.110601
0.121058
0.123145
0.122072
0.134261
0.135691
0.103307
0.158288
0.175596
0.256259
0.331057
0.363410
0.350678
0.305357
0.323711
0.364561
0.353303
0.354392
0.328347
0.318025
0.385106
0.341649
0.375410
0.361581
0.272337
0.254275
0.263290
0.245965
0.332787
0.277174
0.222651
0.175020
0.181761
0.171743
0.152585
0.200244
0.154031
0.205259
0.180423
0.151081
0.150568
0.247523
0.195513
0.177597
0.170299
0.181504
0.236422
0.263847
0.211312
0.204963
0.181734
0.244989
0.231313
0.240474
0.235250
0.212429
0.268739
0.250936
0.252889
0.208450
0.145988
0.120108
0.189333
0.171663
0.142213
0.186006
0.169834
0.150629
0.145350
0.169040
0.179585
0.152678
0.132921
0.128829
0.128994
0.128219
0.177159
0.169596
0.163583
0.164303
0.141604
0.161048
0.157607
0.150308
0.160478
0.149169
0.159224
0.197086
0.178608
0.194735
0.165411
0.164015
0.159499
0.172489
0.190192
0.156854
0.171995
0.183374
0.159969
0.167475
0.140738
0.139167
0.186760
0.138456
0.138245
0.125906
0.125419
0.161106
0.140044
0.185632
0.180511
0.155277
0.146979
0.182218
0.160328
0.205308
0.189530
0.179445
0.176794
0.186666
0.201787
0.291645
0.242706
0.249049
0.265264
0.300097
0.242446
0.281756
0.187464
0.191103
0.240973
0.171857
0.182108
0.188050
0.224966
0.213327
0.199607
0.157841
0.206906
0.206763
0.218524
0.215731
0.205797
0.248403
0.244965
0.252861
0.188239
0.253188
0.246758
0.224879
0.271366
0.290940
0.328923
0.386669
0.246843
0.266224
0.279979
0.216959
0.167804
0.237254
0.208023
0.281839
0.160125
0.161802
0.179378
0.218750
0.235856
0.199674
0.232033
0.258700
0.251461
0.236980
0.227655
0.231289
0.206259
0.228259
0.245749
0.192654
0.169763
0.194864
0.185294
0.201767
0.183980
0.165785
0.161159
0.233908
0.332562
0.305287
0.293458
0.363220
0.379948
0.300010
0.283220
0.193109
0.166338
0.180229
0.193189
0.199503
0.186514
0.255643
0.393686
0.329616
0.334289
0.259292
0.273739
0.255723
0.240164
0.206111
0.188666
0.195202
0.223549
0.231218
0.250437
0.193661
0.246336
0.293067
0.253498
0.212051
0.244821
0.226517
0.204810
0.234646
0.189095
0.211342
0.248368
0.240875
0.244179
0.201631
0.219044
0.178983
0.170603
0.189260
0.160256
0.234770
0.276617
0.236776
0.186557
0.209074
0.193020
0.229828
0.294826
0.242364
0.273340
0.218889
0.197461
0.215380
0.235844
0.250040
0.274542
0.275777
0.238068
0.268548
0.240044
0.241363
0.240117
0.208624
0.202354
0.190514
0.226826
0.235983
0.264058
0.225263
0.284429
0.245039
0.300164
0.284785
0.220394
0.182498
0.216307
0.202245
0.248692
0.279447
0.202518
0.259675
0.224838
0.220500
0.225786
0.243714
0.250349
0.271516
0.241423
0.223224
0.188369
0.217480
0.182883
0.232680
0.274585
0.236388
0.250814
0.215331
0.197013
0.219792
0.222701
0.224766
0.269031
0.257092
0.240529
0.219691
0.220175
0.226430
0.254370
0.213808
0.203224
0.274925
0.235363
0.263007
0.266616
0.289938
0.234691
0.192451
0.212148
0.206871
0.267411
0.228649
0.216629
0.235047
0.253571
0.223839
0.259989
0.274545
0.152945
0.238153
0.197915
0.216553
0.201943
0.172876
0.206056
0.213502
0.218722
0.273363
0.217454
0.175897
0.168658
0.159349
0.185392
0.221202
0.193623
0.198866
0.206117
0.199511
0.207609
0.211339
0.221650
0.242348
0.208767
0.208997
0.256882
0.217551
0.223566
0.285413
0.218623
0.255993
0.219678
0.267928
0.295844
0.333917
0.290077
0.231087
0.259754
0.252734
0.294663
0.259354
0.254465
0.257305
0.290869
0.249580
0.279764
0.297905
0.283394
0.227308
0.185741
0.143989
0.214508
0.234880
0.247422
0.269386
0.133486
0.198740
0.227579
0.293107
0.241573
0.197130
0.169062
0.294966
0.289663
0.266148
0.218866
0.199502
0.196245
0.215635
0.211698
0.204735
0.233962
0.244593
0.204815
0.216035
0.241475
0.243598
0.230045
0.219035
0.227816
0.217277
0.234715
0.202372
0.208676
0.209049
0.153926
0.199082
0.192457
0.189853
0.238003
0.276124
0.224746
0.244494
0.189250
0.246670
0.243373
0.245374
0.166501
0.264394
0.243542
0.221937
0.201831
0.212241
0.252358
0.272522
0.241458
0.200084
0.175975
0.213031
0.163840
0.175006
0.234910
0.224109
0.167173
0.178514
0.244788
0.192054
0.224963
0.196931
0.184700
0.204077
0.228076
0.206614
0.182085
0.194783
0.134867
0.210104
0.191786
0.195498
0.242425
0.169188
0.171205
0.216707
0.202970
0.219213
0.198840
0.233619
0.318085
0.215055
0.196953
0.212037
0.219020
0.204830
0.219059
0.239948
0.310405
0.252850
0.255712
0.274072
0.244237
0.289901
0.263180
0.214003
0.286817
0.241125
0.258458
0.231226
0.252671
0.250610
0.248972
0.222105
0.308311
0.262130
0.257814
0.237339
0.228509
0.241691
0.260262
0.269730
0.247099
0.255825
0.200404
0.207664
0.249546
0.218050
0.215461
0.294871
0.314315
0.321964
0.294596
0.260727
0.285655
0.247651
0.219417
0.252863
0.208848
0.195367
0.207903
0.313767
0.231827
0.221993
0.267193
0.253409
0.221698
0.234768
0.224588
0.200353
0.229440
0.267509
0.264318
0.272631
0.232287
0.237338
0.230562
0.178299
0.238209
0.281207
0.239081
0.239626
0.257582
0.209705
0.249305
0.201517
0.186640
0.252217
0.220812
0.179789
0.176772
0.183779
0.209193
0.216302
0.195274
0.183227
0.142057
0.207298
0.148965
0.190488
0.161447
0.172623
0.183480
0.149235
0.217158
0.241887
0.184192
0.217263
0.199643
0.166770
0.174196
0.191496
0.155765
0.193970
0.193181
0.214280
0.199834
0.196874
0.217972
0.334203
0.311661
0.310497
0.273746
0.321612
0.326463
0.287018
0.325849
0.262028
0.254668
0.170390
0.189983
0.170099
0.251047
0.270537
0.289519
0.164668
0.180971
0.220498
0.252510
0.249109
0.189006
0.205083
0.246538
0.238305
0.262149
0.249913
0.294981
0.234943
0.233426
0.257377
0.294343
0.200379
0.225451
0.266171
0.245125
0.178311
0.209008
0.195557
0.236639
0.180172
0.152732
0.174102
0.233938
0.249035
0.178735
0.193346
0.248155
0.218793
0.212111
0.202867
0.188829
0.197012
0.201796
0.223443
0.201961
0.169209
0.160891
0.188331
0.177201
0.189772
0.205610
0.159840
0.195103
0.163896
0.175288
0.159214
0.193611
0.194105
0.154807
0.203403
0.243998
0.191839
0.213436
0.172781
0.151122
0.212526
0.179117
0.160922
0.160269
0.162768
0.182907
0.181610
0.156573
0.177849
0.282114
0.234715
0.279853
0.298571
0.268051
0.221961
0.295923
0.318194
0.324027
0.191963
0.221742
0.243154
0.209702
0.225473
0.197745
0.185404
0.210816
0.244679
0.234814
0.255857
0.234626
0.279682
0.190108
0.234030
0.168350
0.231009
0.234697
0.146494
0.204000
0.253757
0.250108
0.233611
0.282621
0.234593
0.221345
0.248632
0.234548
0.158647
0.190947
0.217968
0.222333
0.202276
0.291763
0.222470
0.235316
0.183895
0.151822
0.186319
0.261020
0.235894
0.276633
0.268332
0.309192
0.270072
0.247633
0.242839
0.222247
0.218097
0.229095
0.233191
0.254632
0.285091
0.326510
0.300031
0.244192
0.325460
0.255748
0.239529
0.255573
0.281785
0.233574
0.222936
0.167583
0.201699
0.209683
0.185806
0.258965
0.276675
0.343858
0.271133
0.316940
0.234108
0.229246
0.196810
0.230725
0.243127
0.239645
0.199016
0.154703
0.217353
0.208517
0.152464
0.213400
0.203463
0.204195
0.215853
0.225938
0.235480
0.161933
0.178249
0.216357
0.217659
0.194204
0.238367
0.240772
0.193076
0.210385
0.164608
0.221749
0.203930
0.210178
0.218565
0.217902
0.178002
0.245996
0.224836
0.216143
0.184830
0.227321
0.179911
0.198836
0.213170
0.211838
0.225373
0.203088
0.221477
0.193077
0.194559
0.256774
0.237406
0.217741
0.162437
0.219046
0.222010
0.212173
0.229613
0.203799
0.225698
0.196874
0.217011
0.172464
0.238863
0.153777
0.195277
0.211559
0.262791
0.231162
