92	146	58	44
97	143	53	43
97	144	55	43
100	145	56	43
109	148	55	41
105	143	60	42
109	140	60	46
115	138	60	47
119	138	60	46
123	133	61	48
127	133	61	47
128	131	62	47
133	128	61	47
135	126	61	47
139	125	63	48
142	123	63	49
144	125	64	47
146	124	64	49
148	123	64	50
150	121	64	54
152	121	65	53
154	120	64	55
155	119	66	56
158	119	65	55
161	119	65	56
163	119	65	57
163	120	65	57
163	121	67	57
164	123	68	58
165	126	68	57
163	125	70	59
162	126	72	61
159	128	75	64
158	133	77	63
152	139	80	64
152	144	78	62
149	146	80	64
145	150	84	65
141	154	86	66
137	162	87	64
133	164	88	67
128	169	90	67
123	173	92	68
118	177	94	69
113	181	95	70
108	187	95	66
103	188	95	67
97	188	97	70
93	189	96	70
88	189	97	70
84	190	97	69
79	190	97	69
73	189	98	70
68	187	98	71
64	187	99	71
60	186	98	71
55	186	98	70
52	185	97	69
50	187	96	67
49	187	95	67
46	187	95	65
47	186	92	67
48	187	91	63
51	186	86	63
49	185	87	64
50	185	87	62
50	184	86	61
52	183	84	63
54	182	82	64
55	181	82	63
59	183	80	61
62	180	78	62
67	179	75	62
69	177	73	62
72	171	73	64
77	176	70	58
81	171	69	61
85	171	66	58
88	171	66	58
90	168	66	56
96	166	62	56
100	164	61	56
105	162	59	56
109	161	58	55
114	158	55	56
119	156	54	55
124	154	52	56
126	153	51	55
130	152	49	54
133	150	48	55
135	149	48	53
140	148	45	52
145	146	43	52
148	145	40	52
149	144	41	52
152	145	40	50
154	144	40	51
157	144	38	49
158	144	39	49
161	144	37	49
163	145	35	48
163	146	37	49
166	147	34	47
169	147	30	48
170	146	30	50
170	145	30	52
170	149	33	51
169	149	32	53
168	149	33	53
167	151	33	52
167	156	32	50
164	156	33	50
162	158	33	50
161	159	33	51
156	160	35	49
155	161	34	50
155	163	33	51
153	162	32	53
148	163	36	51
144	165	37	52
141	167	37	52
138	171	37	50
135	175	37	52
133	178	36	52
128	179	37	53
124	181	37	54
120	177	38	55
122	185	34	55
119	189	34	53
117	192	34	53
116	184	34	56
114	181	33	58
110	183	37	52
111	181	33	59
111	186	31	58
110	182	28	56
107	179	29	58
106	176	28	58
105	179	27	58
104	177	27	58
102	175	28	60
103	182	28	57
100	182	29	57
100	185	31	53
100	181	30	56
100	177	32	57
103	175	31	55
110	168	30	58
119	169	28	56
123	168	29	54
126	164	28	54
125	162	30	55
128	165	32	54
132	174	34	52
137	181	37	53
147	187	38	53
154	188	36	56
159	192	39	54
166	189	37	56
169	186	39	54
176	183	41	53
187	180	40	53
194	177	40	52
203	172	41	55
210	166	40	54
215	157	39	56
210	143	44	57
210	132	43	56
211	124	45	55
211	118	46	54
208	113	48	54
203	112	46	51
194	112	43	50
187	115	44	48
182	122	44	46
173	125	47	47
172	130	44	49
167	140	48	45
170	139	44	52
173	142	44	52
178	146	45	51
191	148	38	50
207	143	32	52
213	139	34	51
218	127	35	53
213	122	43	54
201	111	46	55
196	108	48	54
186	108	56	52
177	112	54	53
165	118	53	53
150	126	59	52
141	137	59	51
140	151	61	49
142	162	58	50
145	168	59	51
147	172	59	51
149	174	61	49
144	174	62	50
148	170	55	50
148	166	60	50
136	158	65	53
126	147	69	55
114	135	66	56
100	127	66	56
82	121	61	56
74	129	55	52
63	135	56	53
55	142	54	53
47	149	53	50
45	158	53	48
47	162	50	48
50	170	47	47
52	168	48	50
54	164	51	48
59	157	52	49
65	150	54	50
70	138	57	53
72	135	61	50
72	121	62	46
71	105	59	56
66	103	52	55
60	102	55	56
60	107	52	59
57	115	54	54
58	125	54	57
57	131	58	57
63	137	56	56
75	141	54	55
85	137	55	57
88	135	62	56
95	129	67	60
101	124	71	60
108	113	76	65
111	104	81	61
115	93	83	62
116	79	83	65
111	66	87	65
100	60	90	65
94	61	94	66
94	71	92	65
96	80	87	68
96	92	89	67
106	107	84	67
112	118	87	68
124	129	85	67
139	135	82	68
164	134	71	73
182	126	66	72
199	120	62	69
206	117	67	61
208	104	80	64
219	88	74	71
223	81	73	73
222	79	77	69
226	76	72	75
225	86	72	65
229	101	63	55
233	110	61	53
239	113	61	58
247	113	58	65
252	110	59	75
256	115	60	70
261	133	57	55
271	124	56	54
280	115	55	54
287	100	56	59
290	80	52	69
290	70	48	66
282	60	51	63
284	53	46	64
288	41	54	68
280	42	51	70
273	43	50	70
259	53	50	67
247	65	51	59
242	74	46	55
233	72	47	63
226	79	51	65
219	84	53	64
212	89	53	67
204	93	57	68
199	98	57	69
198	96	56	71
189	100	56	65
185	94	55	66
169	90	61	65
157	87	63	65
140	83	62	67
122	82	67	67
104	87	66	66
92	93	65	63
78	105	66	60
72	108	65	67
65	114	66	66
61	120	68	69
63	136	63	57
66	130	64	67
68	131	65	67
75	134	63	67
86	131	58	66
96	132	56	69
105	130	57	71
109	131	55	65
103	131	61	63
94	123	68	67
89	113	74	78
85	106	71	80
80	100	68	82
78	96	63	79
75	97	60	79
70	100	59	79
67	114	60	73
59	114	71	71
61	115	72	80
66	117	75	84
78	118	72	84
91	117	65	83
105	116	62	77
120	100	62	84
135	89	59	84
151	79	55	87
158	70	54	89
164	65	54	89
167	61	52	89
168	56	52	92
171	60	53	90
182	66	51	91
189	79	52	86
197	84	53	90
203	89	58	92
214	96	63	91
225	103	68	91
239	102	69	90
251	105	69	86
262	101	69	87
274	93	71	84
285	88	60	82
292	84	53	82
289	82	56	74
287	77	58	75
282	80	63	72
273	85	72	70
263	94	82	69
263	95	78	72
259	108	78	69
259	117	77	71
259	122	72	70
262	127	68	68
264	127	74	69
270	126	75	71
272	124	73	66
281	115	62	62
289	100	53	60
291	83	54	57
291	69	54	59
285	55	60	61
273	47	70	67
253	43	75	64
237	39	72	63
215	40	73	63
196	43	73	64
181	53	69	63
166	64	70	59
154	77	69	56
146	91	66	54
142	93	59	60
139	96	57	64
140	102	54	59
134	104	52	55
126	86	51	66
115	73	53	69
106	62	51	70
95	59	49	66
88	60	47	64
71	60	44	62
53	64	43	61
43	71	42	61
31	83	45	59
22	93	46	59
18	101	46	61
18	107	48	61
17	109	49	60
22	109	49	61
27	105	49	65
34	96	47	65
38	86	47	62
35	72	49	68
33	63	50	69
31	70	48	64
27	79	52	61
24	84	53	67
21	93	58	67
20	101	63	69
24	108	67	69
28	111	73	69
36	107	75	70
52	104	72	69
60	90	75	76
65	81	82	78
73	73	79	84
80	68	83	86
84	65	102	82
90	62	110	83
96	64	117	86
99	65	120	87
99	66	127	90
111	69	127	91
115	69	131	96
125	65	131	96
138	60	129	98
149	52	123	98
159	50	117	94
164	44	123	97
169	45	123	101
182	46	125	99
206	40	113	101
227	35	99	98
237	31	95	98
246	28	96	100
240	19	82	93
240	25	86	92
234	35	90	83
234	38	88	87
233	47	82	85
228	52	86	81
224	58	84	80
225	62	82	81
224	73	76	78
222	83	67	78
219	91	72	73
211	95	74	75
207	103	71	72
208	104	77	77
205	110	80	70
221	103	58	86
229	105	57	82
226	108	61	79
223	110	61	75
219	104	58	77
211	103	61	73
203	103	61	71
196	101	64	68
188	98	64	68
170	98	65	68
154	99	70	67
137	103	72	65
128	110	71	62
120	119	72	60
114	121	69	61
113	118	65	67
113	115	62	66
106	114	64	63
97	105	65	65
90	99	68	65
78	100	68	62
66	105	64	59
54	113	62	54
48	124	61	53
43	132	63	54
42	140	62	55
46	140	57	57
45	139	60	56
42	135	62	55
37	122	61	59
30	115	62	59
24	110	63	59
22	115	59	57
20	125	59	55
18	134	58	61
17	143	59	61
18	150	62	57
25	145	60	56
30	138	53	59
35	131	52	59
39	125	54	56
42	115	53	58
49	110	52	60
53	101	50	63
51	95	53	68
51	87	56	69
54	88	54	69
59	89	51	70
61	89	51	71
65	91	49	71
68	92	48	72
74	96	45	73
76	100	47	76
83	106	45	77
90	113	43	76
99	119	40	75
112	125	39	77
124	130	43	76
140	126	42	77
159	120	42	78
174	109	45	79
182	100	49	79
190	91	52	80
197	82	52	82
203	79	54	81
201	73	63	82
195	73	72	69
200	76	57	81
196	84	56	77
193	95	59	71
191	93	63	78
189	98	68	77
193	103	66	78
222	106	43	77
210	112	62	71
214	111	67	74
223	110	69	77
231	110	66	75
233	118	66	64
236	110	70	72
237	120	68	63
236	97	75	81
237	94	75	84
236	92	64	85
223	93	70	80
218	93	72	77
218	93	68	81
217	90	71	82
210	88	73	80
205	86	73	79
199	84	72	80
190	86	70	76
187	88	62	73
163	94	66	70
158	102	55	69
155	110	50	68
146	118	50	65
152	123	41	64
136	140	52	49
134	135	54	53
130	125	57	54
130	114	54	52
130	101	53	56
129	96	52	52
126	91	52	51
119	87	51	51
112	85	49	50
102	88	48	48
93	91	47	48
87	97	43	46
83	102	44	44
84	110	43	43
86	119	44	40
88	124	47	38
92	123	46	40
98	122	50	40
106	117	50	41
113	111	50	42
119	101	48	45
122	97	50	44
128	91	47	44
131	86	47	42
131	80	46	43
133	76	48	45
132	75	50	43
128	77	51	41
127	81	46	38
126	85	42	37
123	90	42	37
120	99	44	35
122	106	47	35
128	120	49	31
136	130	49	31
143	138	49	30
155	141	47	32
166	141	49	33
177	139	49	32
187	131	49	35
196	123	52	34
202	113	53	35
207	104	51	36
212	100	50	33
213	93	48	37
210	92	51	34
210	92	49	36
206	90	50	42
203	92	51	40
202	96	48	40
203	100	47	42
206	104	47	41
212	109	47	41
217	112	48	41
224	114	48	39
234	115	47	39
241	116	46	39
248	118	46	40
253	117	47	42
256	116	44	44
263	117	41	39
257	115	43	41
252	114	44	41
249	114	42	42
246	114	38	42
236	117	42	42
226	122	44	41
218	127	47	41
217	130	45	43
214	136	46	41
217	140	42	40
217	144	40	40
212	144	48	41
213	145	47	41
219	144	47	39
224	144	44	40
228	140	46	40
231	138	43	39
232	134	43	36
232	130	42	38
228	125	44	38
226	119	45	39
219	115	45	39
212	111	43	39
204	110	43	38
193	110	43	37
180	113	45	36
170	117	45	36
165	124	43	35
162	134	38	32
160	138	41	32
161	143	39	33
164	148	40	32
166	150	42	32
169	147	45	32
174	143	43	34
179	139	47	34
186	132	43	35
188	126	42	33
189	122	44	32
189	117	46	32
185	113	47	32
183	110	44	33
179	108	39	34
172	109	40	35
164	110	40	35
159	112	40	36
153	113	40	36
148	121	38	33
145	127	35	31
147	132	36	31
149	135	36	33
155	135	38	36
157	135	38	36
172	132	36	35
181	124	32	39
192	114	33	40
202	104	36	41
211	95	33	42
218	87	33	42
224	82	32	43
229	80	31	44
233	77	30	43
234	76	30	44
236	74	30	44
237	76	27	46
238	75	28	49
241	82	27	46
245	89	26	45
247	94	25	45
251	100	23	46
256	105	25	47
261	109	27	51
271	114	26	50
282	115	25	49
290	118	25	49
299	117	27	50
306	115	28	53
311	114	30	54
314	113	31	53
310	112	35	50
312	102	33	52
308	97	36	53
300	93	34	53
293	87	36	53
284	87	38	52
274	87	39	54
263	89	37	54
253	93	40	53
244	99	41	54
237	109	43	51
232	116	43	51
229	121	43	51
229	122	40	51
229	133	39	43
227	130	39	45
229	135	38	41
227	133	36	42
224	131	36	39
218	107	35	54
209	96	37	58
200	93	38	57
185	89	39	57
174	86	36	57
162	87	36	58
150	89	37	57
141	94	36	56
131	100	37	55
127	106	35	55
124	116	34	54
123	119	34	55
122	131	33	47
120	118	38	62
123	118	38	60
128	112	36	60
127	102	39	58
123	88	41	61
118	77	42	63
113	67	43	64
108	61	44	63
102	59	42	62
95	57	45	59
88	58	47	58
79	57	47	59
74	56	46	58
67	58	48	58
62	61	48	58
58	64	51	58
55	68	52	58
52	72	52	57
50	72	53	57
48	74	53	57
46	76	53	57
46	80	55	55
47	83	51	56
44	91	53	51
44	95	58	52
46	96	60	56
45	99	63	58
42	103	69	59
49	111	66	57
54	122	68	56
58	131	72	54
65	137	76	54
71	142	81	56
79	146	80	59
88	151	82	57
97	153	84	57
110	155	82	58
115	156	84	58
122	156	88	57
133	154	84	58
144	156	83	53
149	152	81	55
156	148	87	55
165	144	80	55
171	141	80	55
174	137	81	55
180	134	80	56
181	129	80	55
182	124	79	55
183	120	78	54
181	114	77	55
182	107	76	56
177	101	78	56
175	94	76	58
171	90	76	56
163	96	72	50
158	99	69	48
154	103	71	48
152	103	70	52
151	107	70	53
151	112	69	51
153	114	69	53
157	115	69	53
157	116	69	51
162	118	65	50
165	117	66	48
170	115	59	46
173	111	64	48
174	104	65	51
172	100	65	50
171	93	66	48
163	81	68	50
156	76	66	49
153	72	65	49
143	74	65	48
137	77	64	47
128	82	63	46
122	89	60	44
118	97	56	44
114	103	57	45
110	109	57	45
108	114	52	46
104	122	53	45
102	129	54	44
102	137	56	44
102	146	57	44
104	151	58	44
108	155	61	46
117	157	58	47
125	157	56	48
132	158	58	49
144	159	55	49
151	155	56	48
155	147	56	47
161	140	53	50
163	132	51	55
164	127	51	54
164	125	49	54
173	122	49	56
175	125	47	53
178	119	45	58
179	118	47	59
177	119	48	60
182	121	46	60
176	123	53	55
175	127	49	57
181	127	43	61
186	134	42	59
191	141	39	56
196	143	38	60
201	151	36	57
206	156	33	58
210	161	33	57
214	168	31	55
219	171	29	55
222	172	30	57
224	173	28	55
227	178	28	53
229	180	28	54
231	184	29	52
237	183	26	52
238	178	26	52
243	169	25	51
247	160	25	51
250	154	24	51
248	151	25	50
247	140	26	50
241	135	27	49
235	134	27	49
230	135	27	48
226	138	25	47
220	142	25	46
214	145	26	45
207	150	26	44
204	156	29	42
205	159	29	41
209	157	25	42
214	153	25	42
217	147	25	42
218	143	26	42
218	137	26	41
214	130	25	41
208	123	25	41
198	118	26	39
195	114	23	38
180	112	25	38
171	114	24	39
163	121	23	38
151	129	24	36
145	138	24	38
142	150	26	36
144	159	26	35
144	167	26	34
142	173	29	33
148	173	27	36
152	170	27	35
153	162	26	34
154	153	22	35
149	140	23	37
142	129	25	40
135	123	25	40
128	118	25	42
120	116	26	44
113	122	25	42
106	133	27	39
100	143	24	38
91	155	26	35
90	165	27	32
89	182	27	33
93	192	27	33
96	197	30	33
100	196	31	38
107	189	32	41
116	179	36	41
116	170	36	39
116	162	36	40
115	148	37	43
112	138	41	43
108	133	44	43
104	128	43	47
96	132	44	45
97	139	43	42
96	150	46	41
96	159	48	42
96	166	47	45
98	171	46	47
102	176	49	47
105	180	53	46
109	181	58	47
114	176	61	51
120	169	60	54
129	160	57	55
131	153	64	55
130	146	68	56
137	139	62	58
135	139	70	60
128	141	74	59
125	145	76	59
122	150	77	60
121	153	79	60
123	157	78	62
133	159	70	65
143	162	73	67
145	163	78	67
151	157	80	68
156	147	77	71
167	141	69	71
162	138	78	65
165	131	74	66
161	121	73	68
142	114	85	71
131	113	85	75
119	117	84	76
105	128	89	75
95	142	92	73
93	162	89	64
91	174	87	63
92	188	87	71
95	195	84	64
96	196	81	56
96	187	80	63
127	184	51	61
124	186	54	59
119	176	55	73
98	167	70	73
72	157	86	75
64	154	84	73
63	152	76	74
65	155	70	74
65	165	64	75
56	180	68	71
42	190	83	65
46	198	76	61
47	206	73	53
53	210	67	49
60	212	68	47
90	201	43	55
87	199	52	55
87	193	55	58
88	189	54	59
88	177	58	61
70	162	73	63
67	151	72	64
65	142	70	66
63	137	65	63
64	139	62	65
63	156	65	64
64	171	63	58
67	179	59	59
73	187	55	65
69	193	63	64
78	195	59	56
82	186	56	58
90	179	56	65
97	171	55	63
104	169	54	59
106	157	54	55
103	141	53	57
103	126	51	59
103	111	48	62
99	100	51	65
96	100	48	62
92	105	44	63
93	115	43	57
92	126	42	57
96	131	41	58
102	133	38	64
109	140	36	61
119	154	37	53
128	149	37	61
144	147	36	65
162	147	34	64
180	138	32	63
193	129	33	66
204	116	34	68
210	104	35	68
208	94	38	69
203	90	39	68
197	90	41	68
190	99	45	65
185	106	49	64
182	115	52	66
179	130	52	67
179	145	54	69
179	161	56	65
184	173	57	64
190	181	54	61
193	184	56	62
194	183	57	64
199	182	55	67
198	182	53	61
201	179	47	55
200	177	54	65
192	172	59	59
181	172	61	62
171	173	62	59
160	175	62	56
150	180	64	54
145	187	62	54
141	189	60	55
138	190	58	55
134	190	55	60
130	186	52	53
129	177	48	54
130	167	46	57
127	149	46	55
124	136	44	55
123	126	44	54
119	117	45	50
113	103	45	56
106	99	46	55
98	102	42	53
92	108	41	51
86	118	42	50
80	130	44	48
78	140	44	46
75	145	45	47
73	148	47	47
73	151	47	48
75	149	50	51
82	151	49	49
95	145	50	51
105	141	49	51
113	135	47	51
120	121	45	52
118	108	43	55
111	95	47	57
102	84	51	57
92	83	56	54
88	90	50	51
80	102	57	46
77	116	57	44
74	128	59	44
72	139	62	46
72	146	66	48
73	152	67	50
78	156	72	54
88	160	73	55
99	162	74	58
108	162	82	58
116	158	84	61
127	153	78	63
133	146	87	65
132	143	97	66
129	127	98	75
116	121	108	77
111	121	110	77
97	120	117	78
86	124	117	83
80	130	119	81
78	141	123	85
78	157	128	90
79	159	135	91
87	159	132	91
99	159	125	90
114	152	145	96
114	147	154	110
120	146	139	112
115	130	149	114
107	120	141	115
95	125	154	106
89	123	163	127
85	129	166	130
87	141	159	118
90	156	154	103
98	167	144	92
114	175	126	84
120	186	126	73
130	195	119	64
144	187	115	72
141	175	117	84
136	162	122	97
128	151	133	108
123	139	113	114
110	135	111	105
105	145	105	96
105	155	104	97
107	164	96	91
111	173	88	85
119	177	84	78
130	178	75	78
135	177	73	65
137	169	71	63
137	157	69	68
134	143	67	70
132	129	63	72
122	113	59	71
115	111	60	69
112	120	57	62
115	124	53	64
118	128	51	64
121	127	49	64
127	123	46	59
124	109	43	53
112	95	42	53
112	86	40	56
110	90	38	52
111	96	36	51
122	98	34	51
126	97	33	49
125	94	32	48
122	88	31	47
119	84	29	49
123	84	29	45
132	82	29	45
134	77	28	44
134	71	28	42
135	67	27	42
133	63	30	39
132	69	29	39
131	70	27	44
134	77	23	45
138	83	24	42
143	84	21	41
141	82	24	40
136	76	23	40
132	69	26	38
132	74	26	38
135	81	29	40
137	84	30	39
135	87	28	38
137	84	30	39
144	85	29	44
147	90	32	40
153	93	30	39
154	88	27	42
153	87	30	42
159	89	31	43
162	89	35	43
163	91	34	44
160	91	35	42
166	95	32	44
168	95	37	47
169	95	43	49
168	93	42	51
170	97	42	46
172	100	45	48
185	96	40	54
180	99	43	53
178	101	44	54
185	105	43	56
193	103	45	62
186	108	54	59
187	111	55	58
187	109	53	62
185	109	58	64
187	111	55	66
182	114	58	65
179	112	56	61
176	129	60	50
182	126	60	55
198	123	48	55
194	111	55	60
187	97	64	69
190	95	64	71
190	95	66	65
185	94	68	61
188	86	61	65
182	86	63	62
174	86	67	63
194	90	42	61
197	93	35	61
189	96	35	53
172	104	49	52
175	109	55	55
182	112	55	55
182	109	55	52
183	107	54	49
176	104	54	47
170	101	52	46
165	100	51	46
161	104	51	44
151	106	52	44
141	107	55	42
143	112	59	39
163	114	53	41
169	115	51	38
168	109	49	38
161	101	47	37
153	98	44	37
144	96	46	35
146	101	48	36
155	101	44	36
150	93	49	37
147	84	50	38
142	75	52	37
141	73	52	38
151	74	50	39
150	79	51	36
153	80	49	38
150	83	49	37
147	86	48	35
141	86	46	37
132	84	44	36
120	81	45	36
116	80	42	39
113	81	42	39
106	83	46	40
109	86	46	42
114	85	50	42
130	88	51	42
154	92	47	40
171	93	50	40
175	92	53	41
178	89	49	41
172	86	52	42
166	81	53	44
157	79	53	45
149	77	52	47
155	75	43	50
155	83	50	49
166	88	52	51
179	88	44	54
172	92	51	50
161	88	56	52
148	84	63	55
142	102	62	43
137	105	65	46
139	103	72	57
152	107	69	66
156	124	72	55
154	128	74	57
144	121	75	66
131	113	79	71
120	106	77	74
107	103	77	78
103	116	81	68
109	122	81	70
116	135	80	65
116	155	80	53
111	139	83	69
97	131	84	68
84	122	83	73
72	114	78	77
69	122	79	70
75	128	76	69
85	136	76	65
92	139	73	62
96	135	73	60
95	129	72	59
90	118	69	59
82	111	66	57
76	112	63	60
71	115	64	62
74	124	62	57
79	129	61	57
86	135	56	51
91	131	53	50
93	122	52	51
89	119	53	44
80	114	49	44
71	107	48	51
71	116	47	47
72	121	45	49
81	131	45	42
93	134	44	41
103	132	38	41
108	125	35	39
114	114	32	37
114	108	32	39
112	107	33	37
108	106	32	40
105	111	31	41
107	125	28	36
113	128	28	43
119	129	29	44
129	133	28	37
140	118	28	43
150	106	29	41
155	95	30	40
163	84	26	44
168	80	22	43
171	80	22	43
175	80	23	45
171	97	23	33
169	91	22	41
167	94	23	41
164	95	23	43
162	94	27	39
160	94	26	44
172	91	26	44
189	87	26	44
198	82	25	47
203	77	24	46
201	72	26	43
198	71	27	44
191	72	28	45
184	77	32	47
182	83	34	46
188	91	35	47
201	97	36	47
214	96	38	47
226	91	41	47
236	81	44	49
247	80	44	48
255	76	44	50
257	75	44	53
255	79	44	54
253	86	46	54
249	93	47	53
247	99	48	54
245	108	52	52
244	112	55	55
240	120	58	54
236	121	60	57
230	126	62	59
224	129	63	64
213	137	65	61
202	141	66	65
190	148	66	63
177	153	64	61
166	159	61	63
155	163	62	64
143	168	63	64
133	174	62	67
121	176	61	66
116	180	54	65
107	178	55	67
100	177	55	65
92	177	57	64
88	177	54	66
85	175	53	65
77	173	55	66
72	171	50	66
69	170	51	59
66	165	48	57
62	155	45	57
57	144	45	58
52	129	44	61
46	119	43	62
43	109	46	60
36	104	44	60
31	100	44	58
30	99	48	56
27	101	48	54
25	102	48	54
22	100	42	45
30	125	39	34
34	122	34	36
29	117	39	39
29	118	42	40
30	121	45	41
34	124	47	46
41	131	49	44
46	135	52	43
52	138	52	43
57	140	54	42
67	141	52	42
74	143	54	42
83	142	53	43
92	142	53	45
104	141	54	45
115	142	55	43
123	138	57	43
132	136	58	43
140	130	59	43
147	128	61	43
153	126	62	42
158	123	61	43
165	120	61	43
169	117	62	43
171	114	63	46
173	109	66	47
177	107	65	48
178	103	66	49
180	96	72	51
182	93	74	52
189	88	76	55
198	83	71	58
200	78	74	62
204	75	73	65
210	75	70	65
208	74	71	58
211	78	71	52
229	80	54	61
214	84	75	61
208	87	80	62
201	92	76	59
198	91	82	63
194	89	81	67
187	88	85	68
180	86	92	66
176	82	90	70
170	84	91	72
164	83	98	73
159	78	101	81
155	76	101	83
150	78	102	80
145	78	100	80
138	77	101	79
132	74	101	81
125	79	103	77
119	77	102	77
114	79	101	72
107	86	102	65
102	94	97	58
99	101	98	55
99	109	95	56
104	118	92	58
106	122	94	55
113	128	91	55
114	132	91	55
119	137	91	55
125	141	88	55
128	145	87	54
133	150	83	52
132	152	82	46
163	153	51	53
130	153	73	44
131	152	65	45
132	149	59	32
140	155	47	37
140	155	51	44
141	156	54	42
143	153	57	43
144	152	60	43
146	149	57	43
150	148	53	43
146	150	47	41
147	153	53	38
150	150	57	41
153	152	55	40
153	153	56	39
157	152	54	42
161	153	51	41
166	150	50	43
169	148	48	48
171	147	51	47
177	143	51	46
184	140	50	46
195	137	50	48
202	134	49	49
209	133	50	49
218	131	49	49
226	128	48	49
231	126	49	51
239	123	48	52
246	122	47	53
253	120	46	54
258	119	46	55
264	117	46	56
268	116	48	57
274	119	47	57
280	120	44	57
285	118	45	58
292	119	43	60
294	125	46	52
288	125	45	57
278	127	43	58
273	124	45	57
264	125	48	57
255	121	50	58
243	120	46	61
229	118	46	62
213	116	50	61
200	114	52	64
188	113	53	64
175	111	54	66
161	109	54	65
149	104	55	69
137	99	58	68
127	96	58	70
119	93	57	70
110	91	58	68
101	88	54	69
90	83	52	70
82	77	49	71
73	76	47	70
65	80	48	66
57	83	47	65
51	85	46	63
44	86	45	63
38	90	43	61
33	92	40	59
26	95	36	59
19	97	36	58
14	105	36	55
9	107	39	55
1	107	44	53
0	107	43	52
0	108	42	51
10	118	32	51
14	123	25	53
16	121	26	53
19	125	24	51
26	132	23	49
34	134	24	48
42	135	22	47
46	136	21	45
50	132	21	44
52	130	20	43
56	126	21	42
61	125	21	41
66	125	21	40
72	123	20	41
75	125	20	34
74	120	23	35
68	117	24	35
64	117	24	36
57	116	24	36
52	120	25	36
49	124	26	37
44	130	27	37
41	135	27	37
43	139	25	39
46	145	25	40
47	149	27	38
47	152	27	37
47	156	28	35
50	159	27	34
50	160	28	35
51	163	28	35
53	165	30	36
58	168	32	38
63	171	35	38
68	173	38	38
73	172	36	39
80	170	35	41
86	170	37	42
92	166	38	45
97	165	38	48
98	167	37	44
107	166	29	45
102	166	36	44
101	168	40	44
96	177	44	39
98	175	44	42
97	172	48	43
96	168	52	50
96	169	53	49
104	170	50	49
99	169	49	49
98	170	53	44
94	166	55	51
96	166	57	47
94	165	63	46
97	171	63	34
96	169	64	38
92	161	62	45
92	152	58	61
88	149	60	61
85	143	55	63
82	140	59	61
83	135	55	61
77	134	61	61
72	133	61	60
67	131	55	57
63	132	55	54
65	131	52	54
65	134	51	52
64	136	46	49
64	142	46	46
66	145	48	44
67	139	50	51
69	138	50	49
69	136	53	48
76	135	47	50
77	135	49	49
81	139	50	46
84	140	50	45
87	140	52	43
89	144	54	42
90	143	56	49
92	145	57	45
97	143	60	47
99	139	63	46
103	138	61	49
105	136	62	51
111	133	61	52
113	130	67	52
116	122	73	54
120	113	74	55
123	103	76	54
127	94	75	56
128	84	77	62
130	74	76	66
132	64	76	67
135	54	74	71
137	44	76	72
138	35	77	73
139	24	76	73
138	15	77	67
139	12	78	63
136	10	79	53
133	0	80	56
132	0	80	48
131	0	78	45
137	0	71	42
160	0	51	41
172	0	39	37
172	1	37	37
165	0	44	38
163	0	41	44
160	4	40	47
152	7	43	47
150	8	43	48
145	16	47	49
141	31	51	55
123	48	68	57
120	61	68	61
121	78	65	62
120	95	66	64
122	114	62	66
123	130	61	68
125	152	60	58
128	155	55	66
129	158	56	70
124	178	60	47
121	175	59	47
122	169	56	49
116	168	60	46
115	163	60	52
112	162	62	49
109	161	66	43
119	149	56	55
120	146	52	59
122	141	50	62
120	137	50	60
119	133	51	60
117	129	53	59
115	123	49	61
113	120	49	59
107	118	46	54
104	113	46	56
99	109	45	59
98	112	46	61
97	120	44	63
96	131	43	62
92	140	43	59
88	150	40	57
84	160	38	56
80	166	36	56
76	173	35	54
72	179	32	52
70	184	31	52
65	189	31	51
64	195	30	50
58	195	31	49
61	195	26	41
61	198	29	50
60	197	29	51
57	195	29	50
56	193	29	50
56	191	28	51
53	187	28	52
49	179	29	53
44	174	29	50
39	163	29	56
31	156	26	54
26	153	24	51
27	151	20	54
25	156	22	54
23	157	24	55
19	157	24	57
15	162	28	56
12	175	33	45
16	173	28	54
16	179	29	54
12	184	39	50
19	190	36	50
27	190	39	55
36	190	43	57
42	191	46	56
51	191	51	54
66	190	51	49
80	188	51	46
92	179	55	47
103	168	57	51
117	161	60	50
131	156	61	50
143	148	61	49
153	140	64	48
164	132	66	48
172	126	69	48
179	121	73	49
189	116	72	52
200	111	68	55
208	107	69	58
217	107	65	56
221	103	65	59
221	100	61	59
220	96	59	60
217	91	63	61
212	94	65	59
199	98	71	54
199	96	62	55
193	85	66	59
183	79	72	57
172	93	72	51
173	95	67	49
167	96	71	48
159	94	72	49
152	92	70	48
145	65	69	69
139	64	71	67
211	71	10	55
173	86	33	24
153	82	49	45
117	81	56	43
107	75	71	48
96	75	74	50
89	78	73	56
81	86	74	55
76	95	64	53
63	100	64	57
55	101	61	61
46	113	62	55
38	133	63	44
29	139	58	45
21	139	55	50
8	144	57	49
0	151	55	46
0	156	45	47
0	164	38	43
0	167	30	40
0	173	21	44
0	177	14	45
0	167	10	51
0	175	10	37
0	180	10	32
0	181	11	27
0	162	14	38
0	186	19	45
0	185	24	41
0	179	37	38
0	180	49	39
0	165	53	53
0	163	56	54
0	149	57	53
0	142	58	51
2	132	56	50
3	134	57	45
3	134	59	42
10	129	50	46
0	136	63	45
0	145	64	46
6	152	63	48
12	156	58	48
15	159	54	50
20	159	55	52
24	158	55	54
27	160	55	51
37	160	51	48
60	161	54	52
84	162	52	53
95	157	52	54
112	155	49	54
121	149	50	57
136	146	47	56
146	144	44	56
155	139	43	57
165	135	38	61
171	132	37	61
178	132	36	61
184	133	35	58
189	135	34	56
193	132	35	55
197	129	33	55
192	129	34	48
193	132	36	46
192	133	35	46
190	130	34	48
187	127	38	49
181	129	37	47
176	133	38	46
170	134	40	46
164	135	41	45
160	137	42	44
155	137	43	45
155	141	42	43
159	138	38	46
158	136	38	46
150	135	41	47
147	130	41	49
144	131	40	44
147	132	39	47
143	129	42	45
138	126	41	47
129	127	45	48
130	130	41	51
126	133	44	48
125	136	43	49
117	136	51	54
117	139	49	57
115	142	47	55
111	147	47	53
110	148	45	56
112	153	42	54
105	156	48	55
105	157	48	57
103	160	51	55
105	164	53	53
110	166	53	52
109	165	56	52
110	165	56	47
111	159	56	53
113	159	58	53
111	153	60	56
116	150	60	55
119	147	61	61
121	144	62	62
122	146	68	60
125	146	70	62
131	152	69	59
143	151	66	59
146	146	67	64
148	146	69	64
148	143	74	65
144	134	80	67
146	130	80	66
146	120	81	69
145	111	82	70
134	97	94	78
125	92	102	72
126	81	104	78
123	69	104	82
121	59	104	84
113	49	110	83
111	38	108	87
106	28	109	87
98	23	108	83
97	10	111	89
117	7	96	85
118	3	92	80
121	3	95	76
123	0	90	81
102	14	108	72
97	10	113	79
99	13	106	79
98	28	104	69
98	36	101	65
99	47	98	62
103	51	95	66
109	60	91	67
115	64	87	71
119	88	85	57
126	91	75	62
133	104	71	57
141	113	67	56
140	119	65	58
140	120	65	62
143	134	65	53
145	132	64	62
148	126	64	71
149	145	63	54
152	150	57	50
150	150	60	45
150	132	53	65
149	135	57	58
151	132	53	58
153	128	51	60
150	125	50	60
146	137	48	43
149	132	45	43
148	119	43	50
150	120	42	46
150	110	42	52
148	105	43	50
149	101	43	53
153	99	39	54
155	99	37	50
161	94	36	52
169	92	34	51
176	89	34	52
180	83	35	54
184	79	35	56
186	76	34	56
186	76	35	52
188	82	30	44
194	86	29	41
194	75	29	54
194	73	29	55
192	72	30	59
191	73	29	62
184	76	29	63
174	82	28	62
172	80	26	63
170	86	25	63
166	94	25	61
164	102	26	61
162	108	26	64
160	114	27	63
156	119	28	64
154	128	28	60
155	136	28	59
155	142	29	59
153	146	30	61
151	151	31	61
148	154	34	62
143	157	37	59
140	161	37	56
137	163	38	56
135	164	39	62
133	166	39	61
126	167	43	57
123	167	41	57
118	168	42	56
112	169	45	54
107	167	45	53
104	165	45	54
98	166	48	51
93	168	50	48
86	169	55	46
82	170	56	47
82	173	58	47
80	172	58	46
78	171	62	45
84	173	56	41
85	171	55	42
87	169	54	45
87	168	55	46
84	168	56	41
87	165	53	41
89	165	53	39
89	166	54	37
90	167	54	37
93	159	53	43
94	153	52	43
95	148	50	44
91	142	49	42
88	140	48	41
85	136	49	41
83	134	49	40
83	131	48	39
85	131	47	39
83	126	50	41
79	119	53	42
78	114	53	44
80	111	54	41
82	107	52	42
83	104	50	43
82	99	49	44
81	97	50	44
76	102	53	38
76	100	52	39
78	102	49	41
76	106	53	41
75	106	56	43
74	107	59	42
76	108	58	39
77	108	58	39
79	108	59	38
85	107	56	38
87	104	57	38
86	101	62	39
88	98	62	42
90	94	64	46
96	93	63	47
99	88	64	48
100	81	65	51
105	78	67	54
107	73	67	58
112	70	70	60
117	65	69	64
120	63	71	68
124	61	72	69
127	60	73	70
127	55	69	75
130	60	66	68
129	61	67	69
131	63	67	69
139	63	63	72
141	60	64	75
142	62	66	74
146	64	62	77
150	68	63	77
157	70	61	77
160	67	59	81
170	72	55	79
177	74	50	80
180	79	44	78
173	78	48	76
174	80	51	78
181	81	46	79
187	86	39	76
188	93	35	73
186	97	33	71
183	101	32	71
179	110	30	66
174	116	29	63
168	123	30	60
164	128	30	57
157	133	30	53
152	138	30	51
148	141	29	49
147	145	28	49
145	152	28	48
146	159	28	48
151	169	28	45
152	176	31	41
154	178	30	41
158	180	31	41
166	178	30	42
176	176	27	41
188	173	26	40
194	170	28	40
204	166	30	38
216	162	34	38
227	154	31	39
235	151	31	38
245	147	32	38
254	141	31	38
257	135	33	39
258	129	34	38
262	122	36	38
263	113	37	38
259	105	38	40
257	102	38	37
256	96	39	36
254	92	40	37
251	89	41	36
248	84	41	37
242	80	43	37
236	79	43	36
230	75	43	36
221	72	45	38
211	70	47	39
203	70	48	39
193	72	49	39
181	73	51	40
171	75	52	40
160	79	53	40
152	83	53	41
145	88	52	41
135	91	52	41
125	95	50	42
115	100	51	42
106	104	51	43
95	108	51	44
88	111	52	43
81	114	51	44
72	117	53	44
66	118	52	44
61	123	53	44
55	124	56	45
49	128	57	45
45	130	62	44
44	133	60	47
48	136	62	48
51	134	61	51
55	143	58	43
56	140	57	43
57	138	57	50
53	139	62	51
54	141	62	50
57	149	63	46
60	153	62	46
60	156	63	47
62	162	61	45
63	171	61	44
67	176	59	45
69	181	59	44
72	186	59	44
74	188	56	46
77	192	56	47
80	195	54	47
83	199	54	44
89	204	55	42
96	208	55	41
106	211	56	42
118	214	52	41
133	210	51	44
138	207	54	41
146	203	52	38
154	196	51	39
164	191	49	37
173	185	46	38
181	177	44	39
189	170	42	39
197	162	40	39
205	153	40	39
211	144	36	42
218	136	34	41
223	125	34	42
228	117	32	38
232	104	30	44
232	97	28	41
234	89	28	43
238	83	26	45
241	77	25	46
241	71	24	47
241	68	24	42
242	68	23	36
239	65	24	36
238	54	23	43
243	47	22	46
240	44	23	46
238	42	24	48
232	41	25	48
225	42	26	47
217	48	25	45
208	55	24	43
197	58	25	45
187	66	24	42
177	70	24	43
167	76	24	43
152	85	27	42
141	91	27	42
130	99	27	42
120	108	26	42
109	116	27	43
101	123	28	43
95	130	29	42
92	133	32	38
95	135	27	44
102	135	28	44
109	131	29	43
114	115	30	47
115	102	30	47
112	93	31	45
110	90	30	44
103	88	31	44
99	88	33	44
95	93	35	44
94	95	36	43
92	98	38	42
93	93	43	44
99	87	43	45
103	81	43	46
105	77	42	46
104	72	45	46
102	79	43	47
96	86	45	45
94	95	49	48
95	108	50	50
97	119	52	48
101	129	55	48
108	135	57	49
115	138	56	51
118	141	59	53
118	142	62	53
124	143	63	52
129	145	64	50
135	145	64	53
144	144	64	54
151	146	68	53
152	146	72	52
156	146	73	52
162	144	72	55
169	142	72	53
169	140	73	54
174	134	74	55
172	128	77	57
172	127	79	57
173	118	79	62
171	120	82	59
167	115	84	61
162	109	86	63
156	105	87	63
152	102	86	63
146	100	86	65
139	100	86	65
131	101	86	64
120	104	89	63
114	119	88	59
108	127	87	57
105	139	87	53
103	150	88	53
105	143	87	69
106	144	87	73
109	151	87	71
114	155	86	70
117	158	87	70
117	161	86	66
130	163	82	69
132	161	83	70
138	159	83	70
147	162	81	64
153	164	79	63
156	164	79	57
162	156	74	61
166	150	72	63
166	146	72	64
165	140	71	65
165	138	70	63
159	134	67	60
155	131	64	60
153	128	60	58
143	120	61	58
137	117	61	56
130	114	61	56
120	114	61	53
114	116	59	51
109	120	57	49
106	127	53	46
108	128	50	50
110	133	48	50
113	138	47	49
118	139	46	49
118	140	47	47
125	141	45	48
130	142	44	49
135	141	43	49
148	139	38	50
161	136	36	49
169	131	34	49
176	125	33	49
186	118	31	47
194	111	29	47
199	102	28	50
203	95	28	51
206	89	28	52
208	87	27	51
210	83	25	52
208	80	26	54
206	76	28	56
209	77	27	52
206	70	27	59
201	74	28	58
198	75	29	61
197	79	30	58
196	84	31	58
197	94	33	58
198	100	34	58
205	110	34	58
210	116	35	59
216	122	37	58
224	128	40	57
231	132	42	58
239	134	45	58
245	134	47	58
253	137	47	58
258	140	50	56
264	141	53	55
275	138	44	56
273	135	45	55
272	127	49	55
269	120	53	56
269	118	55	52
268	115	53	54
263	109	52	56
256	103	55	57
248	101	58	56
242	101	57	56
232	102	58	58
219	104	59	57
206	108	59	55
203	110	51	54
195	114	49	52
187	118	46	52
171	123	54	52
159	125	56	52
151	126	59	54
148	127	60	52
150	127	56	52
149	132	57	46
149	135	60	48
152	137	61	48
159	143	60	46
166	143	60	47
168	143	56	46
163	139	59	46
162	137	64	46
164	133	64	47
167	126	61	47
166	121	63	45
163	117	63	45
158	113	63	45
154	110	62	45
148	107	62	45
141	105	63	45
131	106	63	45
124	107	61	42
115	110	61	41
105	113	62	41
98	115	62	42
91	119	60	42
85	123	61	43
83	128	60	42
80	138	61	39
79	143	59	41
80	151	59	42
82	158	57	43
84	164	58	44
87	168	60	44
89	171	61	47
94	171	61	50
101	175	62	49
107	173	62	49
116	171	64	50
124	170	64	51
135	167	63	52
144	161	62	56
151	155	64	60
160	151	63	59
167	143	62	63
171	136	64	67
177	131	64	66
178	126	62	61
184	121	62	59
188	117	57	57
194	108	56	58
196	104	56	54
196	91	57	62
197	84	55	65
196	83	53	64
193	85	53	61
190	85	56	58
186	93	56	53
183	97	55	49
182	97	54	53
183	96	53	58
184	99	53	57
186	102	49	56
188	105	46	56
193	105	43	59
196	106	43	57
200	107	41	55
204	109	42	54
206	111	40	55
211	111	35	55
214	112	36	55
218	107	34	55
216	104	33	52
214	98	33	52
210	92	32	52
204	87	31	51
197	80	32	50
189	76	31	48
180	70	31	48
171	68	28	47
161	66	28	46
150	64	27	45
141	66	27	44
130	69	26	44
122	72	25	44
116	73	25	45
109	76	24	49
99	83	23	49
89	90	25	50
82	95	25	50
77	99	26	50
72	106	25	48
68	110	27	47
70	114	28	45
71	114	27	48
74	116	26	46
76	114	26	47
80	109	26	48
86	103	25	50
89	90	25	49
93	82	26	49
96	75	26	50
98	68	27	50
97	60	27	49
94	53	27	49
91	48	27	50
86	43	29	50
81	40	29	49
76	36	31	50
69	38	33	49
60	44	35	49
51	51	40	51
46	61	41	52
43	69	43	52
39	76	44	54
37	82	45	54
35	89	50	55
32	94	54	53
36	98	52	53
35	100	54	56
37	104	58	57
37	106	62	61
38	109	68	63
44	112	71	63
54	109	78	65
60	106	81	66
67	105	86	69
76	101	94	73
85	96	98	76
96	93	102	79
106	89	103	78
114	88	105	75
120	84	106	79
133	82	100	73
139	81	96	72
143	82	99	74
145	80	101	78
144	85	100	67
141	95	95	65
143	102	93	61
146	111	89	59
144	113	90	61
148	112	85	65
154	113	78	67
159	113	78	66
166	121	74	57
171	120	73	55
174	115	71	54
180	115	69	54
186	112	66	53
190	109	64	54
197	108	62	52
207	102	55	55
214	100	55	50
219	98	54	53
221	90	52	54
225	83	51	55
228	76	53	57
227	71	53	55
228	64	48	54
226	60	51	53
222	55	52	54
222	49	50	56
219	48	47	55
208	44	48	56
196	45	48	56
187	42	45	57
174	43	48	56
161	46	50	55
145	48	57	54
133	51	57	55
124	57	56	53
117	61	53	55
112	64	51	57
108	70	50	58
104	73	51	59
104	81	49	58
103	88	48	55
99	86	53	56
100	86	49	57
103	90	51	54
103	86	52	61
103	85	52	62
97	87	57	61
99	88	52	62
99	90	52	63
96	87	52	69
93	88	53	72
93	92	55	72
90	93	56	74
84	97	55	73
82	104	60	71
80	101	59	75
76	102	59	75
71	104	56	73
69	99	56	79
65	96	51	59
63	97	41	41
104	98	24	34
81	102	32	28
80	101	35	32
82	102	36	36
77	102	41	39
80	101	40	42
87	98	36	49
93	103	37	78
104	105	39	81
107	112	42	77
111	119	43	72
117	118	43	73
117	126	50	69
119	118	54	77
123	122	55	73
131	126	53	72
136	132	55	69
140	135	58	69
145	139	58	65
148	143	58	64
155	149	54	63
161	153	58	61
166	158	58	57
170	162	59	55
176	165	59	55
180	170	63	53
182	172	65	52
183	174	71	50
190	174	69	50
196	173	68	49
204	173	66	49
213	171	63	50
220	167	61	52
234	162	53	53
242	158	51	54
246	153	51	52
253	148	49	52
255	141	49	53
253	137	50	53
248	131	56	54
248	127	58	53
247	125	56	53
253	121	51	55
246	119	58	53
243	118	60	52
240	113	58	54
240	109	55	56
232	108	58	55
223	105	61	56
216	102	60	57
206	100	65	57
196	98	68	59
187	98	69	60
180	98	69	59
168	99	71	59
157	98	70	58
148	99	70	57
134	101	70	55
126	99	73	59
114	101	74	59
103	105	73	58
91	106	73	59
80	109	74	61
70	117	72	58
59	129	72	55
52	136	71	54
47	146	73	50
43	153	74	52
46	153	69	57
51	155	60	53
52	160	60	44
51	156	59	52
50	155	59	49
52	155	56	42
53	152	55	44
55	151	54	44
59	151	56	42
60	148	54	41
61	144	55	39
58	143	57	38
68	136	47	43
63	134	57	44
68	134	57	46
82	134	49	68
79	128	57	74
35	122	100	80
38	118	100	82
42	113	102	85
45	111	105	86
48	106	109	90
50	104	112	94
53	102	115	95
62	98	115	99
72	99	107	97
82	97	104	97
93	98	100	91
115	100	86	88
119	103	87	84
137	108	77	78
153	115	68	73
156	110	69	77
169	108	60	74
175	103	57	77
181	109	54	72
187	105	52	74
193	111	51	71
198	112	47	69
205	118	45	66
208	123	44	63
210	125	43	60
214	120	44	67
220	123	45	62
223	120	47	68
223	120	50	68
226	120	49	67
229	118	50	64
231	117	49	63
235	114	49	65
238	111	50	63
242	108	49	63
243	104	48	62
244	101	49	61
244	97	49	62
245	93	48	63
242	87	38	63
239	83	37	59
231	77	48	60
223	72	49	59
215	67	50	59
205	64	50	57
195	62	48	59
184	62	45	59
172	64	43	57
159	66	39	56
145	69	40	57
133	76	42	55
119	84	41	53
109	91	44	53
103	100	44	53
95	113	42	49
88	115	41	53
87	114	40	61
83	117	41	62
75	120	40	63
70	124	39	61
70	123	35	62
64	122	36	63
64	120	33	63
62	122	34	64
62	119	32	68
58	119	33	67
54	115	34	67
45	109	35	69
40	107	34	68
36	106	32	68
30	104	33	69
18	102	32	64
1	99	40	63
0	98	36	62
0	102	32	64
0	117	25	51
0	125	20	46
0	134	16	47
0	141	17	48
0	143	15	48
0	153	18	52
0	155	20	47
0	161	23	52
0	167	31	50
0	161	40	50
4	155	48	54
8	129	54	72
16	121	59	74
28	116	60	70
40	112	63	71
52	111	64	67
60	101	67	71
74	94	74	73
90	88	76	71
106	81	84	72
122	76	81	73
137	72	88	71
149	65	91	73
159	64	97	71
169	67	99	71
179	67	97	68
188	61	90	69
190	66	95	66
194	67	90	64
184	62	95	59
183	71	89	58
183	76	86	55
182	78	83	50
182	81	81	48
182	85	79	47
183	87	78	48
184	90	76	48
187	93	72	46
186	97	68	45
187	100	66	44
185	103	66	46
185	108	64	43
186	112	61	41
185	114	59	41
183	120	61	40
183	124	58	41
183	127	55	40
182	126	45	42
181	127	49	41
185	131	39	41
185	137	37	40
183	137	36	41
182	140	40	42
183	132	55	49
179	140	58	44
176	144	60	42
171	145	59	42
169	146	59	42
166	146	59	44
164	143	58	50
159	144	61	48
151	145	62	48
147	144	63	49
143	150	59	45
142	148	63	47
141	150	67	47
138	150	67	48
137	152	66	48
132	151	68	46
129	149	67	45
125	146	69	44
121	145	68	43
115	144	70	44
109	144	70	47
103	144	72	49
102	144	71	52
96	145	68	49
88	145	61	48
88	143	62	50
80	142	61	48
73	141	56	49
68	141	60	50
62	142	61	51
57	144	58	51
49	148	56	49
45	151	54	49
43	156	53	48
42	161	52	47
39	160	53	51
40	164	57	53
40	168	58	52
40	174	61	50
44	180	63	51
55	186	59	51
70	185	56	52
75	179	57	52
87	174	55	55
99	171	53	53
110	167	51	54
119	163	49	53
130	162	47	56
141	161	47	59
150	159	45	59
161	155	42	60
171	151	40	63
181	149	37	63
186	147	37	64
194	143	35	65
199	146	33	62
205	143	32	65
203	146	31	59
196	142	34	43
202	143	29	64
203	147	29	60
201	158	29	53
199	164	29	48
195	168	30	49
194	171	29	54
191	178	30	53
189	184	29	52
188	188	30	53
186	192	30	50
184	196	30	46
184	205	29	38
184	205	32	44
188	208	32	44
191	205	32	51
192	205	36	52
194	197	37	53
200	189	40	55
206	178	41	60
215	169	42	60
221	159	43	60
226	148	44	60
223	134	45	62
229	124	45	62
231	116	46	60
229	104	46	61
226	98	48	62
225	89	49	62
224	85	50	61
223	81	52	59
221	74	52	62
221	69	51	64
218	61	51	66
216	55	52	68
214	50	50	69
209	47	49	70
202	52	49	66
195	53	52	65
190	53	51	67
187	55	51	66
182	59	53	66
179	62	51	67
179	65	49	68
178	65	49	72
177	67	52	70
174	72	56	69
194	74	36	73
197	75	37	73
189	82	48	69
183	84	56	68
193	84	46	71
194	81	51	70
195	79	52	67
197	78	53	63
195	75	57	62
196	69	59	67
205	62	60	67
210	58	55	68
221	57	42	65
221	51	43	68
211	50	47	66
205	46	51	67
200	40	52	65
194	36	52	64
188	33	56	61
183	29	53	59
179	34	44	54
171	34	49	52
165	33	47	54
157	34	47	51
151	35	48	51
147	35	46	53
