0.026519
0.183205
0.149544
0.174499
0.152429
0.160594
0.196776
0.148990
0.161410
0.147516
0.167567
0.184024
0.185454
0.190790
0.201160
0.161836
0.174917
0.205207
0.189596
0.161885
0.172623
0.154355
0.158260
0.163788
0.148339
0.214689
0.208663
0.171915
0.173948
0.167000
0.136982
0.159548
0.162372
0.166909
0.222944
0.226932
0.169914
0.179623
0.158466
0.179075
0.144713
0.173873
0.151091
0.174044
0.184240
0.182207
0.173784
0.192985
0.155021
0.173727
0.171119
0.163704
0.176652
0.185657
0.167682
0.175076
0.177227
0.176570
0.190439
0.164454
0.200092
0.191567
0.159825
0.192242
0.171744
0.186343
0.159433
0.176512
0.182866
0.180765
0.178815
0.162946
0.183842
0.177583
0.182988
0.166565
0.188579
0.176544
0.168999
0.167287
0.181563
0.181329
0.199225
0.136566
0.171524
0.187667
0.202611
0.145071
0.197225
0.224888
0.177602
0.188639
0.170196
0.177532
0.159604
0.219899
0.227672
0.206713
0.178921
0.152276
0.218392
0.192848
0.190271
0.175682
0.184756
0.183596
0.226237
0.193839
0.196102
0.178939
0.186279
0.269753
0.189431
0.179673
0.201388
0.202033
0.167044
0.196939
0.238973
0.227396
0.283693
0.256071
0.254609
0.258603
0.202182
0.204777
0.215488
0.199399
0.195153
0.189821
0.147636
0.195350
0.175685
0.220185
0.212518
0.183176
0.165267
0.190728
0.208581
0.173030
0.202666
0.189240
0.256999
0.199802
0.207753
0.189877
0.195788
0.179576
0.176590
0.130093
0.185216
0.180561
0.163932
0.164438
0.138199
0.141527
0.176661
0.198128
0.168231
0.170255
0.174884
0.149412
0.155830
0.188302
0.191285
0.151738
0.159374
0.167491
0.146425
0.170445
0.178128
0.148537
0.187075
0.139303
0.149450
0.157483
0.162543
0.186233
0.167890
0.163160
0.145170
0.164013
0.156304
0.165843
0.167328
0.170915
0.150196
0.150472
0.134308
0.147894
0.145550
0.142569
0.156518
0.177180
0.149612
0.161402
0.154996
0.165481
0.178644
0.163007
0.124796
0.174367
0.146681
0.154806
0.169528
0.167844
0.163914
0.152148
0.166454
0.153366
0.155525
0.128439
0.121423
0.147799
0.106373
0.125530
0.132616
0.120519
0.114413
0.113227
0.106898
0.084797
0.113462
0.106986
0.097771
0.109519
0.118015
0.113931
0.101503
0.112883
0.162271
0.143500
0.118227
0.101575
0.115231
0.103237
0.126164
0.128998
0.122180
0.104213
0.099609
0.111786
0.099693
0.113440
0.093316
0.100271
0.110501
0.113143
0.113339
0.091943
0.122082
0.113316
0.103959
0.086860
0.104076
0.117277
0.097680
0.095305
0.097658
0.088916
0.096276
0.098902
0.105043
0.110777
0.098792
0.098905
0.098910
0.091082
0.125729
0.142279
0.133971
0.179349
0.171766
0.166282
0.166924
0.178062
0.126819
0.182471
0.130277
0.179268
0.171564
0.121437
0.144941
0.144091
0.175549
0.140732
0.150279
0.122913
0.161025
0.137415
0.164606
0.173767
0.138665
0.145069
0.161004
0.132529
0.130251
0.110651
0.103391
0.109949
0.111815
0.110633
0.105765
0.122786
0.198248
0.145366
0.176870
0.137626
0.147038
0.122575
0.118375
0.091975
0.083874
0.122049
0.129035
0.130378
0.145466
0.115920
0.140652
0.151290
0.149036
0.160420
0.167928
0.170251
0.195915
0.135098
0.140314
0.131466
0.132786
0.163985
0.159569
0.188479
0.221767
0.201311
0.214227
0.186157
0.177366
0.180642
0.122436
0.129333
0.175153
0.118785
0.126816
0.143707
0.107618
0.146408
0.134191
0.165402
0.139937
0.133527
0.161911
0.146767
0.150091
0.162472
0.133832
0.127559
0.107102
0.116970
0.150198
0.154311
0.147164
0.124202
0.166451
0.128893
0.158768
0.144889
0.123701
0.081723
0.106312
0.093688
0.097566
0.104314
0.096500
0.103718
0.096336
0.107251
0.119798
0.101949
0.115659
0.114119
0.118158
0.096666
0.110089
0.132871
0.113530
0.160808
0.113183
0.139625
0.109731
0.090253
0.130184
0.146013
0.129185
0.143158
0.146921
0.123924
0.142579
0.120483
0.125865
0.139696
0.127709
0.129332
0.132969
0.136477
0.127066
0.134252
0.118581
0.120676
0.134176
0.155140
0.139230
0.119392
0.126509
0.148426
0.108217
0.137530
0.105923
0.118720
0.097955
0.094141
0.125358
0.102654
0.126903
0.122014
0.110897
0.112772
0.103348
0.108586
0.116114
0.103464
0.112555
0.124882
0.117753
0.081656
0.107812
0.103822
0.110595
0.109922
0.111298
0.107321
0.104792
0.121701
0.098338
0.106097
0.113759
0.093559
0.104789
0.107663
0.150131
0.146639
0.198206
0.148878
0.150976
0.130653
0.162109
0.123968
0.139055
0.141223
0.191259
0.146719
0.137511
0.114875
0.102027
0.103644
0.107477
0.117062
0.103416
0.116138
0.121665
0.124067
0.106964
0.117347
0.118424
0.118521
0.155451
0.122824
0.109638
0.097308
0.138873
0.117326
0.134860
0.131727
0.137206
0.137684
0.145692
0.148151
0.130219
0.116457
0.147198
0.128054
0.112096
0.124830
0.100237
0.122399
0.154285
0.166978
0.140843
0.158064
0.114277
0.125959
0.108624
0.127026
0.136962
0.140151
0.149938
0.148618
0.133797
0.134336
0.090878
0.089053
0.102046
0.103496
0.106965
0.107644
0.102216
0.119212
0.095431
0.090201
0.083455
0.094846
0.111519
0.150189
0.116156
0.105432
0.143076
0.120344
0.167119
0.126340
0.144490
0.154222
0.145180
0.111181
0.125177
0.133561
0.112626
0.129902
0.134212
0.124931
0.168110
0.141451
0.143119
0.119924
0.147020
0.134265
0.120823
0.120420
0.142243
0.128542
0.147965
0.139497
0.114898
0.160721
0.134014
0.168011
0.122006
0.106449
0.108012
0.086956
0.099042
0.108084
0.102345
0.095870
0.127560
0.102817
0.100474
0.090861
0.099042
0.123124
0.104268
0.121368
0.098060
0.103950
0.104239
0.115718
0.108985
0.097214
0.112629
0.109592
0.135148
0.095751
0.101338
0.121109
0.161753
0.121099
0.102492
0.102553
0.097863
0.133788
0.122653
0.082241
0.123429
0.099087
0.107672
0.116679
0.085201
0.128333
0.142604
0.166623
0.184722
0.183311
0.149016
0.199270
0.237263
0.212909
0.218988
0.196391
0.223693
0.264180
0.216676
0.200203
0.173011
0.171849
0.166317
0.122759
0.122903
0.102337
0.107399
0.123385
0.121709
0.108259
0.126701
0.118404
0.120490
0.144302
0.176374
0.200366
0.179022
0.163238
0.173415
0.208386
0.198720
0.157296
0.174369
0.158141
0.144401
0.146916
0.175217
0.139838
0.144138
0.207045
0.178067
0.178807
