0.030697
0.259096
0.236848
0.258982
0.246096
0.270258
0.275820
0.259037
0.343040
0.334203
0.256046
0.253225
0.316407
0.280231
0.312413
0.274466
0.242493
0.332040
0.315354
0.269685
0.300777
0.331676
0.343717
0.241438
0.274731
0.317830
0.266427
0.222446
0.224189
0.197628
0.258848
0.295854
0.243654
0.287070
0.326249
0.226151
0.293417
0.265137
0.287570
0.284016
0.289758
0.263183
0.253060
0.248887
0.277774
0.346573
0.257663
0.264364
0.277560
0.275638
0.280800
0.241505
0.301140
0.250694
0.270419
0.246944
0.229600
0.295365
0.248203
0.260114
0.283267
0.298300
0.270890
0.292320
0.243052
0.286709
0.333755
0.285835
0.284059
0.277555
0.206248
0.214863
0.260113
0.261155
0.237679
0.198280
0.243642
0.203916
0.145839
0.202887
0.265592
0.238719
0.247597
0.266041
0.317976
0.287589
0.249898
0.274408
0.294788
0.251348
0.348123
0.239072
0.221259
0.247810
0.264755
0.266661
0.268612
0.277213
0.293544
0.293563
0.308779
0.281585
0.234861
0.272182
0.233013
0.296613
0.270711
0.212723
0.263396
0.260419
0.245922
0.262943
0.265347
0.222681
0.273135
0.321949
0.286911
0.291738
0.319629
0.318428
0.267471
0.281326
0.342710
0.319817
0.364436
0.304158
0.263326
0.301778
0.307669
0.294985
0.351733
0.381694
0.271624
0.309029
0.285397
0.349116
0.333841
0.207492
0.243773
0.290887
0.265510
0.217064
0.230886
0.199349
0.188191
0.201555
0.232172
0.290644
0.346785
0.305270
0.306864
0.210757
0.225041
0.193619
0.217703
0.283451
0.281178
0.286255
0.274738
0.292353
0.343292
0.313639
0.283778
0.265540
0.291402
0.275856
0.331309
0.255182
0.225708
0.270472
0.308585
0.366203
0.341303
0.278382
0.270117
0.293981
0.251199
0.233575
0.221251
0.249660
0.248438
0.282604
0.266138
0.310586
0.258524
0.295933
0.267339
0.306576
0.205587
0.174169
0.220514
0.293206
0.283545
0.276254
0.213958
0.225814
0.264357
0.282650
0.360669
0.328601
0.249157
0.275779
0.240353
0.295694
0.307590
0.254900
0.272649
0.294072
0.306015
0.335610
0.328019
0.298822
0.287855
0.267084
0.225720
0.276118
0.280609
0.228240
0.217105
0.243066
0.193675
0.214571
0.242107
0.272549
0.223189
0.213460
0.254295
0.282581
0.272356
0.278838
0.223272
0.305629
0.237096
0.264189
0.215795
0.234632
0.222280
0.264696
0.243379
0.248256
0.210363
0.201426
0.210058
0.178163
0.243632
0.333670
0.247906
0.222383
0.311020
0.314567
0.274004
0.305441
0.341516
0.358680
0.319120
0.248433
0.328551
0.329702
0.313799
0.314018
0.307017
0.263797
0.199567
0.215050
0.245935
0.198290
0.223356
0.226136
0.183570
0.242805
0.241246
0.252722
0.243575
0.220980
0.246409
0.203906
0.239564
0.209085
0.188672
0.180777
0.251780
0.241242
0.300382
0.309269
0.296292
0.315124
0.272549
0.243789
0.226330
0.261232
0.281769
0.288918
0.301839
0.270616
0.235723
0.235262
0.250646
0.307276
0.307415
0.275935
0.265913
0.281758
0.248717
0.329073
0.310450
0.271862
0.316463
0.292378
0.248005
0.266679
0.244870
0.208316
0.212315
0.263845
0.203855
0.174108
0.168795
0.206819
0.245491
0.238234
0.233598
0.211124
0.277768
0.233000
0.199475
0.238879
0.196818
0.193817
0.234083
0.225404
0.228116
0.329069
0.209011
0.227211
0.316823
0.258856
0.285779
0.297014
0.253598
0.239137
0.217468
0.212646
0.255706
0.272774
0.257263
0.240535
0.302824
0.227256
0.303465
0.301810
0.329097
0.243206
0.273444
0.283764
0.318164
0.335124
0.278033
0.326971
0.323323
0.355133
0.263635
0.270800
0.276153
0.328229
0.293463
0.304227
0.248468
0.278390
0.261988
0.306800
0.320759
0.235553
0.340718
0.306880
0.412779
0.337595
0.318852
0.374555
0.381438
0.418132
0.421388
0.367610
0.362098
0.307597
0.249804
0.220944
0.230669
0.241130
0.245113
0.257150
0.311431
0.247498
0.318407
0.279755
0.242456
0.225131
0.237413
0.215531
0.229471
0.203752
0.197849
0.235476
0.248007
0.192742
0.224577
0.193365
0.219647
0.211624
0.207005
0.213331
0.225595
0.250266
0.207794
0.221240
0.215310
0.209270
0.211494
0.236076
0.238984
0.237719
0.230251
0.216094
0.266977
0.311616
0.259946
0.376430
0.321896
0.531411
0.507991
0.417613
0.323228
0.377711
0.355457
0.427780
0.405117
0.394893
0.422697
0.430208
0.334970
0.409447
0.335547
0.372373
0.425944
0.449353
0.429754
0.427753
0.456967
0.386595
0.340765
0.350765
0.352036
0.400192
0.347635
0.305758
0.304546
0.248817
0.245206
0.308446
0.302311
0.377609
0.337347
0.421011
0.336311
0.410428
0.314571
0.365866
0.334348
0.376831
0.362324
0.423983
0.322070
0.319273
0.394755
0.444535
0.342303
0.357344
0.316691
0.291418
0.384309
0.355317
0.316666
0.384683
0.405147
0.380022
0.362985
0.421288
0.375465
0.285674
0.363876
0.264209
0.401744
0.336381
0.437304
0.305032
0.321931
0.434288
0.470102
0.367344
0.321828
0.366621
0.397294
0.353565
0.353302
0.354529
0.351928
0.296874
0.309352
0.382876
0.368921
0.318521
0.360637
0.310426
0.326461
0.373452
0.316369
0.356954
0.358723
0.372463
0.355934
0.359242
0.406351
0.333385
0.352028
0.337283
0.355148
0.377722
0.393614
0.336781
0.345597
0.332563
0.383105
0.367213
0.352072
0.362292
0.331759
0.333743
0.332989
0.389250
0.316931
0.389499
0.358483
0.412013
0.357427
0.369349
0.327420
0.356875
0.378176
0.372272
0.329636
0.288386
0.374240
0.342400
0.306237
0.404093
0.335051
0.386597
0.469452
0.407871
0.441595
0.472642
0.338946
0.449353
0.395671
0.371057
0.352558
0.336180
0.366000
0.375901
0.362960
0.329113
0.325430
0.393381
0.454577
0.324449
0.358076
0.444563
0.398538
0.460179
0.370457
0.427430
0.411090
0.508608
0.413012
0.538360
0.447353
0.451118
0.412992
0.372231
0.371109
0.387331
0.312027
0.395741
0.398612
0.403607
0.338683
0.337366
0.385547
0.339703
0.275179
0.287087
0.348559
0.397766
0.323862
0.431936
0.403090
0.329358
0.416334
0.436610
0.436882
0.390282
0.388742
0.405083
0.370259
0.468999
0.508142
0.442067
0.514890
0.393610
0.448680
0.395209
0.527291
0.462352
0.394295
0.415159
0.378887
0.323517
0.382235
0.347631
0.347203
0.363396
0.481805
0.430193
0.453702
0.481956
0.470830
0.366811
0.392689
0.473343
0.476257
0.305799
0.283339
0.383536
0.369743
0.330742
0.346525
0.329550
0.371623
0.399659
0.408651
0.422676
0.454495
0.453795
0.403472
0.385870
0.388744
0.367907
0.468283
0.479487
0.439760
0.405434
0.503141
0.474043
0.472619
0.408506
0.491964
0.538310
0.498035
0.397854
0.401470
0.360807
0.483164
0.374375
0.386836
0.446056
0.464649
0.512289
0.367038
0.379027
0.410867
0.459237
0.412523
0.355560
0.444729
0.467373
0.269943
0.411613
0.370775
0.368090
0.361247
0.381629
0.393629
0.412652
0.394802
0.375373
0.406460
0.420221
0.430597
0.443448
0.392762
0.382895
0.357333
0.340311
0.336421
0.404897
0.395572
0.424937
0.460914
0.491631
0.367510
0.364067
0.394903
0.366661
0.375922
0.481456
0.433453
0.378845
0.385410
0.401896
0.328101
0.267408
0.309240
0.323548
0.376561
0.318298
0.392450
0.394549
0.451924
0.433389
0.439385
0.371526
0.355243
0.303062
0.428971
0.392341
0.416300
0.340040
0.404291
0.430733
0.515453
0.371255
0.402252
0.423379
0.364901
0.420495
0.356092
0.360198
0.396026
0.440350
0.298213
0.390994
0.427253
0.474444
0.432724
0.327059
0.330104
0.379665
0.424693
0.332383
0.336001
0.398364
0.418939
0.427321
0.335198
0.318623
0.387201
0.349823
0.361430
0.304503
0.370531
0.510874
0.572432
0.453602
0.429420
0.460998
0.517657
0.308848
0.314345
0.334818
0.330939
0.324087
0.350694
0.370697
0.392666
0.357908
0.383885
0.354518
0.369468
0.384095
0.367445
0.302034
0.353117
0.271993
0.451369
0.329948
0.359142
0.494485
0.402599
0.347382
0.363215
0.318601
0.414807
0.411399
0.400219
0.387943
0.393071
0.311759
0.479452
0.383488
0.435468
0.483638
0.442438
0.337020
0.470778
0.455352
0.456446
0.472955
0.421987
0.366451
0.457695
0.502218
0.407819
0.375775
0.402394
0.460101
0.555897
0.452890
0.361861
0.433014
0.408660
0.442981
0.363806
0.495697
0.423662
0.403292
0.411040
0.424455
0.511003
0.463397
0.376461
0.464015
0.431722
0.452243
0.464916
0.428148
0.446751
0.464338
0.443068
0.327911
0.460812
0.475656
0.499108
0.510325
0.464455
0.432661
0.406431
0.529137
0.451418
0.388524
0.457934
0.374872
0.432339
0.410527
0.444466
0.448384
0.431055
0.466781
0.362046
0.417583
0.374428
0.462853
0.513395
0.325299
0.484307
0.384189
0.526201
0.427224
0.510339
0.424399
0.443293
0.330458
0.347724
0.425704
0.446328
0.373236
0.396408
0.530083
0.378499
0.316346
0.356489
0.482960
0.354477
0.518013
0.472474
0.388885
0.441917
0.397598
0.399444
0.399979
0.407099
0.452569
0.501891
0.503910
0.390211
0.368101
0.362350
0.455043
0.448565
0.395544
0.371102
0.417840
0.388023
0.350850
0.433048
0.476844
0.442569
0.380921
0.407398
0.478332
0.427286
0.302892
0.328902
0.364163
0.435399
0.456553
0.451927
0.443450
0.431554
0.342285
0.344075
0.302210
0.339971
0.391705
0.391796
0.432253
0.433018
0.357635
0.443532
0.390515
0.449677
0.419280
0.353820
0.404601
0.482624
0.471073
0.450820
0.419888
0.352366
0.422254
0.349563
0.377648
0.402773
0.361636
0.354109
0.342365
0.408262
0.310685
0.372096
0.304721
0.369209
0.452412
0.424200
0.463164
0.347145
0.386020
0.470060
0.331808
0.387320
0.315683
0.389263
0.405000
0.352594
0.320715
0.305393
0.363602
0.392884
0.348641
0.335666
0.342704
0.285787
0.404098
0.385884
0.405436
0.447514
0.475272
0.587238
0.404487
0.356453
0.379980
0.379277
0.382720
0.453387
0.370687
0.387078
0.376578
0.428561
0.392002
0.399243
0.470492
0.420569
0.363547
0.399873
0.387457
0.409021
0.426441
0.371500
0.427344
0.377001
0.430589
0.413000
0.337611
0.305353
0.301939
0.338602
0.387787
0.404449
0.370272
0.315378
0.383904
0.432896
0.468691
0.396175
0.375037
0.383824
0.504439
0.423812
0.365750
0.345586
0.427910
0.482399
0.399603
0.411600
0.403256
0.377974
0.283135
0.402349
0.452516
0.343917
0.392025
0.357929
0.356848
0.373303
0.403923
0.376458
0.434446
0.389375
0.402535
0.329186
0.388037
0.370175
0.337486
0.282678
0.290602
0.385031
0.358514
0.390873
0.315886
0.407333
0.334517
0.333806
0.283709
0.221857
0.270087
0.344980
0.333302
0.415759
0.342099
0.344673
0.336539
0.330579
0.338758
0.357215
0.422565
0.442969
0.447052
0.419157
0.326210
0.320297
0.371742
0.334529
0.337978
0.303143
0.226933
0.265169
0.327243
0.313367
0.326873
0.342168
0.384271
0.359267
0.424017
0.387368
0.415584
0.348171
0.397298
0.423200
0.316727
0.435786
0.310314
0.377322
0.475197
0.423847
0.470397
0.516535
0.445678
0.376875
0.319889
0.453125
0.484525
0.381782
0.495754
0.406265
0.496387
0.376394
0.415080
0.367005
0.464199
0.374658
0.358542
0.263240
0.323278
0.429660
0.443502
0.401596
0.370565
0.407464
0.479063
0.434353
0.446454
0.278913
0.355979
0.431943
0.443920
0.429423
0.425315
0.384645
0.312965
0.458035
0.413687
0.454944
0.312138
0.337437
0.285005
0.309175
0.483005
0.432330
0.450352
0.267385
0.303955
0.422755
0.367992
0.414660
0.405411
0.374164
0.310954
0.306256
0.386211
0.423282
0.519126
0.376837
0.364707
0.352342
0.408502
0.421126
0.388050
0.395257
0.431789
0.320790
0.278935
0.387945
0.332735
0.355245
0.437623
0.412094
0.355396
0.405993
0.353140
0.390328
0.435222
0.341336
0.351477
0.395631
0.388528
0.405148
0.387738
0.407089
0.380538
0.460249
0.310791
0.317071
0.410619
0.396654
0.370925
0.436571
0.401526
0.378280
0.342570
0.399174
0.394584
0.377680
0.354183
0.370888
0.271430
0.268042
0.317241
0.311518
0.392105
0.380725
0.370736
0.339687
0.380289
0.363675
0.411257
0.373551
0.414371
0.417763
0.408338
0.443432
0.410472
0.382320
0.432907
0.365018
0.311173
0.386028
0.446897
0.369722
0.412264
0.397308
0.338523
0.385274
0.397646
0.371899
0.364739
0.436026
0.386825
0.398676
0.423128
0.366827
0.388410
0.457928
0.406218
0.398257
0.462425
0.434222
0.492774
0.362558
0.346281
0.376342
0.413089
0.369282
0.379024
0.376762
0.327106
0.427268
0.388479
0.368868
0.397591
0.334302
0.384680
0.412365
0.355211
0.242399
0.302507
0.324140
0.419435
0.309077
0.359023
0.292138
0.330154
0.341794
0.371729
0.374156
0.410030
0.306499
0.334810
0.401062
0.334532
0.491540
0.367389
0.362828
0.388509
0.351071
0.327112
0.296802
0.231782
0.281749
0.363187
0.345792
0.288157
0.337835
0.325961
0.341983
0.312718
0.337331
0.343605
0.319431
0.349495
0.389350
0.395777
0.431515
0.473422
0.478237
0.383965
0.433452
0.434458
0.435689
0.408165
0.455230
0.402710
0.354264
0.350861
0.352653
0.379818
0.440393
0.458774
0.476312
0.369476
0.420490
0.421048
0.440690
0.442323
0.387768
0.367347
0.394224
0.372342
0.404071
0.357019
0.390703
0.352257
0.326941
0.439090
0.528584
0.438766
0.366291
0.475442
0.393795
0.378494
0.417666
0.455685
0.383880
0.384136
0.388535
0.335367
0.336090
0.353657
0.371786
0.430001
0.341769
0.319956
0.343399
0.301104
0.439304
0.326470
0.304238
0.416048
0.330606
0.358243
0.395413
0.384830
0.477118
0.391747
0.322181
0.328329
0.313734
0.385039
0.456532
0.391361
0.336110
0.444688
0.400345
0.340923
0.367926
0.261700
0.288389
0.386441
0.382220
0.334357
0.357792
0.376076
0.441377
0.425946
0.455943
0.385410
0.502722
0.481013
0.507826
0.420569
0.486841
0.446048
0.377646
0.547123
0.312654
0.368090
0.395961
0.431175
0.415130
0.312744
0.411072
0.415787
0.439849
0.372880
0.437934
0.416729
0.462977
0.408662
0.457839
0.477685
0.356174
0.429253
0.340279
0.447924
0.438673
0.460776
0.365697
0.289474
0.413814
0.447857
0.374245
0.407509
0.362172
0.372521
0.301787
0.248527
0.344118
0.324962
0.345078
0.275491
0.364779
0.511567
0.368317
0.340341
0.250571
0.469876
0.407311
0.435254
0.382171
0.333064
0.265499
0.267506
0.344115
0.386004
0.373254
0.332101
0.354518
0.383956
0.352191
0.363167
0.345384
0.243672
0.315665
0.314769
0.383524
0.398185
0.388886
0.316084
0.353884
0.327186
0.434736
0.398705
0.380736
0.277992
0.340892
0.418408
0.295704
0.377453
0.320584
0.415528
0.454933
0.338616
0.384952
0.456181
0.403640
0.354739
0.298037
0.349644
0.370977
0.413924
0.418421
0.603060
0.431020
0.351366
0.383749
0.484142
0.493021
0.511823
0.403243
0.282804
0.354844
0.434861
0.361983
0.432735
0.503500
0.440622
0.461399
0.301446
0.420170
0.379861
0.359468
0.367768
0.446176
0.375721
0.480634
0.384571
0.349321
0.348636
0.455043
0.262565
0.277830
0.453841
0.448370
0.383492
0.257096
0.289657
0.421083
0.310662
0.455863
0.386689
0.356284
0.297381
0.344623
0.326012
0.424222
0.357345
0.406518
0.379327
0.420490
0.332348
0.376169
0.395634
0.413785
0.378041
0.352524
0.344951
0.421212
0.411210
0.311469
0.280897
0.375612
0.437803
0.392459
0.394082
0.294584
0.339753
0.390070
0.409183
0.367020
0.376080
0.346362
0.325183
0.381681
0.363539
0.420096
0.349498
0.381752
0.425049
0.438814
0.440591
0.427985
0.441518
0.411236
0.410180
0.516684
0.474356
0.360655
0.419953
0.426856
0.448843
0.454385
0.360896
0.424764
0.375738
0.372482
0.324447
0.415606
0.370732
0.363059
0.363906
0.406750
0.366753
0.369796
0.345978
0.430494
0.423000
0.322998
0.377851
0.370221
0.278939
0.293596
0.388208
0.402448
0.363901
0.310817
0.399285
0.467314
0.365671
0.428015
0.348429
0.308329
0.367151
0.365334
0.303528
0.356598
0.443583
0.365944
0.369311
0.445415
0.451330
0.359122
0.282281
0.324496
0.455177
0.360290
0.464605
0.422813
0.397903
0.436903
0.318557
0.423989
0.460142
0.384100
0.395887
0.333195
0.268279
0.283962
0.377296
0.500158
0.407121
0.445550
0.357655
0.330283
0.380309
0.465087
0.431404
0.410293
0.439629
0.418643
0.473399
0.439946
0.391175
0.402819
0.369263
0.339326
0.433064
0.427437
0.392836
0.424959
0.580661
0.424702
0.413673
0.377210
0.354778
0.405736
0.412208
0.415452
0.423184
0.264600
0.372593
0.396659
0.394438
0.369221
0.329210
0.393704
0.340808
0.420587
0.353386
0.370212
0.330945
0.435311
0.506690
0.466013
0.478882
0.392767
0.382276
0.312607
0.365728
0.307773
0.390194
0.439880
0.357760
0.381657
0.273906
0.262379
0.240826
0.275361
0.286450
0.277211
0.369205
0.384052
0.339997
0.320456
0.376192
0.314963
0.388096
0.332955
0.324385
0.368528
0.382890
0.405170
0.368192
0.381728
0.404175
0.322165
0.378837
0.376065
0.274596
0.277761
0.255193
0.374191
0.370654
0.385818
0.449933
0.442593
0.399652
0.327490
0.406604
0.458149
0.462644
0.442501
0.421337
0.335079
0.349103
0.339659
0.369256
0.391850
0.395221
0.353891
0.357001
0.351502
0.392585
0.362465
0.338199
0.280110
0.373072
0.368196
0.394157
0.444223
0.487903
0.357938
0.363335
0.379596
0.314207
0.300447
0.308289
0.334865
0.312241
0.260612
0.384706
0.330417
0.389035
0.416337
0.283390
0.365243
0.289660
0.402352
0.403687
0.429539
0.478971
0.421266
0.398800
0.331895
0.301499
0.401895
0.374380
0.456363
0.457768
0.390725
0.435838
0.341105
0.271284
0.416129
0.337494
0.458102
0.465844
0.356554
0.436458
0.443731
0.428535
0.424235
0.334985
0.413248
0.399463
0.326118
0.244015
0.319580
0.310406
0.284028
0.354077
0.384684
0.335256
0.399034
0.325770
0.315147
0.294210
0.317471
0.364492
0.385349
0.460923
0.337874
0.320379
0.277691
0.376785
0.389492
0.455492
0.354471
0.407073
0.457461
0.432126
0.438240
0.480794
0.442302
0.406295
0.356985
0.350151
0.458001
0.375991
0.404020
0.351262
0.398361
0.343257
0.392542
0.400267
0.352906
0.310159
0.345763
0.306831
0.315906
0.400941
0.416888
0.533914
0.286968
0.354618
0.414049
0.379714
0.329670
0.315143
0.392874
0.380830
0.274734
0.337537
0.294073
0.365210
0.287883
0.399873
0.261776
0.281302
0.242968
0.326935
0.365959
0.475988
0.297014
0.383446
0.393030
0.340790
0.389855
0.392376
0.325075
0.406716
0.363072
0.379167
0.327863
0.432146
0.337404
0.440586
0.344339
0.289633
0.427041
0.258780
0.274762
0.326912
0.439538
0.365638
0.461223
0.447340
0.420324
0.377924
0.374861
0.478424
0.415561
0.401786
0.434623
0.393406
0.480277
0.366702
0.365147
0.413340
0.359144
0.389985
0.298190
0.413239
0.371550
0.483850
0.367251
0.341144
0.374589
0.435034
0.272973
0.375864
0.339067
0.284742
0.322280
0.337884
0.481972
0.322176
0.441089
0.450528
0.358388
0.313374
0.394875
0.379120
0.272143
0.345724
0.477400
0.472152
0.501314
0.426210
0.481423
0.478167
0.423319
0.437858
0.386042
0.337226
0.393522
0.405366
0.285735
0.402691
0.341377
0.389353
0.464906
0.450779
0.407055
0.418787
