0.007477
0.142949
0.122999
0.130979
0.146315
0.143735
0.131019
0.144489
0.129807
0.135607
0.136276
0.132750
0.280451
0.202267
0.236097
0.249761
0.194136
0.214545
0.199387
0.244913
0.203596
0.168872
0.210968
0.217315
0.179094
0.178418
0.219638
0.257535
0.216502
0.181188
0.246669
0.213468
0.251524
0.241679
0.191571
0.189876
0.160110
0.175316
0.187222
0.175958
0.193254
0.204892
0.202271
0.245510
0.211974
0.196306
0.160555
0.149912
0.239873
0.185192
0.245526
0.234727
0.215308
0.172229
0.192873
0.186788
0.188393
0.177791
0.192346
0.186000
0.193245
0.194668
0.213634
0.175145
0.153700
0.126890
0.138901
0.147343
0.156487
0.164798
0.155050
0.151996
0.145240
0.149162
0.141463
0.187559
0.147389
0.139078
0.162535
0.151811
0.156161
0.173200
0.151151
0.204356
0.162504
0.200537
0.181392
0.141774
0.176638
0.127664
0.216054
0.178708
0.182256
0.205473
0.186015
0.163275
0.225063
0.189825
0.205668
0.163050
0.173953
0.187016
0.171088
0.181275
0.190142
0.195043
0.175585
0.223549
0.189760
0.199776
0.178371
0.179070
0.226824
0.190162
0.152332
0.167206
0.163058
0.178638
0.172474
0.217938
0.167250
0.178783
0.144364
0.191551
0.192103
0.195611
0.184184
0.179082
0.192124
0.180623
0.189279
0.175676
0.181105
0.162803
0.208712
0.221830
0.175939
0.155370
0.168759
0.165015
0.182973
0.202144
0.158739
0.161649
0.140712
0.219131
0.204317
0.186411
0.201671
0.180326
0.177464
0.192801
0.189610
0.176441
0.213125
0.180321
0.177710
0.193120
0.145352
0.153244
0.169546
0.147807
0.163202
0.172468
0.256066
0.201331
0.180962
0.196735
0.180741
0.180476
0.162857
0.170310
0.189569
0.198923
0.220807
0.159075
0.135120
0.153075
0.158852
0.176134
0.162199
0.148211
0.158055
0.178919
0.173065
0.133349
0.185657
0.173744
0.157501
0.143847
0.151056
0.148493
0.122300
0.113256
0.123924
0.156087
0.194389
0.199238
0.208877
0.192072
0.173357
0.185079
0.191011
0.154235
0.145733
0.157108
0.173704
0.196999
0.178710
0.243006
0.219526
0.203667
0.221916
0.224469
0.174245
0.227085
0.132469
0.137002
0.170349
0.247836
0.275375
0.333966
0.365567
0.321385
0.369055
0.213181
0.206477
0.169034
0.215422
0.165522
0.163765
0.181815
0.205636
0.186873
0.182012
0.210763
0.228486
0.157574
0.163347
0.145027
0.152678
0.149627
0.160567
0.151636
0.167425
0.158831
0.135890
0.157687
0.166238
0.135543
0.157079
0.155936
0.132261
0.264103
0.171692
0.173088
0.154712
0.125755
0.172665
0.133321
0.136433
0.157931
0.174973
0.153868
0.141147
0.144320
0.200538
0.140754
0.152927
0.153285
0.119139
0.132545
0.141880
0.123666
0.150438
0.128719
0.122432
0.170462
0.147372
0.150094
0.196079
0.185445
0.155541
0.160933
0.150943
0.157292
0.142936
0.145738
0.168729
0.165126
0.177364
0.141495
0.166254
0.145165
0.166441
0.140349
0.190023
0.169058
0.165085
0.161258
0.182644
0.185535
0.186076
0.152667
0.166422
0.175297
0.201246
0.158802
0.142744
0.130652
0.169182
0.146849
0.179156
0.152045
0.149279
0.176476
0.180978
0.182719
0.158187
0.210803
0.168545
0.166847
0.195029
0.196534
0.130507
0.146645
0.169071
0.165532
0.152192
0.160552
0.129148
0.144678
0.172046
0.196439
0.144854
0.149313
0.191637
0.164730
0.138131
0.163005
0.135664
0.140756
0.153918
0.191629
0.148495
0.160596
0.201694
0.176876
0.187019
0.168135
0.161713
0.159913
0.136245
0.191456
0.201043
0.192650
0.193795
0.151286
0.152780
0.151823
0.159183
0.170933
0.201174
0.224460
0.249850
0.157950
0.138097
0.210795
0.183386
0.198072
0.200845
0.254535
0.240311
0.174130
0.290893
0.276706
0.286385
0.314563
0.301332
0.267994
0.348544
0.378322
0.381962
0.376693
0.337061
0.320011
0.246657
0.252749
0.228947
0.304398
0.273140
0.367702
0.273367
0.290330
0.295086
0.367205
0.401012
0.399356
0.526956
0.296263
0.250216
0.283170
0.443348
0.348865
0.341011
0.354842
0.270416
0.314896
0.417660
0.240077
0.361393
0.401450
0.232641
0.199125
0.222955
0.231231
0.273130
0.193205
0.199650
0.276731
0.253185
0.221589
0.299079
0.265214
0.337218
0.318105
0.324924
0.306761
0.254669
0.224002
0.167929
0.253697
0.285687
0.228411
0.195070
0.174000
0.216076
0.267540
0.252228
0.173513
0.226927
0.184035
0.168611
0.158038
0.154244
0.231183
0.186830
0.248621
0.213087
0.220963
0.209613
0.218705
0.243074
0.260484
0.360386
0.214846
0.167289
0.177635
0.206922
0.200853
0.279234
0.222064
0.243807
0.269366
0.208902
0.243378
0.242268
0.203026
0.216263
0.190214
0.188570
0.263100
0.168622
0.143714
0.192682
0.220262
0.191350
0.184438
0.222811
0.183813
0.207213
0.162584
0.206102
0.237915
0.212880
0.165337
0.182010
0.199548
0.195024
0.215873
0.174006
0.168006
0.172143
0.161627
0.183187
0.156315
0.178552
0.181851
0.186172
0.183623
0.192753
0.158075
0.189380
0.178624
0.220264
0.211372
0.262852
0.218315
0.219449
0.310358
0.197420
0.203660
0.207324
0.175930
0.216236
0.171136
0.197724
0.177599
0.188585
0.148486
0.191086
0.180401
0.192160
0.236688
0.214676
0.178484
0.185221
0.166349
0.141920
0.188955
0.207842
0.182485
0.171237
0.159558
0.190387
0.188329
0.186607
0.182664
0.192447
0.177156
0.195969
0.162944
0.145852
0.170593
0.151088
0.153857
0.149288
0.134549
0.139852
0.145036
0.123406
0.140764
0.170919
0.153037
0.183452
0.166653
0.143682
0.166255
0.182113
0.169327
0.162848
0.161507
0.188989
0.221946
0.191192
0.186597
0.175651
0.160716
0.149623
0.174908
0.151889
0.148771
0.162334
0.134783
0.186798
0.134519
0.179968
0.158666
0.181416
0.185055
0.198693
0.229306
0.147850
0.181015
0.179206
0.186825
0.172779
0.189643
0.206665
0.190692
0.181813
0.186944
0.212112
0.192184
0.166057
0.169153
0.187012
0.170724
0.202754
0.171802
0.192293
0.184555
0.176597
0.174592
0.162750
0.199940
0.204250
0.178333
0.163510
0.165842
0.180480
0.167965
0.174666
0.178041
0.178395
0.205593
0.160903
0.144627
0.162344
0.190129
0.183082
0.177280
0.161901
0.148479
0.179141
0.145731
0.210362
0.185534
0.174428
0.193937
0.158720
0.183534
0.209216
0.232616
0.209419
0.202319
0.176199
0.178873
0.169786
0.128533
0.147772
0.161972
0.162075
0.198437
0.159729
0.176650
0.123064
0.118505
0.161339
0.169008
0.147285
0.174085
0.180719
0.217055
0.162073
0.186660
0.190101
0.188424
0.225167
0.196033
0.168284
0.202020
0.165440
0.165386
0.200965
0.182073
0.168341
0.202014
0.332816
0.215878
0.335051
0.330298
0.301208
0.221370
0.202749
0.247977
0.237522
0.168571
0.187043
0.217900
0.216804
0.219320
0.217024
0.225786
0.214138
0.218345
0.184362
0.186363
0.190324
0.214061
0.151468
0.200616
0.208492
0.211634
0.202052
0.211228
0.190598
0.194782
0.230350
0.204616
0.220042
0.190762
0.219145
0.174342
0.213157
0.196272
0.191425
0.154331
0.162784
0.171838
0.165207
0.192479
0.171639
0.235314
0.246970
0.206221
0.191630
0.157327
0.163726
0.226386
0.152192
0.167312
0.150896
0.185050
0.212345
0.301499
0.224827
0.178723
0.210226
0.220986
0.226054
0.188848
0.197270
0.193240
0.173504
0.190229
0.242500
0.208654
0.195148
0.173393
0.203012
0.168201
0.190485
0.234971
0.152659
0.199896
0.152004
0.215428
0.182612
0.166009
0.168716
0.170876
0.233136
0.214968
0.177902
0.189773
0.175278
0.181582
0.174718
0.227724
0.160691
0.210395
0.231207
0.154949
0.196161
0.187721
0.209536
0.182160
0.248318
0.188213
0.210639
0.272545
0.196884
0.230293
0.286299
0.185080
0.199440
0.178487
0.177660
0.161133
0.176691
0.189688
0.165825
0.190802
0.144567
0.127551
0.142855
0.142315
0.183900
0.205881
0.168836
0.192837
0.209557
0.184404
0.193999
0.164975
0.184751
0.194420
0.202209
0.174721
0.160451
0.148311
0.183742
0.206337
0.214353
0.193679
0.210974
0.177313
0.192142
0.191376
0.198840
0.179884
0.168184
0.175492
0.173691
0.160013
0.179022
0.202592
0.154969
0.165199
0.144072
0.146928
0.149132
0.149537
0.250108
0.205452
0.183465
0.175306
0.163182
0.162656
0.153778
0.164466
0.178470
0.155824
0.153721
0.182563
0.172719
0.183521
0.169923
0.184632
0.131886
0.139733
0.172439
0.233080
0.193799
0.178659
0.187360
0.168643
0.162136
0.201692
0.198107
0.228058
0.210949
0.201620
0.200152
0.205418
0.170474
0.221449
0.160389
0.177944
0.202272
0.149313
0.160222
0.223672
0.178646
0.206113
0.179641
0.211058
0.186960
0.205932
0.180265
0.181118
0.215311
0.181906
0.193993
0.195715
0.233441
0.233343
0.178750
0.191564
0.221089
0.182514
0.180886
0.183131
0.188018
0.205332
0.156530
0.187284
0.166716
0.182096
0.204528
0.167934
0.152751
0.138597
0.146558
0.166404
0.179512
0.161054
0.141860
0.146090
0.165462
0.143377
0.125315
0.146256
0.165132
0.154438
0.176642
0.174968
0.204194
0.172009
0.195031
0.175984
0.185444
0.162738
0.157866
0.175553
0.194710
0.192933
0.203515
0.212333
0.195452
0.204077
0.182798
0.186450
0.169946
0.169732
0.183888
0.176788
0.205292
0.173568
0.177976
0.171762
0.207451
0.193795
0.205617
0.188036
0.209357
0.203933
0.175377
0.161406
0.194203
0.172725
0.170142
0.183097
0.182007
0.167562
0.187770
0.181482
0.181494
0.159056
0.204168
0.175097
0.169990
0.212953
0.172720
0.188750
0.155067
0.174488
0.182301
0.196798
0.189133
0.172745
0.177563
0.154251
0.168656
0.209881
0.228815
0.239802
0.213965
0.199494
0.169155
0.155023
0.182103
0.182233
0.147408
0.157668
0.162620
0.181512
0.188906
0.176520
0.170532
0.196039
0.171841
0.192179
0.187203
0.154731
0.173724
0.166461
0.210483
0.201158
0.215417
0.229173
0.200624
0.237695
0.217600
0.284973
0.275143
0.247868
0.288007
0.184617
0.160055
0.212282
0.198012
0.161922
0.173076
0.218108
0.188085
0.214451
0.168496
0.153500
0.157321
0.209955
0.189136
0.207044
0.142481
0.164329
0.187654
0.170537
0.213042
0.151859
0.134555
0.163012
0.138827
0.195164
0.178770
0.164913
0.175497
0.185747
0.171403
0.177325
0.182238
0.177428
0.134502
0.169426
0.184191
0.176175
0.141593
0.141098
0.182627
0.207150
0.168403
0.224785
0.169573
0.171371
0.158901
0.141220
0.176574
0.172342
0.174176
0.145798
0.145195
0.199842
0.148570
0.189366
0.147772
0.158731
0.158298
0.164458
0.155691
0.227597
0.180673
0.132385
0.145345
0.135388
0.188035
0.160854
0.145289
0.165765
0.207418
0.153280
0.148064
0.135182
0.194608
0.160973
0.164752
0.173855
0.217604
0.179767
0.234818
0.384342
0.264135
0.321844
0.279474
0.231410
0.180105
0.212096
0.193712
0.251080
0.190035
0.211376
0.163134
0.180703
0.206969
0.196560
0.183780
0.153458
0.171210
0.188638
0.205193
0.190622
0.182947
0.157753
0.175326
0.166069
0.164278
0.144856
0.146851
0.135400
0.163113
0.198709
0.183110
0.183367
0.174121
0.143262
0.180982
0.129650
0.151287
0.180384
0.205198
0.198067
0.220135
0.188939
0.166568
0.181898
0.158860
0.173057
0.177511
0.163579
0.174834
0.169948
0.209266
0.202490
0.194865
0.161093
0.166460
0.179362
0.157656
0.173306
0.187444
0.179795
0.161872
0.205457
0.185361
0.195180
0.252919
0.179183
0.178602
0.177592
0.180524
0.178812
0.191872
0.155778
0.234224
0.203291
0.190084
0.172939
0.224415
0.221612
0.212988
0.181221
0.213458
0.203412
0.202531
0.193352
0.196736
0.169770
0.251276
0.199488
0.178755
0.206396
0.229582
0.203070
0.169721
0.177069
0.135330
0.183388
0.238408
0.274223
0.236741
0.198713
0.210317
0.210582
0.175410
0.201855
0.247460
0.209277
0.174545
0.164613
0.155288
0.171001
0.162263
0.158278
0.163228
0.175797
0.172922
0.180112
0.159893
0.182261
0.182804
0.200209
0.199915
0.191638
0.169517
0.171603
0.174973
0.160105
0.212035
0.183411
0.202386
0.196413
0.225616
0.180074
0.212184
0.211308
0.188490
0.231787
0.263692
0.196357
0.202342
0.160363
0.161133
0.184970
0.152898
0.166426
0.148084
0.209405
0.195392
0.214534
0.204689
0.239332
0.200282
0.242446
0.235821
0.260517
0.266638
0.223976
0.210456
0.206737
0.201981
0.179943
0.178276
0.189968
0.183784
0.192894
0.200778
0.218312
0.189930
0.227513
0.180268
0.177524
0.176859
0.163986
0.159024
0.143238
0.149252
0.145348
0.129219
0.135741
0.206632
0.156064
0.167668
0.189955
0.210216
0.210432
0.199600
0.171089
0.180578
0.163425
0.157747
0.183074
0.185725
0.175122
0.184594
0.203878
0.184546
0.149413
0.176582
0.165255
0.158931
0.178124
0.194026
0.172465
0.189314
0.196820
0.199455
0.170438
0.187213
0.165135
0.183892
0.171329
0.151430
0.145263
0.184898
0.202179
0.212497
0.205744
0.161765
0.189961
0.203831
0.205137
0.189045
0.270849
0.186230
0.178854
0.165604
0.166032
0.153550
0.156687
0.189599
0.167219
0.171409
0.173476
0.143136
0.164854
0.179289
0.188051
0.183678
0.184121
0.148394
0.189270
0.166189
0.186429
0.163233
0.159477
0.126249
0.155974
0.172685
0.173375
0.228837
0.199648
0.157906
0.251991
0.228325
0.193281
0.154969
0.199550
0.187887
0.204957
0.150688
0.158240
0.162946
0.152370
0.184677
0.189828
0.166549
0.154981
0.154152
0.157019
0.178119
0.185030
0.182354
0.172161
0.188075
0.171700
0.163004
0.155113
0.173941
0.165443
0.162219
0.184456
0.185071
0.189169
0.141806
0.189257
0.171221
0.186750
0.234884
0.220906
0.234118
0.171548
0.176368
0.185966
0.139183
0.193500
0.183188
0.234625
0.257540
0.227027
0.177058
0.167469
0.187427
0.217739
0.215680
0.187210
0.150825
0.149305
0.177214
0.221424
0.201328
0.179494
0.164343
0.176702
0.178842
0.144241
0.150350
0.177392
0.182823
0.179747
0.184239
0.149795
0.182055
0.179024
0.185906
0.175198
0.181895
0.138423
0.196411
0.160923
0.204125
0.159221
0.161568
0.145105
0.155926
0.191203
0.197205
0.167989
0.180631
0.170886
0.194784
0.212236
0.183389
0.167066
0.168388
0.172307
0.179944
0.140578
0.200520
0.209129
0.183441
0.146730
0.149894
0.180083
0.150504
0.153700
0.179318
0.157099
0.186645
0.158075
0.159756
0.113744
0.128111
0.170164
0.304383
0.207788
0.167077
0.147218
0.210570
0.152540
0.190085
0.215425
0.128664
0.163448
0.164401
0.201621
0.180679
0.172589
0.163108
0.190325
0.175644
0.188449
0.207650
0.164750
0.177491
0.186596
0.195776
0.165628
0.185451
0.188119
0.200874
0.200804
0.182613
0.199176
0.156550
0.184499
0.202117
0.211019
0.193059
0.188908
0.205469
0.177952
0.195978
0.162906
0.180604
0.189549
0.168322
0.161169
0.146085
0.169173
0.197468
0.180785
0.210381
0.185299
0.175613
0.150517
0.167157
0.201562
0.210361
0.229768
0.246826
0.208426
