0.010066
0.264523
0.278631
0.208148
0.182699
0.202055
0.208334
0.273791
0.259486
0.272183
0.301081
0.307091
0.212970
0.263735
0.284296
0.252557
0.205914
0.231448
0.220720
0.303497
0.253625
0.199174
0.174176
0.255689
0.234025
0.184886
0.183129
0.163253
0.248866
0.261485
0.234375
0.281443
0.239432
0.212780
0.236794
0.255406
0.194454
0.248629
0.215551
0.225413
0.274263
0.261987
0.224237
0.264693
0.258828
0.247042
0.251632
0.285199
0.266570
0.189130
0.272662
0.260161
0.272162
0.267352
0.260390
0.274011
0.261900
0.312852
0.284647
0.314031
0.289453
0.238539
0.255536
0.305764
0.224001
0.189408
0.214714
0.227049
0.258626
0.226264
0.201828
0.161672
0.196310
0.196131
0.214354
0.237723
0.242283
0.261654
0.292329
0.269429
0.291178
0.198600
0.276243
0.324508
0.335691
0.368972
0.262083
0.246494
0.209772
0.208030
0.181217
0.241478
0.218403
0.203235
0.206777
0.225341
0.309963
0.265869
0.253900
0.301845
0.208232
0.211733
0.221712
0.171375
0.194961
0.196131
0.200958
0.199498
0.236727
0.202549
0.252617
0.264583
0.180980
0.266821
0.217685
0.261237
0.245712
0.263092
0.227058
0.248714
0.217882
0.203221
0.221663
0.184815
0.177249
0.230391
0.256272
0.278402
0.195462
0.204438
0.268576
0.295794
0.229883
0.210855
0.229840
0.214879
0.162041
0.180078
0.187238
0.231883
0.269979
0.206497
0.259435
0.270403
0.287936
0.251737
0.206219
0.229405
0.245748
0.184927
0.240864
0.285036
0.274765
0.219113
0.273211
0.255217
0.298620
0.279591
0.230886
0.161829
0.195517
0.244665
0.251738
0.186304
0.274729
0.191958
0.210445
0.255383
0.290542
0.220713
0.146828
0.183453
0.198066
0.243969
0.300650
0.240963
0.297727
0.163447
0.153151
0.143279
0.176838
0.246886
0.196466
0.196617
0.213421
0.212370
0.222238
0.260384
0.247151
0.281520
0.271707
0.280417
0.252477
0.245669
0.241235
0.186992
0.252825
0.201058
0.208203
0.269745
0.229505
0.219876
0.258198
0.246268
0.173232
0.246376
0.249501
0.241199
0.312666
0.282233
0.235477
0.292271
0.252253
0.344759
0.270051
0.383970
0.326480
0.326149
0.312797
0.281389
0.302885
0.337580
0.366894
0.346483
0.217989
0.251002
0.222363
0.232814
0.207099
0.212808
0.230242
0.330003
0.305388
0.318479
0.271189
0.251569
0.237948
0.238708
0.285115
0.315300
0.263228
0.256923
0.243836
0.260790
0.317764
0.195279
0.245749
0.319407
0.302693
0.266260
0.262138
0.286680
0.273969
0.302148
0.299439
0.301689
0.276352
0.276555
0.262362
0.263562
0.233602
0.190734
0.294031
0.244071
0.263732
0.293713
0.279558
0.285284
0.234074
0.240757
0.293358
0.305974
0.351995
0.239233
0.293718
0.240377
0.287998
0.255136
0.192562
0.166307
0.262086
0.283857
0.355445
0.268676
0.300202
0.293317
0.417157
0.340294
0.341974
0.332861
0.271087
0.205699
0.272558
0.246461
0.328823
0.315973
0.225343
0.197869
0.208036
0.259070
0.258053
0.284400
0.230594
0.206543
0.298367
0.228180
0.287593
0.257865
0.263577
0.218873
0.254366
0.242308
0.252373
0.214988
0.234134
0.241969
0.296825
0.282570
0.284073
0.254350
0.192992
0.180851
0.209885
0.240038
0.305100
0.359043
0.278226
0.256472
0.288618
0.254278
0.252779
0.294637
0.255342
0.252938
0.291648
0.244639
0.195398
0.245651
0.274234
0.233643
0.244198
0.275619
0.208677
0.218608
0.279601
0.279497
0.265713
0.314648
0.275059
0.311714
0.321833
0.310503
0.270576
0.280963
0.227480
0.205221
0.274622
0.256894
0.228649
0.258578
0.262658
0.208457
0.249031
0.318597
0.224071
0.246721
0.247271
0.245294
0.271486
0.253209
0.332877
0.175743
0.213166
0.216012
0.186299
0.293052
0.228224
0.231598
0.196857
0.250998
0.258631
0.304706
0.210331
0.226475
0.237373
0.266723
0.248466
0.263103
0.267283
0.258542
0.262227
0.271474
0.257910
0.271967
0.299060
0.249619
0.268450
0.265083
0.265941
0.257282
0.250028
0.288189
0.269664
0.229430
0.236114
0.265186
0.248653
0.315314
0.272810
0.301826
0.246840
0.242390
0.241659
0.272810
0.240127
0.196610
0.248753
0.241136
0.184976
0.275053
0.251207
0.363672
0.329981
0.263886
0.244321
0.256815
0.243098
0.247139
0.236532
0.238032
0.220323
0.250777
0.273400
0.325966
0.269678
0.266689
0.225159
0.225551
0.233820
0.241455
0.242735
0.244527
0.266426
0.273123
0.255717
0.248199
0.220654
0.282243
0.247599
0.297249
0.279422
0.240127
0.271915
0.259840
0.207528
0.197255
0.281004
0.293505
0.299346
0.271925
0.251885
0.231401
0.238799
0.219705
0.287617
0.238422
0.212973
0.162442
0.236851
0.187623
0.200688
0.207727
0.219126
0.216983
0.210586
0.207745
0.169854
0.230660
0.247894
0.212561
0.239304
0.287352
0.351798
0.258697
0.208604
0.217513
0.251264
0.207324
0.172002
0.238110
0.192361
0.207958
0.195311
0.172882
0.187146
0.263450
0.273582
0.216953
0.181906
0.177552
0.227247
0.189358
0.188048
0.184431
0.171663
0.165381
0.179407
0.164352
0.156080
0.186219
0.183564
0.148117
0.185622
0.202166
0.163496
0.179292
0.171580
0.147094
0.132529
0.113995
0.135934
0.197586
0.156171
0.141378
0.152975
0.121677
0.134216
0.125177
0.141192
0.154491
0.150090
0.156264
0.153463
0.123082
0.174573
0.161470
0.144021
0.132996
0.158396
0.127662
0.153031
0.132548
0.187789
0.163858
0.143293
0.123566
0.125842
0.107694
0.158812
0.132948
0.141531
0.136457
0.129427
0.145048
0.130385
0.143485
0.125908
0.162355
0.173222
0.128867
0.117065
0.135712
0.129223
0.138471
0.143394
0.168348
0.142239
0.111852
0.167480
0.141523
0.127201
0.111449
0.116293
0.152599
0.280405
0.158832
0.131328
0.156964
0.132790
0.149428
0.167711
0.151265
0.141669
0.137579
0.136379
0.143251
0.139460
0.133088
0.136304
0.148621
0.160006
0.143143
0.135203
0.147414
0.131700
0.152159
0.132104
0.141054
0.140866
0.128408
0.121472
0.134594
0.127584
0.135175
0.137401
0.166735
0.153651
0.134315
0.151721
0.170581
0.179001
0.126572
0.138908
0.145477
0.141702
0.095843
0.120704
0.149263
0.132252
0.156064
0.165836
0.162127
0.151924
0.144420
0.143659
0.130966
0.162985
0.163640
0.144466
0.137179
0.119876
0.112079
0.101481
0.113269
0.131975
0.125465
0.111489
0.127050
0.111150
0.114624
0.117880
0.116603
0.103451
0.081595
0.118676
0.141907
0.131033
0.132253
0.156759
0.142331
0.152321
0.127366
0.123930
0.112272
0.133702
0.125088
0.136718
0.144406
0.112299
0.109217
0.142215
0.099666
0.115993
0.101743
0.161318
0.138646
0.131793
0.139150
0.103515
0.123328
0.109494
0.120872
0.110134
0.108884
0.096909
0.089334
0.075376
0.075449
0.079489
0.076362
0.081364
0.081839
0.070939
0.086009
0.078323
0.074356
0.075626
0.076354
0.075099
0.069181
0.071508
0.067215
0.078489
0.084468
0.084029
0.072766
0.091493
0.078358
0.082857
0.088219
0.092860
0.101335
0.103623
0.111931
0.095129
0.092765
0.090209
0.098328
0.093622
0.107336
0.103972
0.112085
0.115072
0.106220
0.082446
0.107300
0.088925
0.082394
0.076095
0.073388
0.078633
0.082674
0.092016
0.089363
0.076010
0.080196
0.095099
0.100640
0.093873
0.096346
0.105166
0.107152
0.102947
0.106921
0.143237
0.143149
0.191991
0.173604
0.124137
0.129913
0.134968
0.152414
0.100109
0.124400
0.113490
0.115685
0.125933
0.133180
0.107318
0.102411
0.111190
0.110982
0.117566
0.136136
0.131510
0.138058
0.136566
0.124628
0.111763
0.162761
0.148052
0.170769
0.171299
0.183311
0.141651
0.158902
0.148771
0.137102
0.164208
0.155970
0.140212
0.123700
0.128763
0.137440
0.166387
0.150863
0.117826
0.132209
0.131954
0.151098
0.160597
0.129265
0.135758
0.157200
0.107065
0.122773
0.138812
0.137135
0.135083
0.138998
0.149880
0.142951
0.145072
0.152325
0.123120
0.143005
0.151682
0.145915
0.120830
0.181889
0.188099
0.194269
0.250499
0.204642
0.213598
0.180080
0.168969
0.199628
0.179826
0.167210
0.180658
0.154311
0.159324
0.161824
0.180886
0.164283
0.197677
0.174795
0.197614
0.190468
0.165576
0.148542
0.180654
0.181108
0.161306
0.199658
0.179462
0.170555
0.218643
0.218550
0.199701
0.158526
0.143838
0.151102
0.100354
0.120262
0.126799
0.119580
0.133908
0.124559
0.109020
0.107988
0.115613
0.126511
0.111730
0.113145
0.122180
0.101169
0.109624
0.125386
0.124276
0.111927
0.090927
0.123752
0.131277
0.114480
0.121162
0.125039
0.126244
0.114571
0.114273
0.118176
0.112087
0.111020
0.123701
0.110497
0.105114
0.113688
0.119234
0.118493
0.093174
0.121751
0.111211
0.127887
0.108047
0.120248
0.115336
0.119256
0.128746
0.116362
0.113508
0.123940
0.131200
0.130522
0.122439
0.118577
0.121466
0.118868
0.128816
0.119162
0.115872
0.114404
0.136762
0.124185
0.135149
0.117725
0.109137
0.101697
0.107473
0.094227
0.124525
0.104203
0.116358
0.122005
0.128320
0.132007
0.092889
0.091013
0.094900
0.103683
0.105313
0.107159
0.095255
0.136691
0.138890
0.111297
0.122134
0.132308
0.126583
0.138260
0.123530
0.118376
0.111069
0.115813
0.107467
0.115778
0.112022
0.096801
0.139045
0.119758
0.114404
0.111509
0.111352
0.114675
0.115859
0.098722
0.132714
0.114599
0.093258
0.095511
0.101550
0.104710
0.098294
0.097080
0.074996
0.103093
0.100948
0.102487
0.104096
0.113013
0.112198
0.092334
0.092632
0.088321
0.101546
0.107321
0.131886
0.122602
0.105342
0.124571
0.136645
0.136282
0.120536
0.122493
0.140513
0.104696
0.113754
0.101874
0.123097
0.132616
0.108023
0.134006
0.121484
0.112899
0.102878
0.106567
0.110462
0.121970
0.120064
0.132024
0.109277
0.115899
0.105271
0.105991
0.092712
0.101754
0.096178
0.124188
0.146481
0.145085
0.112283
0.125818
0.109266
0.099015
0.102561
0.120772
0.110371
0.099060
0.088352
0.107149
0.091877
0.097314
0.083887
0.083657
0.087288
0.084363
0.096517
0.079009
0.093293
0.094213
0.086627
0.080963
0.113825
0.111242
0.140702
0.185890
0.177722
0.150406
0.124439
0.120068
0.093564
0.093157
0.099345
0.098258
0.105478
0.121860
0.116853
0.096585
0.112995
0.099274
0.119654
0.115207
0.101195
0.094023
0.099328
0.098125
0.087796
0.070810
0.079029
0.077874
0.079327
0.072279
0.085152
0.089859
0.080260
0.088904
0.076584
0.083175
0.083891
0.083075
0.080235
0.067147
0.091922
0.089613
0.100213
0.147675
0.145891
0.169419
0.182116
0.171699
0.150375
0.157235
0.112965
0.142639
0.102102
0.106560
0.094501
0.090825
0.097736
0.108446
0.097253
0.114197
0.111364
0.135712
0.118961
0.098894
0.083855
0.092389
0.084264
0.111107
0.102318
0.102793
0.130700
0.133059
0.131371
0.115889
0.111023
0.111759
0.109768
0.096346
0.110571
0.150093
0.124118
0.111319
0.110247
0.120337
0.131235
0.099991
0.099211
0.120551
0.102588
0.086473
0.098931
0.100236
0.090565
0.078808
0.089445
0.107928
0.100981
0.107283
0.119556
0.105786
0.075193
0.082569
0.089924
0.082819
0.098941
0.105205
0.086032
0.086612
0.086160
0.085387
0.090493
0.092758
0.076764
0.093004
0.080981
0.074881
0.080940
0.086831
0.086689
0.107849
0.107759
0.086810
0.090519
0.080321
0.093217
0.079627
0.089634
0.088881
0.098867
0.089439
0.078241
0.075526
0.097811
0.084764
0.081279
0.092610
0.084195
0.079214
0.087180
0.097850
0.101866
0.083211
0.109956
0.093594
0.085270
0.088616
0.091335
0.086439
0.088187
0.083951
0.077413
0.078062
0.081679
0.095173
0.091707
0.090379
0.100260
0.084986
0.075055
0.083452
0.107212
0.076567
0.091731
0.076238
0.078942
0.064074
0.094620
0.082462
0.087996
0.086112
0.100117
0.082197
0.076789
0.081421
0.074456
0.077543
0.086380
0.077687
0.077013
0.098297
0.090964
0.090317
0.111980
0.081457
0.070723
0.066756
0.089613
0.075681
0.075114
0.093194
0.081165
0.072641
0.076831
0.074265
0.077686
0.091168
0.101040
0.091175
0.077448
0.077068
0.072747
0.090608
0.085814
0.092299
0.080283
0.069753
0.087735
0.077762
0.072535
0.080138
0.087463
0.083103
0.106545
0.088392
0.072708
0.087308
0.081933
0.081716
0.085524
0.097274
0.085968
0.066280
0.087644
0.088724
0.078968
0.099661
0.083983
0.103313
0.099915
0.101014
0.083824
0.087802
0.068626
0.069594
0.080266
0.080598
0.092243
0.084169
0.093286
0.098968
0.070931
0.088574
0.076366
0.090135
0.077924
0.072480
0.080526
0.071671
0.082749
0.088105
0.077328
0.093085
0.098398
0.085329
0.099813
0.083446
0.082842
0.073571
0.066630
0.082972
0.092465
0.084884
0.093601
0.088629
0.068186
0.071784
0.099491
0.079830
0.076300
0.078444
0.083132
0.082875
0.084944
0.076348
0.087710
0.089756
0.088044
0.079109
0.097105
0.100279
0.111258
0.093873
0.085224
0.095942
0.099754
0.089816
0.092459
0.067184
0.077322
0.077346
0.078954
0.074476
0.092749
0.089555
0.084909
0.084371
0.088897
0.086457
0.088862
0.095782
0.087570
0.097140
0.095207
0.085902
0.088785
0.082493
0.073382
0.074333
0.084113
0.073985
0.082811
0.080179
0.095201
0.075703
0.073922
0.090791
0.070714
0.087898
0.074993
0.086175
0.077582
0.098965
0.100316
0.091080
0.086612
0.101123
0.089924
0.085480
0.105571
0.085181
0.079676
0.079560
0.075332
0.081333
0.092263
0.088671
0.087695
0.093031
0.097186
0.101853
0.093499
0.089264
0.094666
0.094625
0.091069
0.102265
0.103309
0.097702
0.096019
0.094263
0.081547
0.081037
0.083562
0.096195
0.085922
0.099631
0.102319
0.075813
0.098396
0.089834
0.087510
0.078192
0.067381
0.084898
0.096515
0.089823
0.088130
0.078578
0.076748
0.097269
0.099339
0.087111
0.103256
0.102116
0.101151
0.098631
0.085820
0.099858
0.104900
0.101250
0.094536
0.093866
0.095542
0.110566
0.109812
0.119844
0.105314
0.126493
0.116565
0.112904
0.102313
0.094329
0.099831
0.103473
0.115854
0.100774
0.101740
0.105439
0.115982
0.089092
0.106669
0.081659
0.123228
0.109097
0.097262
0.111207
0.104484
0.107105
0.113934
0.102340
0.094768
0.091210
0.111521
0.081688
0.116151
0.086264
0.093700
0.097509
0.110163
0.092116
0.095576
0.093929
0.096647
0.104526
0.104203
0.119086
0.094833
0.108886
0.100353
0.105608
0.111188
0.102254
0.106234
0.088175
0.083817
0.080232
0.081360
0.077567
0.080169
0.070529
0.078848
0.097577
0.113949
0.092885
0.091287
0.079322
0.080201
0.094630
0.080660
0.094833
0.088572
0.110338
0.119588
0.097120
0.101220
0.101959
0.093705
0.114132
0.079168
0.093909
0.109089
0.092948
0.097485
0.097806
0.108708
0.100518
0.113816
0.111964
0.101985
0.087024
0.076367
0.090662
0.088567
0.084935
0.102817
0.080374
0.083065
0.081085
0.092836
0.108420
0.100583
0.096127
0.066588
0.062744
0.057936
0.073460
0.061593
0.075185
0.073803
0.068743
0.066997
0.073692
0.070825
0.067180
0.076916
0.075672
0.056020
0.059832
0.070249
0.069046
0.069146
0.069862
0.072476
0.077454
0.081714
0.078188
0.081100
0.075359
0.059765
0.057637
0.065617
0.060628
0.063911
0.060494
0.058019
0.058719
0.057039
0.053096
0.050587
0.052209
0.054818
0.057198
0.061051
0.060177
0.055140
0.054977
0.057019
0.058519
0.060511
0.058213
0.062989
0.054960
0.049612
0.050803
0.062810
0.061094
0.056445
0.054619
0.049415
0.050779
0.050836
0.045893
0.060549
0.058828
0.052772
0.068853
0.067157
0.055954
0.050546
0.049038
0.055665
0.053333
0.056831
0.057787
0.068335
0.064240
0.067931
0.054703
0.050169
0.050903
0.054015
0.053908
0.057460
0.050755
0.062907
0.056898
0.048057
0.058232
0.061523
0.062400
0.067074
0.070419
0.062129
0.065966
0.068677
0.067419
0.068981
0.065716
0.071300
0.058375
0.055831
0.058495
0.055427
0.053450
0.061306
0.067153
0.064152
0.063228
0.057172
0.059895
0.049639
0.059761
0.061917
0.061597
0.068800
0.062954
0.056235
0.051535
0.050182
0.055360
0.057457
0.060595
0.058726
0.054398
0.057586
0.068327
0.071996
0.066831
0.056647
0.055855
0.062058
0.047746
0.061165
0.061221
0.074398
0.051883
0.062724
0.055034
0.061573
0.071890
0.068233
0.058722
0.050362
0.050370
0.056793
0.057778
0.048870
0.054701
0.055243
0.059773
0.069281
0.067514
0.065014
0.063896
0.063558
0.061974
0.061007
0.057746
0.054282
0.060287
0.062656
0.055030
0.055135
0.066093
0.058897
0.055936
0.053196
0.054394
0.057083
0.065875
0.062514
0.052183
0.055945
0.056142
0.068213
0.069175
0.064188
0.066560
0.060992
0.055481
0.051071
0.062070
0.046342
0.064259
0.058777
0.065265
0.054079
0.067770
0.070249
0.068669
0.064140
0.070638
0.058826
0.068333
0.069690
0.061579
0.062614
0.064895
0.059660
0.058028
0.055020
0.052938
0.055835
0.064279
0.055840
0.054441
0.059252
0.056017
0.059579
0.057779
0.056819
0.055178
0.056577
0.056795
0.058122
0.057636
0.061638
0.055345
0.072013
0.058708
0.055899
0.062712
0.054259
0.056483
0.050974
0.061759
0.046881
0.056247
0.056591
0.064250
0.068154
0.054659
0.058225
0.062031
0.066200
0.056717
0.062426
0.066563
0.061022
0.057788
0.055407
0.055769
0.059504
0.056534
0.058619
0.057333
0.061547
0.057527
0.057035
0.054918
0.058817
0.057343
0.057403
0.051068
0.060025
0.057143
0.066260
0.063075
0.066249
0.066793
0.057457
0.053467
0.059298
0.053453
0.057886
0.063228
0.067410
0.063999
0.065711
0.061000
0.062425
0.058968
0.056980
0.069501
0.080399
0.055494
0.058325
0.072114
0.073560
0.072687
0.063118
0.057713
0.058649
0.061722
0.053856
0.058909
0.053657
0.057101
0.056814
0.055132
0.049090
0.056411
0.053480
0.060104
0.054994
0.059818
0.051860
0.061840
0.062220
0.059801
0.069058
0.066455
0.065548
0.061013
0.062170
0.061414
0.066632
0.065638
0.064884
0.056885
0.062115
0.056731
0.057019
0.059010
0.060664
0.055791
0.058255
0.057076
0.057197
0.052585
0.070392
0.055804
0.064886
0.057909
0.063732
0.059211
0.060765
0.066807
0.068538
0.066939
0.063227
0.069630
0.064937
0.067150
0.062316
0.061831
0.057144
0.053666
0.055046
0.056386
0.055089
0.055786
0.060306
0.063080
0.064084
0.055432
0.062441
0.063681
0.058273
0.055519
0.057859
0.071173
0.071213
0.062022
0.060005
0.062101
0.059294
0.058395
0.055857
0.057215
0.063086
0.069141
0.059592
0.058439
0.054052
0.061768
0.063935
0.056140
0.056973
0.056996
0.055104
0.077561
0.063852
0.060942
0.059827
0.064860
0.063968
0.065039
0.068507
0.062229
0.055376
0.064288
0.055371
0.057831
0.065046
0.067956
0.067564
0.060964
0.068861
0.072229
0.061749
0.062844
0.064372
0.066093
0.068380
0.058098
0.053979
0.060197
0.056232
0.060534
0.065837
0.054913
0.058539
0.059206
0.055664
0.058366
0.058779
0.059772
0.057752
0.057501
0.055612
0.057972
0.063636
0.054780
0.060923
0.060172
0.054307
0.059454
0.067518
0.062530
0.067747
0.068411
0.056997
0.056648
0.057486
0.055130
0.054619
0.059683
0.053823
0.064250
0.056553
0.043932
0.040477
0.040515
0.040159
0.040276
0.040687
0.040725
0.040241
0.040296
0.040145
0.040075
0.040166
0.040016
0.039886
0.039863
0.040004
0.039943
0.040008
0.039985
0.039926
0.039990
0.039739
0.039726
0.039729
0.039845
0.039802
0.039928
0.039820
0.039967
0.039765
0.051293
0.067264
0.051786
0.060222
0.043330
0.068583
0.054316
0.050433
0.066102
0.044771
0.072029
0.052952
0.049671
0.065095
0.057050
0.044879
