0.006838
5.281630
0.080441
0.083137
0.082865
0.082564
0.082664
0.082564
0.082608
0.080309
0.082713
0.083022
0.082937
0.083134
0.083016
0.082791
0.082988
0.082711
0.082630
0.082628
0.083152
0.083337
0.083309
0.083309
0.083181
0.083083
0.083179
0.083054
0.083263
0.082990
0.083014
0.083096
0.083424
0.083176
0.083172
0.083252
0.083397
0.083409
0.083360
0.083052
0.083227
0.082977
0.083335
0.083227
0.082951
0.083350
0.083050
0.083178
0.083195
0.083327
0.083226
0.083583
0.083095
0.083023
0.082925
0.083057
0.083158
0.083279
0.083234
0.083218
0.082894
0.083193
0.083298
0.083085
0.083206
0.082971
0.083162
0.083205
0.082998
0.083181
0.083290
0.083194
0.083343
0.083324
0.083480
0.083291
0.083163
0.083215
0.083097
0.083229
0.082915
0.083159
0.083133
0.082995
0.083294
0.083184
0.083338
0.083104
0.083432
0.082921
0.082870
0.082984
0.083167
0.083330
0.083275
0.082926
0.083119
0.082912
0.083199
0.083308
0.083124
0.082806
0.083276
0.083192
0.083252
0.083189
0.083069
0.083083
0.083174
0.083153
0.083288
0.096121
0.078921
0.081019
0.083220
0.083548
0.083193
0.083274
0.080961
0.083351
0.083299
0.083196
0.083253
0.083496
0.081248
0.083189
0.083208
0.083114
0.083193
0.083213
0.083369
0.083485
0.083488
0.083483
0.083282
0.083431
0.083162
0.082866
0.083310
0.083040
0.083030
0.083075
0.083042
0.082829
0.083196
0.083360
0.083444
0.083396
0.083198
0.083030
0.083280
0.083145
0.083238
0.083493
0.083748
0.083453
0.083806
0.083235
0.083172
0.083232
0.083220
0.083252
0.083211
0.083421
0.083549
0.083392
0.083567
0.083288
0.083418
0.083380
0.083616
0.083558
0.083239
0.083329
0.083311
0.083329
0.083428
0.083283
0.083469
0.083194
0.083375
0.083394
0.083535
0.083503
0.083165
0.083402
0.083347
0.083311
0.083317
0.083249
0.083503
0.083415
0.083280
0.083347
0.083483
0.083720
0.083470
0.083433
0.083350
0.083402
0.083517
0.083327
0.083690
0.083655
0.083411
0.083400
0.083265
0.083455
0.083622
0.083244
0.083551
0.083416
0.083515
0.083358
0.083551
0.083442
0.083669
0.083493
0.083467
0.083523
0.079279
0.083520
0.081239
0.083467
0.083444
0.083456
0.083426
0.083569
0.083330
0.083661
0.083482
0.083549
0.083559
0.083366
0.083229
0.083537
0.083328
0.083419
0.083072
0.083016
0.083070
0.083098
0.083359
0.083016
0.082956
0.083379
0.082964
0.083459
0.083131
0.083158
0.083169
0.083170
0.083371
0.083231
0.082738
0.083213
0.083170
0.082996
0.083379
0.083334
0.083398
0.083326
0.083141
0.082928
0.083086
0.083043
0.083166
0.083133
0.083237
0.082802
0.082947
0.083128
0.083172
0.083106
0.083105
0.082966
0.082917
0.083112
0.082992
0.083022
0.083307
0.083425
0.083184
0.082888
0.083330
0.083177
0.083345
0.083246
0.083423
0.083391
0.083453
0.083403
0.083269
0.083418
0.083150
0.083298
0.083391
0.083243
0.083151
0.083078
0.095998
0.083269
0.083184
0.083274
0.083429
0.082224
0.083319
0.083488
0.083455
0.083700
0.082963
0.083649
0.083169
0.083117
0.083177
0.082949
0.082736
0.080776
0.083012
0.083003
0.080763
0.083186
0.080808
0.082987
0.082967
0.083176
0.083002
0.082859
0.083058
0.080702
0.083142
0.083185
0.083182
0.083135
0.083132
0.083639
0.083607
0.083476
0.083091
0.083036
0.083219
0.083350
0.083175
0.083263
0.083105
0.083258
0.083709
0.083072
0.082781
0.083220
0.082937
0.083124
0.082891
0.083196
0.083267
0.082993
0.082994
0.082966
0.083082
0.082895
0.083182
0.083208
0.083471
0.083356
0.083414
0.083274
0.083410
0.083249
0.083155
0.083558
0.083428
0.083358
0.083412
0.083437
0.083465
0.083166
0.083541
0.083087
0.083472
0.083260
0.083493
0.083526
0.083368
0.083543
0.083376
0.083365
0.083346
0.083369
0.083547
0.083319
0.083109
0.083235
0.083437
0.083337
0.083359
0.083251
0.083424
0.083395
0.083388
0.083632
0.083610
0.083280
0.083411
0.083463
0.083406
0.083522
0.083469
0.083475
0.083432
0.083487
0.083242
0.083423
0.083594
0.083385
0.083449
0.083731
0.081169
0.083437
0.083687
0.083447
0.083854
0.083597
0.083553
0.083586
0.083597
0.083286
0.083355
0.083473
0.083925
0.083716
0.083736
0.083728
0.083498
0.083657
0.083781
0.083624
0.083637
0.083829
0.084052
0.083623
0.083446
0.083513
0.083412
0.083499
0.083735
0.083380
0.083324
0.083555
0.083716
0.083549
0.083668
0.083329
0.083699
0.083556
0.084011
0.083533
0.083802
0.083353
0.083666
0.083529
0.083574
0.083427
0.083881
0.083409
0.083786
0.083886
0.083240
0.083713
0.084070
0.083655
0.083297
0.083704
0.083604
0.083455
0.083731
0.083530
0.083710
0.083476
0.083342
0.083728
0.083561
0.083534
0.083895
0.083735
0.083600
0.083407
0.083720
0.083655
0.083908
0.083852
0.083853
0.083515
0.084069
0.083823
0.083802
0.083396
0.083675
0.083397
0.083413
0.083320
0.083515
0.083453
0.083489
0.083673
0.083478
0.083774
0.083456
0.083765
0.083562
0.083628
0.083057
0.083645
0.083149
0.083287
0.083467
0.083560
0.083674
0.083624
0.083803
0.083515
0.083516
0.083448
0.083605
0.083828
0.083802
0.083819
0.083769
0.083579
0.083536
0.083636
0.083513
0.083561
0.083882
0.083912
0.083666
0.083296
0.083662
0.083772
0.083580
0.083660
0.083821
0.083501
0.083599
0.083374
0.083999
0.083596
0.083976
0.083564
0.083819
0.083600
0.083662
0.083400
0.083789
0.083530
0.083496
0.083811
0.083391
0.083863
0.083505
0.083673
0.084030
0.083714
0.083646
0.083836
0.083869
0.083670
0.084006
0.083820
0.083752
0.083559
0.083737
0.083435
0.083848
0.083735
0.083691
0.083667
0.083906
0.083758
0.083496
0.083782
0.083798
0.084165
0.083653
0.083658
0.083609
0.083749
0.083677
0.083826
0.083472
0.083754
0.083794
0.083591
0.083546
0.083657
0.083884
0.083788
0.083274
0.083651
0.083570
0.084102
0.083643
0.083896
0.083741
0.083394
0.083735
0.083662
0.083808
0.083724
0.083752
0.083685
0.083607
0.083701
0.083579
0.083831
0.083677
0.083454
0.083524
0.083659
0.083631
0.083863
0.083822
0.083732
0.083831
0.083694
0.083552
0.083801
0.083713
0.083783
0.083734
0.083594
0.083961
0.083330
0.083526
0.083679
0.083785
0.083833
0.083484
0.083819
0.083736
0.083798
0.083561
0.083565
0.083975
0.083876
0.083497
0.083821
0.083411
0.083663
0.083880
0.083948
0.083626
0.083660
0.083823
0.083560
0.083729
0.083719
0.083424
0.083851
0.083936
0.083867
0.083568
0.083737
0.083840
0.083659
0.083601
0.083820
0.084058
0.083661
0.083688
0.083741
0.083758
0.083534
0.083868
0.083603
0.083957
0.083620
0.083632
0.083980
0.083592
0.083605
0.083695
0.083794
0.083819
0.083906
0.084146
0.083703
0.083594
0.083768
0.083531
0.083693
0.083743
0.083695
0.083829
0.083672
0.083623
0.083724
0.083718
0.083697
0.083698
0.083699
0.083262
0.083786
0.083600
0.083670
0.083832
0.083384
0.083746
0.083688
0.083825
0.083986
0.083657
0.083700
0.083853
0.083771
0.084165
0.083800
0.083513
0.083883
0.083776
0.083394
0.083650
0.083852
0.083555
0.083779
0.083615
0.083534
0.083470
0.083493
0.083724
0.083885
0.083369
0.083765
0.083977
0.083551
0.083439
0.083571
0.084003
0.083558
0.083519
0.083485
0.083810
0.083809
0.083757
0.083892
0.083564
0.083566
0.083683
0.083732
0.083918
0.083856
0.083515
0.083574
0.083622
0.083697
0.083830
0.083800
0.083502
0.083704
0.084022
0.083911
0.084069
0.083528
0.083758
0.083872
0.083740
0.083729
0.083669
0.083610
0.084131
0.083797
0.083589
0.083629
0.083626
0.083812
0.083640
0.083685
0.083926
0.083780
0.083661
0.083981
0.084021
0.083555
0.083621
0.083733
0.083827
0.083948
0.083800
0.083903
0.083923
0.083656
0.083642
0.083951
0.083781
0.083526
0.083488
0.083366
0.083139
0.083515
0.083793
0.083428
0.083624
0.083539
0.083642
0.083633
0.083196
0.083380
0.083873
0.083559
0.083718
0.083748
0.083553
0.083261
0.083542
0.083705
0.084285
0.083846
0.083778
0.083513
0.083632
0.083848
0.083849
0.083734
0.083436
0.083696
0.084028
0.083671
0.083801
0.083689
0.083732
0.083754
0.084945
0.080188
0.083170
0.083194
0.083557
0.083540
0.083543
0.083387
0.083368
0.083523
0.083324
0.083312
0.083535
0.083294
0.083582
0.083309
0.083891
0.083964
0.083797
0.083917
0.083682
0.083639
0.083325
0.083392
0.083527
0.083633
0.083626
0.083478
0.083725
0.083821
0.083695
0.083613
0.083950
0.083728
0.083744
0.084086
0.083493
0.083687
0.083540
0.083673
0.083719
0.083645
0.083673
0.083495
0.083802
0.083832
0.083873
0.083517
0.083471
0.083620
0.083640
0.083629
0.083580
0.083828
0.083711
0.083761
0.083573
0.083646
0.083642
0.083271
0.083205
0.083976
0.083853
0.083758
0.083681
0.084000
0.083975
0.084049
0.083612
0.083705
0.083898
0.083565
0.083695
0.083692
0.083740
0.083483
0.083254
0.083484
0.083503
0.083013
0.083409
0.083635
0.083593
0.083820
0.083634
0.084156
0.083918
0.083637
0.083554
0.083561
0.083272
0.083035
0.083471
0.083708
0.083704
0.083694
0.083628
0.083654
0.083713
0.083768
0.083898
0.083660
0.083680
0.083584
0.083720
0.083661
0.083726
0.083948
0.083840
0.084133
0.083623
0.083755
0.083644
0.083636
0.083422
0.083630
0.083595
0.083332
0.083894
0.083663
0.083646
0.083773
0.083946
0.083799
0.083571
0.083752
0.083797
0.083790
0.083751
0.083612
0.083679
0.083494
0.083761
0.083911
0.083540
0.083792
0.084002
0.083793
0.083994
0.084235
0.083750
0.083968
0.083619
0.083860
0.083718
0.083587
0.083725
0.083814
0.083565
0.083668
0.083574
0.083615
0.083594
0.083871
0.083894
0.083879
0.083887
0.083442
0.083799
0.083699
0.083853
0.083854
0.083930
0.083829
0.083811
0.083750
0.083848
0.083603
0.083657
0.083554
0.083829
0.083767
0.084012
0.083850
0.084061
0.083798
0.083848
0.083915
0.084035
0.083914
0.083992
0.083563
0.083708
0.083682
0.083387
0.083338
0.083669
0.083977
0.083949
0.083905
0.083998
0.083735
0.083721
0.083644
0.083842
0.083770
0.083937
0.083669
0.083602
0.083816
0.083864
0.083688
0.083703
0.083687
0.083857
0.083693
0.083692
0.083769
0.083779
0.083983
0.083818
0.083638
0.083746
0.084228
0.083833
0.083845
0.083652
0.083703
0.083688
0.083678
0.083697
0.083648
0.083936
0.083898
0.083668
0.083590
0.083961
0.083578
0.083453
0.083364
0.083581
0.083328
0.083287
0.083292
0.083258
0.083199
0.083514
0.083557
0.083636
0.083703
0.083653
0.083547
0.083757
0.083654
0.083625
0.083687
0.083657
0.083889
0.083693
0.083661
0.083700
0.083657
0.083633
0.084030
0.083905
0.083653
0.083730
0.083657
0.083729
0.084406
0.084225
0.084010
0.083885
0.081667
0.083838
0.084045
0.083884
0.084099
0.083905
0.084078
0.083837
