0.008471
2.928811
0.046289
0.043946
0.045064
0.043131
0.043344
0.043816
0.042804
0.043405
0.043600
0.037371
0.039655
0.041693
0.044384
0.044348
0.043787
0.045154
0.043340
0.045060
0.044743
0.043099
0.043214
0.045384
0.043832
0.043215
0.043343
0.044334
0.043442
0.044668
0.043347
0.042879
0.044582
0.043096
0.041967
0.043509
0.044639
0.044351
0.047787
0.053178
0.055249
0.055476
0.053200
0.053432
0.056017
0.050983
0.053475
0.054086
0.053414
0.054070
0.054121
0.059817
0.063455
0.063172
0.072038
0.072332
0.073258
0.079859
0.079601
0.083001
0.082685
0.082912
0.082855
0.082704
0.082524
0.080445
0.082664
0.082862
0.082920
0.083070
0.083004
0.082924
0.082839
0.082738
0.083022
0.082521
0.082846
0.083029
0.082774
0.083118
0.082949
0.082775
0.083251
0.083264
0.083056
0.083184
0.083069
0.082987
0.083437
0.083331
0.083174
0.083268
0.083463
0.083602
0.083384
0.083133
0.083301
0.083117
0.083214
0.083169
0.083134
0.083290
0.083210
0.083115
0.083097
0.083359
0.083200
0.083453
0.083134
0.083067
0.082898
0.083028
0.083205
0.083278
0.083321
0.083239
0.083061
0.083118
0.083298
0.083167
0.083063
0.083134
0.083114
0.083130
0.083048
0.083137
0.083301
0.083407
0.083253
0.083483
0.083321
0.083384
0.083218
0.083256
0.083080
0.082817
0.082670
0.083154
0.083141
0.083079
0.083178
0.083121
0.083344
0.083055
0.083323
0.083116
0.082897
0.082889
0.083131
0.083214
0.083245
0.083101
0.083136
0.082944
0.083134
0.083268
0.083089
0.082972
0.083055
0.083122
0.083199
0.083048
0.083030
0.083030
0.083075
0.082924
0.083136
0.078687
0.078833
0.082884
0.083177
0.083348
0.082922
0.082690
0.080381
0.083205
0.083007
0.083097
0.082963
0.083043
0.083257
0.081238
0.083029
0.083273
0.082945
0.083194
0.083262
0.083441
0.083424
0.083490
0.083471
0.083126
0.083567
0.082852
0.083462
0.083197
0.083446
0.083145
0.083278
0.083170
0.083462
0.083291
0.083462
0.083391
0.083373
0.082752
0.083116
0.083437
0.082920
0.083379
0.083699
0.083622
0.083729
0.083387
0.083211
0.083327
0.083266
0.083174
0.083320
0.083365
0.083495
0.083381
0.083643
0.083405
0.083424
0.083305
0.083723
0.083255
0.083037
0.083383
0.083362
0.083236
0.083525
0.083156
0.083409
0.083449
0.083097
0.082926
0.083450
0.083565
0.083168
0.083352
0.083295
0.083441
0.082489
0.083218
0.083413
0.083417
0.083225
0.083308
0.082860
0.083394
0.083111
0.082928
0.082961
0.083029
0.083006
0.083358
0.083528
0.083677
0.083326
0.083385
0.083128
0.083360
0.083508
0.082981
0.083334
0.083473
0.083438
0.083470
0.083422
0.083485
0.083580
0.083495
0.083385
0.083403
0.081450
0.083389
0.083380
0.080984
0.083453
0.083403
0.083456
0.083124
0.083381
0.083164
0.083447
0.083097
0.083523
0.083236
0.083050
0.082920
0.083067
0.083241
0.083257
0.083189
0.083324
0.083084
0.083300
0.083285
0.083237
0.083714
0.082844
0.083253
0.083469
0.083232
0.083324
0.083375
0.083324
0.083436
0.083526
0.083078
0.083240
0.083394
0.083014
0.083268
0.083083
0.083107
0.082909
0.082954
0.083086
0.083012
0.083262
0.083131
0.083318
0.083013
0.083256
0.083255
0.083649
0.083153
0.083460
0.083363
0.083356
0.083547
0.083469
0.083534
0.083544
0.083687
0.083508
0.083308
0.083318
0.083476
0.083455
0.083489
0.083549
0.083410
0.083493
0.083310
0.083200
0.083529
0.083231
0.083252
0.083409
0.083596
0.083611
0.083110
0.081111
0.083518
0.083542
0.083342
0.083162
0.083366
0.083329
0.083410
0.083569
0.083784
0.081036
0.082945
0.083555
0.083230
0.083340
0.083451
0.083446
0.081113
0.083344
0.083410
0.083283
0.083326
0.083391
0.094177
0.083570
0.083394
0.083480
0.083238
0.083495
0.083253
0.081291
0.083512
0.083625
0.083686
0.083481
0.083735
0.083330
0.082949
0.083271
0.083017
0.082774
0.083352
0.083533
0.083461
0.083508
0.083354
0.083675
0.083404
0.083399
0.083360
0.083334
0.083266
0.083363
0.083472
0.083332
0.083352
0.083500
0.083307
0.083334
0.083401
0.083346
0.083249
0.083558
0.083732
0.083404
0.083351
0.083446
0.083226
0.083324
0.083456
0.083725
0.083418
0.083427
0.082943
0.083488
0.083188
0.083582
0.083285
0.083088
0.083323
0.083395
0.083405
0.083338
0.083395
0.083365
0.083227
0.083223
0.083372
0.083504
0.083473
0.082985
0.083166
0.083539
0.083348
0.083373
0.083259
0.083424
0.083359
0.083400
0.083640
0.083706
0.083232
0.083420
0.083465
0.083301
0.083475
0.083368
0.083420
0.083377
0.083423
0.083415
0.083355
0.083415
0.083562
0.083409
0.083641
0.083447
0.083132
0.083558
0.083591
0.083786
0.083649
0.083685
0.083584
0.083668
0.083417
0.083358
0.083417
0.083803
0.083879
0.083590
0.083546
0.083782
0.083313
0.083684
0.083633
0.083684
0.083606
0.084041
0.083682
0.083446
0.083312
0.083430
0.083381
0.083651
0.083608
0.083384
0.083491
0.083500
0.083633
0.083416
0.083311
0.083402
0.083295
0.083588
0.083589
0.083504
0.083439
0.083238
0.083512
0.083479
0.083292
0.083588
0.083433
0.083444
0.083705
0.083615
0.083464
0.084161
0.083834
0.083549
0.083616
0.083579
0.083703
0.083815
0.083482
0.083293
0.083474
0.083505
0.083569
0.083941
0.083393
0.083581
0.083795
0.083701
0.083523
0.083731
0.083602
0.083822
0.083938
0.083921
0.083742
0.083812
0.084043
0.084176
0.083873
0.083804
0.083805
0.083911
0.083539
0.083879
0.083701
0.083769
0.083886
0.083815
0.083793
0.083605
0.083716
0.083238
0.083275
0.083349
0.083744
0.083693
0.083457
0.083642
0.083802
0.083862
0.083468
0.083803
0.083713
0.083624
0.083671
0.083448
0.083272
0.083589
0.083634
0.083654
0.083297
0.083345
0.083329
0.083244
0.083383
0.083324
0.083371
0.083998
0.083482
0.083376
0.083586
0.083463
0.083442
0.083837
0.083713
0.083728
0.083687
0.083784
0.083758
0.084073
0.083940
0.083892
0.083746
0.083685
0.083529
0.083840
0.083932
0.083605
0.083874
0.083743
0.083668
0.083512
0.083582
0.083665
0.083638
0.083481
0.083692
0.083610
0.083651
0.083709
0.083565
0.083628
0.083370
0.083552
0.083550
0.083442
0.083403
0.083424
0.083369
0.083477
0.083788
0.083465
0.083671
0.083679
0.083907
0.084120
0.083491
0.083613
0.083691
0.083631
0.083660
0.083653
0.083748
0.083834
0.083480
0.083637
0.083510
0.083886
0.083693
0.083521
0.083478
0.083637
0.083735
0.083949
0.083709
0.083643
0.083625
0.083621
0.083761
0.083519
0.083736
0.084051
0.083757
0.083577
0.083528
0.083861
0.083573
0.083921
0.083672
0.083712
0.083654
0.083621
0.083745
0.083981
0.083781
0.083813
0.083857
0.083642
0.083805
0.083831
0.083822
0.083895
0.083607
0.083941
0.083674
0.083611
0.083650
0.083793
0.083727
0.083601
0.083827
0.083686
0.083766
0.083670
0.083612
0.083837
0.083851
0.083776
0.083735
0.083604
0.083408
0.083758
0.083890
0.083598
0.083636
0.083850
0.083370
0.083408
0.083607
0.083648
0.083685
0.083908
0.083897
0.083691
0.083452
0.084108
0.083781
0.083657
0.083614
0.084130
0.083795
0.083770
0.083745
0.083850
0.083690
0.083649
0.083789
0.083839
0.083717
0.083655
0.083786
0.083780
0.083520
0.083506
0.083247
0.083494
0.083455
0.083691
0.083844
0.083646
0.083634
0.083503
0.083651
0.083610
0.083767
0.083718
0.083869
0.083745
0.083691
0.083701
0.083444
0.083356
0.083506
0.083275
0.083295
0.083450
0.083418
0.083531
0.083165
0.083755
0.083724
0.083899
0.083981
0.083777
0.083653
0.083933
0.083990
0.083985
0.083923
0.083765
0.083816
0.083597
0.083697
0.083789
0.083518
0.083605
0.083564
0.083934
0.083675
0.083573
0.083755
0.083552
0.084059
0.083573
0.083719
0.084010
0.083810
0.083776
0.083501
0.084032
0.083776
0.083801
0.083496
0.083734
0.083978
0.083953
0.083818
0.083677
0.083381
0.083755
0.083889
0.084137
0.083505
0.083636
0.083353
0.083826
0.083831
0.083851
0.083942
0.083631
0.083420
0.083637
0.083979
0.084104
0.083379
0.083579
0.083957
0.083856
0.083127
0.083412
0.083161
0.084002
0.083900
0.083669
0.083475
0.083510
0.083683
0.083597
0.083556
0.083803
0.083704
0.083803
0.083588
0.083883
0.083539
0.083595
0.083564
0.083746
0.083628
0.083665
0.083747
0.083658
0.083554
0.083479
0.083556
0.083762
0.083696
0.083717
0.083625
0.083433
0.083552
0.083865
0.083858
0.083804
0.083855
0.083781
0.083950
0.083502
0.083638
0.083811
0.083979
0.083588
0.083792
0.083633
0.083479
0.083546
0.083699
0.083868
0.083948
0.083956
0.083524
0.083755
0.083804
0.083848
0.083666
0.083541
0.083494
0.084062
0.083697
0.083632
0.083694
0.083642
0.083779
0.083688
0.081187
0.083327
0.083471
0.083738
0.083822
0.083759
0.083682
0.083605
0.083642
0.083765
0.083490
0.083740
0.083597
0.083595
0.083558
0.083806
0.083789
0.084009
0.083776
0.083795
0.083401
0.083712
0.083838
0.083800
0.083706
0.083851
0.083325
0.083798
0.083786
0.083752
0.083594
0.083924
0.083829
0.083796
0.084065
0.083669
0.083517
0.083642
0.083647
0.083872
0.083627
0.083598
0.083456
0.083622
0.083805
0.083806
0.083557
0.083269
0.083468
0.083709
0.083019
0.082951
0.083203
0.083303
0.083341
0.083095
0.083042
0.083751
0.083528
0.083314
0.083634
0.083927
0.083586
0.083544
0.083783
0.083776
0.084121
0.083571
0.083525
0.083846
0.083867
0.083666
0.083707
0.083704
0.083530
0.083902
0.083814
0.084028
0.083587
0.083554
0.083611
0.083723
0.083794
0.083880
0.083865
0.084066
0.083734
0.083388
0.083458
0.083382
0.083441
0.083268
0.083561
0.083501
0.083545
0.083445
0.083421
0.083645
0.083499
0.083616
0.083626
0.083611
0.083366
0.083665
0.083313
0.083622
0.083803
0.083835
0.083817
0.083814
0.083733
0.083507
0.083535
0.083517
0.083718
0.084014
0.083260
0.083943
0.083539
0.083537
0.083822
0.083485
0.083763
0.083389
0.083369
0.083635
0.083604
0.083606
0.083483
0.083359
0.083219
0.083453
0.083813
0.083390
0.083603
0.083921
0.083606
0.083874
0.084004
0.083661
0.083590
0.083449
0.083549
0.083534
0.083320
0.083412
0.083564
0.083411
0.083237
0.083592
0.083567
0.083443
0.083508
0.083691
0.083655
0.083629
0.083281
0.083630
0.083429
0.083690
0.083485
0.083861
0.083800
0.083740
0.083522
0.083768
0.083423
0.083419
0.083482
0.083585
0.083689
0.083720
0.083821
0.083780
0.083707
0.083748
0.083677
0.083959
0.084000
0.083974
0.083573
0.083500
0.083517
0.083313
0.083020
0.083708
0.083965
0.083828
0.083611
0.083721
0.083737
0.083492
0.083269
0.083637
0.083492
0.083667
0.083340
0.083326
0.083483
0.083597
0.083581
0.083400
0.083505
0.083890
0.083474
0.083514
0.083598
0.083799
0.083704
0.083831
0.083463
0.083647
0.083514
0.084049
0.083720
0.083666
0.083532
0.083369
0.083303
0.083324
0.083249
0.083550
0.083924
0.083810
0.083530
0.083885
0.083751
0.083707
0.083427
0.083818
0.083876
0.083714
0.083552
0.083319
0.083357
0.083521
0.083390
0.083355
0.083355
0.083746
0.083220
0.083896
0.083335
0.083136
0.083642
0.083689
0.083913
0.083797
0.083660
0.083675
0.083688
0.083584
0.083975
0.083567
0.083634
0.083410
0.083437
0.083595
0.084270
0.084465
0.084059
0.083932
0.081689
0.083692
0.083838
0.083861
0.083823
0.083846
0.083940
0.083839
0.079495
0.073077
0.081918
0.072996
0.073265
0.073671
0.073577
0.073280
0.072845
0.073461
0.073971
0.073346
0.073123
0.073704
0.073507
0.073233
0.072922
0.073018
0.073320
0.073440
0.073395
0.073382
0.073473
0.071094
0.064496
0.080005
0.074779
0.071502
0.071605
0.073576
0.073204
0.073509
0.073242
0.073286
0.068823
0.075061
0.075456
0.071201
0.073591
0.079853
0.073679
0.073439
0.073405
0.073799
0.073849
0.074038
0.073439
0.073345
0.073149
0.073617
0.073781
0.073390
0.073542
0.073575
0.073395
0.073481
0.073693
0.073668
0.073607
0.073287
0.073551
0.073509
0.073260
0.073662
0.073828
0.073554
0.073536
0.073316
0.073620
0.073464
0.073797
0.073343
0.073321
0.073725
0.073579
0.073573
0.073800
0.073534
0.073797
0.073445
0.073555
0.073482
0.073260
0.073624
0.073592
0.073759
0.073556
0.073510
0.073419
0.073440
0.073464
0.073525
0.073598
0.073490
0.073535
0.073970
0.074304
0.073473
0.073687
0.073731
0.073668
0.073828
0.073866
0.073326
0.073315
0.073311
0.073603
0.073177
0.073311
0.073336
0.073575
0.073169
0.073075
0.073130
0.073227
0.073100
0.073065
0.073175
0.071263
0.073552
0.073557
0.073493
0.073738
0.073562
0.071561
0.073461
0.073429
0.082377
0.073347
0.073468
0.073816
0.073963
0.073621
0.073773
0.073601
0.073733
0.073838
0.073735
0.074061
0.075975
0.084002
0.083827
0.083608
0.084048
0.083671
0.083968
0.083568
0.084247
0.083728
0.083862
0.083666
0.084211
0.083849
0.083869
0.084029
0.083583
0.084026
0.083968
0.083674
0.083575
0.083674
0.084011
0.084181
0.084049
0.083749
0.084110
0.083823
0.084096
0.083757
0.084094
0.083850
0.073337
0.073168
0.073359
0.073484
0.073200
0.073565
0.073532
0.073324
0.073250
0.061948
0.073315
0.073265
0.073299
0.072891
0.073014
0.073575
0.073735
0.073224
0.073002
0.073193
0.073227
0.073508
0.073618
0.081966
0.062322
0.077564
0.077226
0.088302
0.066835
0.073546
0.073385
0.073304
0.073265
0.072868
0.064970
0.071849
0.072101
0.063623
0.081545
0.073746
0.073771
0.073676
0.073371
0.073910
0.071318
0.073495
0.073543
0.073724
0.073636
0.073586
0.073928
0.073545
0.073561
0.073446
0.073568
0.073423
0.073760
0.073249
0.073791
0.073558
0.073279
0.073092
0.073493
0.073242
0.073222
0.073460
0.073352
0.073582
0.073245
0.073359
0.073319
0.073229
0.073890
0.073563
0.073461
0.073215
0.073323
0.073210
0.073639
0.073962
0.073565
0.073379
0.073664
0.073728
0.073562
0.073604
0.073847
0.073864
0.073669
0.073487
0.073519
0.073485
0.073568
0.073990
0.073467
0.073393
0.073499
0.073557
0.073783
0.073117
0.073517
0.073980
0.073612
0.073679
0.073782
0.073271
0.073566
0.073375
0.073484
0.073557
0.073450
0.073418
0.073298
0.073314
0.073306
0.073315
0.073495
0.073548
0.073652
0.073594
0.073353
0.070933
0.073504
0.073073
0.073688
0.073447
0.073661
0.073861
0.073305
0.073444
0.073582
0.073804
0.073989
0.073750
0.073684
0.073481
0.073529
0.073672
0.073685
0.083662
0.083614
0.083083
0.083466
0.083879
0.083707
0.094993
0.083999
0.083491
0.083692
0.083451
0.083288
0.083439
0.083388
0.083456
0.083647
0.084021
0.083824
0.083271
0.083643
0.083973
0.083856
0.083803
0.083941
0.083743
0.084008
0.084025
0.084202
0.084133
0.083976
0.083699
0.083786
0.083992
0.084068
0.084002
0.084146
0.083711
0.083554
0.083777
0.083779
0.083818
0.083843
0.083718
0.083977
0.083859
0.084010
0.084036
0.083843
0.083967
0.083990
0.083745
0.083686
0.083407
0.083771
0.083827
0.084279
0.083562
0.083693
0.083833
0.083410
0.083833
0.083931
0.083902
0.084135
0.084144
0.083730
0.083740
0.083786
0.083782
0.084330
0.083745
0.083919
0.083660
0.083517
0.083753
0.083994
0.081684
0.084137
0.082870
0.083767
0.083919
0.083886
0.083935
0.083882
0.083571
0.083763
0.084010
0.084212
0.083341
0.083485
0.083373
0.083972
0.083529
0.083261
0.084044
0.083679
0.083713
0.083748
0.083862
0.083799
0.083188
0.083788
0.083672
0.084137
0.084276
0.083772
0.083713
0.083762
0.083975
0.084128
0.083442
0.083704
0.083611
0.079029
0.083052
0.083187
0.083309
0.083452
0.083771
0.083802
0.083791
0.083727
0.083334
0.083715
0.083457
0.083486
0.083492
0.083842
0.083836
0.083803
0.083852
0.083803
0.083982
0.083762
0.083863
0.083409
0.083604
0.083494
0.083952
0.083966
0.083665
0.083556
0.083401
0.083576
0.083763
0.083426
0.083407
0.083437
0.083237
0.083141
0.083623
0.083812
0.083539
0.083569
0.083452
0.083636
0.083640
0.083786
0.083607
0.083360
0.083618
0.083715
0.083669
0.083533
0.083351
0.083270
0.083534
0.083858
0.083577
0.083725
0.083901
0.083453
0.083598
0.083888
0.083575
0.083587
0.083440
0.083866
0.083851
0.083745
0.083837
0.083914
0.083554
0.083440
0.083787
0.083556
0.083499
0.094160
0.083470
0.083680
0.083681
0.083664
0.083528
0.084043
0.083934
0.083609
0.083207
0.083529
0.084087
0.083703
0.083370
0.083842
0.083617
0.083641
0.083693
0.083980
0.083905
0.083688
0.083555
0.083603
0.083889
0.083294
0.083822
0.083878
0.083418
0.083108
0.083506
0.081088
0.083221
0.083731
0.083415
0.083499
0.083771
0.084109
0.083511
0.083575
0.083642
0.084247
0.083759
0.083496
0.083777
0.083626
0.083642
0.083682
0.083950
0.083941
0.083765
0.083773
0.083803
0.083845
0.083440
0.083685
0.083923
0.083637
0.083743
0.083887
0.083822
0.083669
0.083367
0.083283
0.083799
0.083541
0.083586
0.083525
0.083415
0.083303
0.083537
0.083506
0.083611
0.083836
0.083656
0.083646
0.083591
0.083331
0.083741
0.083652
0.083470
0.083515
0.083337
0.084335
0.082744
0.083857
0.083621
0.083495
0.083828
0.083664
0.084042
0.083513
0.073306
0.073113
0.073348
0.072927
0.073356
0.073076
0.073521
0.073188
0.073403
0.073089
0.073779
0.072897
0.073126
0.072660
0.073093
0.072973
0.072779
0.072839
0.072743
0.073141
0.072871
0.073370
0.084108
0.072956
0.068679
0.075879
0.080962
0.075170
0.073102
0.072740
0.073268
0.073734
0.074062
0.073587
0.073414
0.073317
0.072932
0.073151
0.071032
0.066596
0.066574
0.073097
0.077448
0.066559
0.082093
0.073553
0.073309
0.073838
0.073771
0.073214
0.073323
0.073577
0.073466
0.073415
0.073363
0.073341
0.073361
0.073480
0.073522
0.071695
0.071304
0.073325
0.073636
0.073475
0.073526
0.073604
0.073596
0.073360
0.073323
0.073767
0.073503
0.073313
0.073668
0.073478
0.073576
0.073424
0.073318
0.073398
0.073547
0.073484
0.073474
0.073646
0.073656
0.073513
0.073334
0.073548
0.073501
0.073918
0.073912
0.073756
0.073749
0.073847
0.073561
0.073455
0.073665
0.073464
0.073637
0.073614
0.073631
0.073819
0.073493
0.073530
0.073371
0.073618
0.073627
0.073770
0.073659
0.073616
0.073352
0.073446
0.073818
0.073720
0.073383
0.073361
0.073451
0.073621
0.073772
0.073539
0.073356
0.073405
0.073898
0.073864
0.073595
0.073529
0.073304
0.073634
0.073483
0.073737
0.071434
0.073281
0.073346
0.073524
0.073753
0.073390
0.073447
0.073675
0.073410
0.073357
0.073866
0.073565
0.073436
0.073857
0.073462
0.073727
0.075559
0.083825
0.083529
0.083865
0.083745
0.083497
0.083539
0.083606
0.083981
0.083554
0.083426
0.083447
0.083698
0.083373
0.083913
0.084064
0.083574
0.083773
0.083590
0.083713
0.083560
0.083562
0.083577
0.083828
0.083835
0.083267
0.072613
0.072480
0.072646
0.072887
0.072536
0.073023
0.072892
0.072786
0.072849
0.070530
0.072530
0.072654
0.072746
0.072949
0.072760
0.073076
0.072703
0.072697
0.073154
0.073165
0.073103
0.072940
0.072770
0.072910
0.072542
0.075396
0.073284
0.072684
0.073050
0.073145
0.073137
0.072902
0.073048
0.073473
0.068617
0.066489
0.062190
0.059439
0.070227
0.063126
0.063073
0.060696
0.060614
0.062924
0.062764
0.062650
0.062882
0.062828
0.063210
0.062819
0.062871
0.062639
0.062652
0.062548
0.062978
0.062689
0.060637
0.067417
0.062872
0.062841
0.062593
0.062752
0.062619
0.062997
0.064950
0.058091
0.062741
0.060670
0.066266
0.062828
0.062857
0.062749
0.060610
0.062636
0.062600
0.062339
0.062907
0.064801
0.062436
0.062779
0.060485
0.067025
0.055987
0.060778
0.062835
0.050254
0.052397
0.052264
0.059220
0.052479
0.052254
0.052212
0.052201
0.052231
0.052546
0.052589
0.052607
0.052465
0.052472
0.048405
0.065759
0.050349
0.052718
0.048036
0.050299
0.052422
0.052339
0.052547
0.052577
0.052615
0.052190
0.052418
0.052619
0.052619
0.052742
0.052587
0.052563
0.052388
0.052552
0.052562
0.052373
0.052857
0.052689
0.052442
0.045776
0.053566
0.048101
0.045713
0.058441
0.057005
0.050228
0.054479
0.062516
0.069458
0.062705
0.062663
0.071717
0.056292
0.065003
0.062987
0.058668
0.069610
0.063252
0.063387
0.063326
0.063081
0.063176
0.063367
0.063590
0.061169
0.062742
0.062933
0.063145
0.063061
0.062951
0.062635
0.062891
0.062985
0.063285
0.056750
0.063052
0.062678
0.060748
0.063298
0.062828
0.063330
0.063114
0.062893
0.063174
0.063091
0.062889
0.063256
0.062948
0.063092
0.062916
0.062885
0.063086
0.069295
0.073341
0.072994
0.073149
0.073166
0.073002
0.071091
0.073068
0.070938
0.073054
0.070994
0.072839
0.081915
0.070655
0.072934
0.073184
0.073188
0.072764
0.073091
0.073158
0.073127
0.072969
0.073099
0.073104
0.073101
0.073330
0.073433
0.073233
0.073227
0.073379
0.073536
0.073472
0.073170
0.070774
0.073173
0.073129
0.072963
0.079303
0.073189
0.072978
0.073085
0.073257
0.073170
0.073138
0.073364
0.064146
0.062189
0.061905
0.059759
0.062159
0.062353
0.071362
0.062453
0.062379
0.060245
0.060192
0.062701
0.062276
0.060549
0.062587
0.062159
0.062528
0.062381
0.062006
0.079753
0.070658
0.072301
0.072262
0.072655
0.072511
0.072689
0.072740
0.061499
0.064813
0.073811
0.074251
0.070719
0.077162
0.072509
0.072298
0.072530
0.068500
0.072836
0.072519
0.066322
0.076865
0.072371
0.065991
0.074659
0.061324
0.075605
0.075582
0.073255
0.072951
0.072966
0.073096
0.073350
0.072890
0.073372
0.073027
0.073323
0.073209
0.073135
0.073115
0.073114
0.073299
0.073206
0.073364
0.072923
0.068857
0.073063
0.073183
0.070817
0.073234
0.073119
0.073048
0.073189
0.072856
0.073247
0.073130
0.073185
0.073345
0.073349
0.072877
0.073299
0.073267
0.073063
0.073193
0.073443
0.073291
0.073236
0.073125
0.073487
0.072910
0.072644
0.073066
0.073218
0.073182
0.073112
