0.023060
0.084074
0.083987
0.083639
0.081533
0.084045
0.084291
0.081925
0.083947
0.083413
0.083845
0.083386
0.083383
0.083422
0.083424
0.083514
0.083272
0.083423
0.083576
0.083184
0.083176
0.083503
0.083580
0.083534
0.083496
0.083489
0.083502
0.084012
0.084030
0.084118
0.084082
0.083757
0.083744
0.083886
0.083968
0.084057
0.084099
0.083986
0.083811
0.083988
0.083972
0.084258
0.083941
0.083810
0.083927
0.083658
0.084123
0.083963
0.083950
0.083860
0.084172
0.083696
0.084030
0.084116
0.083784
0.083929
0.084156
0.083878
0.083751
0.083818
0.083585
0.083715
0.083998
0.083806
0.084066
0.084198
0.083737
0.083917
0.083672
0.083721
0.083927
0.084024
0.083903
0.083554
0.083579
0.083716
0.083796
0.081667
0.083803
0.083119
0.083872
0.083844
0.083736
0.083922
0.083876
0.083678
0.083640
0.084030
0.084037
0.083563
0.083852
0.083824
0.083863
0.083968
0.083702
0.083810
0.084116
0.083637
0.083500
0.084185
0.083602
0.083705
0.083755
0.083611
0.083983
0.083977
0.084129
0.083703
0.083926
0.083851
0.084239
0.084044
0.084009
0.083781
0.084037
0.081166
0.083476
0.083634
0.083782
0.081521
0.084031
0.083255
0.083908
0.083744
0.083730
0.083506
0.083267
0.083299
0.083246
0.083616
0.083424
0.083560
0.083844
0.083951
0.084007
0.083840
0.083625
0.083570
0.083628
0.083467
0.083914
0.083407
0.083526
0.083412
0.083947
0.083968
0.083665
0.083685
0.083579
0.083558
0.083621
0.083724
0.084475
0.083855
0.083788
0.083722
0.083894
0.083987
0.083920
0.083945
0.083607
0.083843
0.083925
0.083942
0.083780
0.083854
0.083727
0.083329
0.083903
0.083770
0.083874
0.083947
0.083620
0.083632
0.083868
0.083846
0.083709
0.083639
0.084022
0.084046
0.083902
0.084145
0.084009
0.083555
0.083466
0.081539
0.083591
0.083445
0.081363
0.083690
0.083736
0.083943
0.083762
0.083538
0.083910
0.083708
0.083874
0.083317
0.083272
0.083409
0.084020
0.083680
0.083706
0.083934
0.083722
0.083951
0.083707
0.084327
0.083724
0.083315
0.083627
0.083754
0.083986
0.083741
0.084069
0.083820
0.083567
0.083783
0.084038
0.096879
0.083691
0.083721
0.083952
0.083885
0.084219
0.084112
0.083708
0.083846
0.084020
0.084189
0.083894
0.083753
0.083793
0.083849
0.083674
0.084115
0.084073
0.084019
0.083924
0.083881
0.083803
0.083745
0.083978
0.084200
0.083689
0.083766
0.083658
0.084012
0.083884
0.083658
0.083495
0.083855
0.083855
0.083928
0.083894
0.083858
0.083693
0.083662
0.083835
0.083797
0.083897
0.084037
0.083839
0.083829
0.083641
0.083664
0.083694
0.083662
0.083585
0.083495
0.083535
0.083807
0.083866
0.083697
0.083448
0.083693
0.083809
0.083949
0.083798
0.076991
0.072948
0.073201
0.073050
0.073022
0.073160
0.073210
0.073341
0.073102
0.073276
0.073511
0.073650
0.073106
0.073251
0.073432
0.073292
0.073172
0.073246
0.072983
0.073403
0.073157
0.073109
0.070828
0.073081
0.072835
0.062063
0.092397
0.066495
0.076591
0.074902
0.072912
0.073304
0.073638
0.073986
0.073224
0.073149
0.073009
0.072694
0.073149
0.068434
0.079418
0.069050
0.067894
0.068571
0.075246
0.073097
0.073034
0.073405
0.073569
0.073332
0.073100
0.073138
0.073552
0.073530
0.073330
0.073243
0.073465
0.073356
0.073499
0.071635
0.073710
0.071247
0.073763
0.073246
0.073834
0.073618
0.073549
0.073393
0.073270
0.073561
0.073663
0.073599
0.073063
0.073251
0.073225
0.073262
0.073002
0.073019
0.073352
0.073432
0.073328
0.073159
0.073371
0.073366
0.073034
0.073080
0.073145
0.073369
0.073548
0.073518
0.073932
0.073381
0.073637
0.073468
0.073343
0.073650
0.073520
0.073500
0.073120
0.073916
0.073823
0.073606
0.073201
0.073521
0.073457
0.073900
0.073667
0.073480
0.073103
0.073755
0.073661
0.073756
0.073912
0.073303
0.073397
0.073620
0.073780
0.073746
0.073439
0.073203
0.073681
0.074105
0.073397
0.073724
0.073323
0.073352
0.073564
0.073689
0.073594
0.071039
0.073436
0.073539
0.073591
0.073296
0.072998
0.073625
0.073512
0.073257
0.073315
0.073914
0.073095
0.073676
0.073588
0.073641
0.073383
0.080062
0.083304
0.083205
0.083657
0.083221
0.083272
0.083559
0.083776
0.083777
0.083364
0.083374
0.083414
0.083367
0.083599
0.083928
0.083359
0.083576
0.083455
0.083700
0.083560
0.083407
0.083380
0.083877
0.081352
0.083200
0.081328
0.072643
0.072728
0.072607
0.073045
0.072968
0.073241
0.072831
0.072895
0.072938
0.070306
0.072808
0.072719
0.072718
0.072648
0.072719
0.072820
0.072555
0.072791
0.072797
0.073041
0.072937
0.072750
0.073027
0.073180
0.066189
0.075338
0.075208
0.090223
0.073315
0.073223
0.073098
0.072879
0.073378
0.071065
0.074805
0.062283
0.066752
0.056655
0.063025
0.063314
0.062807
0.060538
0.071821
0.062999
0.062799
0.062871
0.063130
0.062944
0.063244
0.062856
0.062850
0.062614
0.062731
0.062945
0.062860
0.060578
0.054188
0.063272
0.063094
0.062820
0.062818
0.062546
0.062945
0.058615
0.064567
0.060433
0.063194
0.071500
0.063070
0.062922
0.062874
0.062730
0.060615
0.062622
0.062538
0.063805
0.057234
0.062487
0.062424
0.067171
0.053924
0.062480
0.069834
0.060970
0.058537
0.050408
0.052270
0.048139
0.052532
0.052159
0.052380
0.052027
0.052134
0.052505
0.052511
0.052650
0.052563
0.052334
0.052686
0.050468
0.052193
0.052490
0.052662
0.056819
0.050378
0.052228
0.052623
0.052418
0.052460
0.052417
0.052377
0.052252
0.052556
0.052480
0.052620
0.052496
0.052326
0.052366
0.052430
0.052372
0.047909
0.054840
0.052567
0.054392
0.047156
0.049466
0.056487
0.070516
0.052712
0.052277
0.050198
0.069143
0.060508
0.062486
0.060436
0.058178
0.062675
0.064960
0.062871
0.062639
0.062762
0.062942
0.062976
0.063466
0.063054
0.063112
0.063211
0.063443
0.063403
0.071686
0.062939
0.063134
0.063079
0.063090
0.062924
0.062954
0.063106
0.063135
0.061037
0.063130
0.063058
0.060789
0.063087
0.062946
0.061027
0.063215
0.062631
0.063122
0.063066
0.062795
0.063040
0.063145
0.062840
0.063085
0.062809
0.062908
0.067326
0.073291
0.073147
0.073039
0.073159
0.072891
0.070957
0.073050
0.072912
0.073047
0.072787
0.072917
0.077811
0.070682
0.072711
0.072765
0.073091
0.072533
0.072869
0.072800
0.072976
0.072906
0.072917
0.072849
0.072985
0.073212
0.073332
0.073130
0.073033
0.073210
0.073474
0.073396
0.073289
0.072732
0.073210
0.084356
0.073107
0.068238
0.073199
0.072931
0.073027
0.073208
0.073275
0.072974
0.073303
0.068610
0.062347
0.060203
0.060055
0.062625
0.062451
0.060307
0.062492
0.062457
0.060281
0.062253
0.062571
0.062407
0.062574
0.071418
0.062297
0.062588
0.060439
0.062165
0.062497
0.070878
0.072449
0.072162
0.072543
0.072748
0.072509
0.072870
0.068343
0.078942
0.073012
0.071316
0.076930
0.073864
0.072352
0.072269
0.070241
0.068068
0.072782
0.072492
0.068460
0.074882
0.072640
0.079214
0.074528
0.073072
0.074100
0.078793
0.073380
0.072933
0.073029
0.073151
0.073348
0.073048
0.073351
0.073042
0.073244
0.073293
0.073217
0.073192
0.073171
0.073361
0.073223
0.073372
0.072943
0.068905
0.073044
0.073270
0.070875
0.073203
0.073120
0.073449
0.073150
0.072816
0.073001
0.072991
0.073094
0.073215
0.073131
0.072917
0.073224
0.073368
0.072939
0.073152
0.073284
0.073265
0.073217
0.073271
0.073388
0.072959
0.072693
0.073038
0.073132
0.073185
0.072994
0.062749
0.062350
0.062446
0.062492
0.062507
0.062411
0.061863
0.062216
0.062451
0.062660
0.062528
0.060152
0.060459
0.062711
0.062470
0.062649
0.062717
0.061942
0.062632
0.062601
0.060459
0.060451
0.062477
0.062409
0.062291
0.062345
0.062275
0.062078
0.062452
0.063076
0.059008
0.059666
0.059052
0.062099
0.062383
0.062441
0.062502
0.059803
0.062420
0.059722
0.058060
0.072198
0.061459
0.056325
0.063182
0.062588
0.062549
0.062571
0.062981
0.069400
0.073134
0.072828
0.073001
0.072696
0.072996
0.073328
0.073088
0.072982
0.073136
0.072263
0.073066
0.072801
0.072909
0.072854
0.072982
0.073161
0.073206
0.073117
0.073229
0.072780
0.073073
0.072845
0.073080
0.072914
0.073053
0.073060
0.072841
0.073130
0.073308
0.073029
0.072800
0.073152
0.073263
0.072963
0.073462
0.073488
0.073113
0.073293
0.073203
0.073108
0.073143
0.073256
0.072757
0.072781
0.072604
0.072970
0.073163
0.072999
0.072491
0.072653
0.073072
0.073236
0.073367
0.073220
0.073448
0.073330
0.073188
0.072651
0.073335
0.073165
0.073316
0.073090
0.073112
0.072647
0.073233
0.073081
0.072921
0.070898
0.072848
0.073244
0.073095
0.073318
0.073205
0.073268
0.073272
0.072881
0.073014
0.073072
0.073232
0.072472
0.073079
0.073258
0.073338
0.073090
0.072817
0.073170
0.073251
0.072852
0.073319
0.073196
0.073237
0.073165
0.073036
0.073128
0.073254
0.072839
0.072519
0.077399
0.083462
0.083614
0.083189
0.082949
0.083435
0.083216
0.083377
0.083048
0.083331
0.082927
0.083438
0.083211
0.083316
0.083310
0.083289
0.082895
0.083100
0.083056
0.083225
0.083303
0.083187
0.083018
0.083364
0.083442
0.083554
0.083341
0.083362
0.083041
0.083593
0.083113
0.083465
0.083220
0.083518
0.083443
0.083388
0.083501
0.083433
0.083149
0.083501
0.083233
0.083604
0.083486
0.080995
0.083601
0.082994
0.083115
0.083244
0.083238
0.083211
0.082946
0.083377
0.083020
0.083379
0.083228
0.083229
0.083246
0.083161
0.083063
0.083273
0.082998
0.083551
0.083194
0.096289
0.083362
0.083375
0.083228
0.083219
0.083409
0.083473
0.083299
0.083108
0.083223
0.083344
0.083463
0.083024
0.083269
0.081053
0.083357
0.083086
0.083347
0.083369
0.083082
0.083302
0.083201
0.083281
0.083203
0.083162
0.082946
0.083072
0.083196
0.083073
0.082928
0.083269
0.083141
0.083367
0.081133
0.083188
0.083426
0.083492
0.083354
0.083169
0.083193
0.083345
0.083256
0.083391
0.083461
0.083551
0.083322
0.083256
0.083576
0.083460
0.083244
0.083376
0.083396
0.082964
0.082999
0.082706
0.082783
0.082852
0.082927
0.083044
0.080745
0.083491
0.083211
0.083065
0.083149
0.083344
0.083424
0.083416
0.083277
0.083185
0.083403
0.083408
0.083317
0.083250
0.083094
0.083670
0.083436
0.081143
0.082918
0.082881
0.083148
0.083290
0.083178
0.083332
0.083223
0.083239
0.083429
0.083310
0.083428
0.083266
0.082998
0.078587
0.072765
0.070801
0.072999
0.072652
0.072372
0.072649
0.072583
0.072583
0.072674
0.072505
0.072930
0.072731
0.072888
0.072541
0.073096
0.072669
0.072741
0.072930
0.072517
0.073041
0.072913
0.072972
0.072843
0.072648
0.072481
0.072713
0.072976
0.072715
0.072745
0.072323
0.070545
0.074603
0.072656
0.065935
0.081094
0.072889
0.072711
0.070797
0.072893
0.072801
0.072296
0.071479
0.072633
0.078946
0.075557
0.065695
0.072982
0.069994
0.073333
0.070712
0.073070
0.071257
0.068661
0.073220
0.070801
0.073417
0.084300
0.073183
0.073398
0.073147
0.073328
0.073349
0.073367
0.073205
0.073503
0.072971
0.070991
0.073192
0.073109
0.073266
0.072592
0.073120
0.073233
0.072960
0.073270
0.070978
0.073297
0.073176
0.073435
0.072740
0.072944
0.073152
0.072776
0.072863
0.073272
0.073358
0.072750
0.073361
0.070668
0.073327
0.073209
0.073431
0.073111
0.073410
0.073028
0.073267
0.073030
0.073031
0.073245
0.072850
0.073138
0.073128
0.073284
0.073184
0.073334
0.073123
0.073044
0.072975
0.073209
0.073231
0.073259
0.073284
0.073217
0.073271
0.073178
0.073220
0.073219
0.073203
0.073045
0.072981
0.073325
0.073256
0.073064
0.073213
0.073105
0.073308
0.073257
0.073216
0.073397
0.073283
0.073162
0.072995
0.072769
0.073123
0.073032
0.068937
0.072904
0.073081
0.073124
0.073026
0.073050
0.073103
0.073451
0.073224
0.073003
0.073004
0.073228
0.073036
0.081587
0.082784
0.082981
0.082647
0.083097
0.082831
0.082795
0.082952
0.083103
0.083168
0.083414
0.083414
0.083183
0.083333
0.083107
0.080788
0.083322
0.083154
0.083664
0.083361
0.083001
0.083019
0.083434
0.083256
0.083194
0.083151
0.083201
0.082989
0.082996
0.083183
0.083069
0.083354
0.083269
0.083137
0.083476
0.083228
0.083177
0.083251
0.082894
0.083410
0.083620
0.083175
0.083240
0.083259
0.083317
0.082970
0.083408
0.083382
0.083257
0.083002
0.082940
0.083086
0.083202
0.083154
0.083220
0.083163
0.083271
0.083409
0.082956
0.082864
0.083339
0.082446
0.083206
0.083686
0.083100
0.083457
0.083429
0.083207
0.083381
0.083397
0.083307
0.083221
0.083395
0.083314
0.083148
0.083511
0.083240
0.083427
0.083444
0.083358
0.083134
0.083183
0.083014
0.083259
0.083197
0.083173
0.083117
0.082933
0.083208
0.083194
0.083359
0.083208
0.083185
0.083235
0.083217
0.081052
0.083081
0.083116
0.080909
0.080543
0.083074
0.083288
0.083302
0.083426
0.083102
0.083392
0.083222
0.083241
0.083272
0.083125
0.083194
0.083282
0.083291
0.083233
0.083355
0.083325
0.083203
0.082947
0.083348
0.083639
0.083620
0.083436
0.083343
0.083412
0.083386
0.083436
0.083292
0.083242
0.083369
0.083449
0.083415
0.083456
0.083768
0.083210
0.083219
0.083483
0.082986
0.082773
0.082908
0.082775
0.082692
0.083070
0.082621
0.082519
0.082764
0.082885
0.082893
0.082861
0.083058
0.082660
0.083134
0.083064
0.083362
0.083067
0.083252
0.083637
0.083225
0.083231
0.083206
0.083510
0.082974
0.082897
0.082530
0.083010
0.083256
0.083119
0.083570
0.082905
0.083260
0.082913
0.096341
0.083294
0.083255
0.083147
0.083346
0.083450
0.083607
0.083364
0.083159
0.083325
0.083472
0.081071
0.083444
0.083359
0.083582
0.083311
0.083006
0.083149
0.083204
0.083469
0.083416
0.083245
0.083453
0.083415
0.082790
0.083100
0.083288
0.082926
0.083431
0.083282
0.083058
0.082548
0.083071
0.082958
0.083286
0.083356
0.083085
0.083179
0.083099
0.083144
0.082929
0.082509
0.082984
0.083107
0.083522
0.083172
0.083264
0.082954
0.083365
0.083505
0.083268
0.083081
0.083236
0.082741
0.083137
0.083460
0.083411
0.083525
0.083389
0.083228
0.083098
0.083281
0.082963
0.083009
0.082954
0.082789
0.082889
0.083309
0.083314
0.083395
0.083221
0.083260
0.083180
0.082989
0.083102
0.083231
0.083457
0.083118
0.083461
0.083020
0.083473
0.083322
0.083320
0.083061
0.083109
0.083052
0.083181
0.083309
0.083298
0.083285
0.083189
0.083309
0.083184
0.083347
0.083452
0.083242
0.083369
0.083264
0.083379
0.083441
0.083481
0.083200
0.083382
0.083351
0.083036
0.083560
0.082985
0.082987
0.083061
0.083013
0.082955
0.083084
0.083589
0.083487
0.083171
0.083307
0.083127
0.082901
0.083344
0.083453
0.083219
0.083323
0.083462
0.083251
0.083345
0.083479
0.083091
0.083436
0.083075
0.083439
0.083217
0.083059
0.082785
0.083266
0.083404
0.082952
0.082906
0.083132
0.083205
0.083070
0.083005
0.083173
0.080981
0.082828
0.083082
0.083324
0.083362
0.082862
0.083106
0.083432
0.083415
0.083230
0.083497
0.083100
0.083138
0.083176
0.082784
0.083012
0.083204
0.083169
0.083302
0.083155
0.083433
0.083028
0.083186
0.083737
0.083517
0.083480
0.083398
0.083189
0.083374
0.083321
0.083380
0.083498
0.083087
0.083258
0.083308
0.083369
0.083457
0.083276
0.083354
0.083178
0.083459
0.083307
0.083456
0.083296
0.083039
0.083432
0.083126
0.083120
0.083430
0.083435
0.083461
0.083215
0.083663
0.083302
0.083478
0.083125
0.083162
0.083342
0.083342
0.083298
0.083064
0.083277
0.083468
0.083280
0.083116
0.083040
0.083350
0.082513
0.082808
0.082617
0.082825
0.083074
0.082884
0.082954
0.082612
0.082388
0.083362
0.083160
0.082989
0.082917
0.083216
0.083162
0.083258
0.082729
0.082894
0.082451
0.082753
0.082843
0.082861
0.080622
0.082799
0.083061
0.083267
0.083309
0.083232
0.083491
0.083085
0.083229
0.083050
0.083205
0.083209
0.083086
0.083307
0.083156
0.083355
0.083391
0.083122
0.083092
0.083182
0.083395
0.083401
0.082890
0.083349
0.083326
0.083069
0.082968
0.083310
0.083435
0.083331
0.083172
0.083273
0.082909
0.083208
0.083227
0.083368
0.083270
0.083352
0.083713
0.083510
0.083545
0.083410
0.082956
0.083042
0.083313
0.083215
0.083293
0.083083
0.083541
0.083397
0.083166
0.083425
0.083230
0.083074
0.082898
0.083129
0.083154
0.083267
0.082880
0.083158
0.082920
0.083444
0.083158
0.083115
0.083317
0.083459
0.083443
0.083248
0.083112
0.083360
0.083411
0.083461
0.083431
0.083573
0.083084
0.083240
0.083524
0.083342
0.083179
0.083467
0.083071
0.083762
0.081992
0.083284
0.083390
0.082721
0.083261
0.083434
0.083069
0.083517
0.083151
0.083432
0.083199
0.083398
0.083183
0.083050
0.082948
0.082638
0.082741
0.082841
0.082999
0.083060
0.083317
0.083163
0.083136
0.083069
0.083197
0.083364
0.082971
0.083260
0.082940
0.082980
0.083307
0.083366
0.083243
0.081232
0.083086
0.083412
0.081038
0.083441
0.083469
0.083161
0.083429
0.083381
0.083482
0.083452
0.082958
0.083544
0.083567
0.083330
0.083251
0.083220
0.083273
0.083236
0.083565
0.083267
0.082970
0.083334
0.082682
0.082685
0.082502
0.083026
0.082648
0.082868
0.082810
0.082929
0.082819
0.083015
0.083023
0.078388
0.082911
0.083499
0.083202
0.083261
0.083381
0.083397
0.083071
0.083191
0.083379
0.081055
0.082764
0.082877
0.082955
0.083054
0.083618
0.082804
0.082950
0.083092
0.083284
0.082659
0.083373
0.082879
0.083207
0.083128
0.082645
0.082844
0.083598
0.083531
0.083388
0.083227
0.083463
0.083417
0.083303
0.083240
0.083043
0.083251
0.083311
0.083304
0.083100
0.083063
0.083184
0.083465
0.083181
0.083113
0.083273
0.082872
0.083047
0.083264
0.083458
0.083365
0.083200
0.083335
0.081332
0.083000
0.083494
0.082926
0.083290
0.083302
0.083080
0.083050
0.083141
0.083272
0.083165
0.083103
0.083207
0.083394
0.083197
0.083351
0.083072
0.083223
0.083485
0.083406
0.083436
0.083271
0.083404
0.074412
0.072911
0.072456
0.072432
0.072443
0.072150
0.072604
0.072493
0.072496
0.072661
0.072454
0.070877
0.072932
0.072559
0.072129
0.072759
0.072582
0.073004
0.072828
0.072405
0.072832
0.072379
0.072781
0.070544
0.072686
0.072596
0.072460
0.072505
0.072469
0.072451
0.072767
0.072718
0.072599
0.072611
0.072605
0.068350
0.065727
0.078987
0.076828
0.065878
0.072785
0.072611
0.072809
0.072748
0.072987
0.072524
0.066103
0.076374
0.070289
0.074760
0.081157
0.081728
0.072893
0.068305
0.072705
0.071087
0.073032
0.073334
0.072806
0.073092
0.072894
0.073105
0.072755
0.072910
0.073073
0.072846
0.072892
0.072857
0.072773
0.072737
0.072879
0.072755
0.072678
0.073204
0.073070
0.072809
0.073035
0.073220
0.073015
0.072828
0.072935
0.072929
0.073313
0.072752
0.072990
0.073108
0.073035
0.073099
0.073177
0.073144
0.072606
0.072963
0.073057
