92	146	58	44
94	144	58	44
93	144	62	46
93	142	64	47
99	140	63	49
104	138	63	49
108	135	63	49
113	134	62	48
116	132	62	49
122	131	62	48
125	129	63	50
127	127	63	49
132	126	64	50
135	126	62	50
138	125	63	50
143	123	63	51
146	122	63	51
148	122	62	53
150	122	63	54
152	120	63	55
154	119	63	57
157	119	63	57
158	118	65	58
158	118	65	59
161	120	64	57
160	119	67	60
160	120	67	59
160	118	69	61
160	122	69	60
159	122	72	63
158	124	72	64
157	124	73	65
156	126	76	66
152	130	79	67
152	133	80	68
149	134	83	70
147	138	84	71
143	143	86	70
140	146	89	73
137	152	87	71
133	154	89	71
127	160	91	70
122	164	93	71
119	167	94	74
114	168	96	75
109	172	94	74
103	175	98	76
98	177	97	74
93	176	99	76
87	176	101	77
83	178	99	75
77	177	100	76
70	178	102	75
66	177	102	77
63	178	100	75
58	175	101	78
53	176	102	76
51	176	102	76
49	173	99	76
48	175	98	74
45	174	98	72
42	175	99	72
41	174	99	71
45	175	93	69
45	175	91	70
45	174	91	70
45	175	90	70
47	175	87	69
49	175	84	67
52	175	83	66
57	176	78	65
60	176	77	63
64	173	75	63
67	174	73	64
72	173	70	61
77	174	69	60
80	174	68	59
87	171	64	58
88	171	64	59
95	169	60	58
98	168	59	56
102	166	57	57
107	164	56	56
112	163	54	56
115	160	54	55
120	158	51	55
124	155	49	56
127	153	49	55
132	152	47	54
134	150	48	54
138	148	45	54
142	147	44	54
144	147	43	53
149	146	39	52
150	146	41	51
154	144	40	54
156	143	39	53
159	143	37	53
162	143	36	53
163	144	36	52
164	143	36	52
162	144	38	52
165	144	36	51
168	145	33	52
168	145	32	52
169	145	32	54
169	146	31	53
167	147	32	54
166	149	33	52
166	150	32	53
164	151	32	53
164	153	31	53
164	155	30	52
163	156	31	53
161	158	30	53
159	159	30	53
157	161	31	55
155	162	31	55
153	165	29	55
150	166	30	56
147	167	30	57
145	170	29	57
141	173	31	56
138	174	30	57
135	176	29	57
132	177	29	57
128	179	30	57
125	182	29	56
122	181	29	57
119	184	30	56
116	183	30	58
114	182	29	58
111	183	41	55
110	183	32	58
111	185	28	58
107	183	29	59
107	183	28	57
106	185	28	56
104	184	27	57
103	180	28	59
102	181	28	57
102	179	27	57
101	179	28	56
103	178	27	58
104	176	25	58
103	173	28	57
108	172	27	57
115	170	28	58
118	171	30	56
123	167	30	55
123	164	31	54
125	162	30	57
131	168	32	58
136	175	34	57
142	180	34	57
148	187	37	57
155	191	38	54
163	192	39	55
169	191	38	55
173	189	39	54
180	185	40	53
187	180	41	55
195	177	43	54
202	175	42	52
210	167	45	53
215	158	46	53
216	145	50	56
218	134	49	56
214	122	50	58
210	116	52	54
207	111	51	55
200	110	50	53
191	108	51	54
181	111	53	54
176	116	50	52
170	120	53	53
172	126	46	54
172	131	45	55
167	137	53	54
166	142	53	56
178	146	48	57
188	148	45	54
201	144	40	55
207	137	44	55
209	129	45	54
210	119	45	57
206	112	47	57
189	109	53	55
174	106	55	57
168	109	55	59
155	114	56	58
147	125	63	56
144	136	58	53
144	151	60	53
143	160	60	54
144	166	61	54
150	174	58	57
150	175	63	53
151	173	63	52
155	170	64	54
151	164	61	57
142	155	62	57
130	143	64	59
116	135	63	57
105	125	59	57
85	121	60	58
72	123	57	58
62	130	57	56
51	142	55	51
45	151	56	50
43	161	53	52
44	166	52	51
43	168	54	56
43	169	58	54
50	168	57	51
55	159	58	52
62	152	59	55
67	142	62	56
70	131	63	56
71	116	62	63
69	102	63	63
66	100	59	60
59	100	63	58
53	107	62	58
49	115	61	59
47	124	62	61
48	129	69	61
54	134	65	62
57	137	69	62
67	137	73	62
78	131	74	63
84	128	80	65
95	122	82	67
101	113	85	68
110	104	86	70
112	93	88	69
114	76	89	70
110	62	89	70
103	59	88	67
94	60	94	75
90	65	95	76
90	73	92	78
92	84	95	80
98	98	94	83
105	113	96	79
114	125	96	76
130	133	94	74
145	129	89	81
159	123	89	81
179	115	84	80
191	105	87	81
207	93	83	82
219	84	79	79
227	79	73	79
228	80	71	73
229	77	72	75
232	78	69	73
229	81	69	75
231	86	69	75
234	93	66	78
240	98	65	79
239	102	67	80
255	104	59	82
265	104	56	80
276	101	54	76
282	93	55	75
288	82	57	76
298	77	47	72
292	63	50	74
288	55	49	70
286	48	52	67
290	41	48	70
283	40	48	69
274	43	48	68
266	45	49	67
253	53	50	67
243	59	50	67
237	65	52	67
221	75	59	70
213	81	57	72
205	86	59	73
205	91	59	71
201	95	58	74
198	96	57	73
186	94	60	74
180	90	61	71
169	88	59	71
160	80	60	73
141	81	65	71
127	81	64	71
107	84	67	71
88	91	69	70
78	98	63	70
70	105	64	71
64	111	67	72
61	119	66	70
59	126	65	67
60	126	66	70
62	128	68	71
66	127	68	73
71	128	71	72
80	128	73	74
90	126	69	71
95	125	70	69
97	123	69	75
98	117	69	80
92	113	71	79
91	108	66	83
81	102	71	84
77	98	66	81
70	98	68	83
66	99	68	82
63	102	68	84
61	106	69	84
60	110	71	89
65	118	70	89
75	117	72	86
86	114	69	88
103	103	68	95
119	94	65	95
135	85	62	90
148	77	59	94
160	66	57	92
167	60	53	92
169	58	54	92
172	51	53	94
178	56	50	93
180	59	52	96
186	70	53	95
193	80	58	94
202	87	61	95
212	96	65	93
224	100	70	94
237	103	72	90
252	101	70	89
266	96	74	89
275	88	70	88
288	79	57	84
294	76	51	84
293	72	52	80
291	70	54	75
281	69	64	78
275	71	70	76
266	79	77	78
260	95	82	72
256	102	79	75
254	115	78	72
256	120	77	73
259	128	72	70
266	130	71	68
271	126	73	71
275	118	70	70
280	111	65	67
285	97	60	67
294	78	51	66
291	64	54	65
280	51	65	66
272	43	70	64
254	35	71	68
239	28	68	71
221	30	67	71
195	39	72	67
180	46	69	65
162	59	72	64
150	68	70	66
141	82	68	64
139	91	62	66
137	97	60	64
133	101	62	62
133	94	57	67
126	86	56	70
114	74	54	71
107	65	51	73
93	60	51	69
92	55	48	67
72	55	48	67
54	58	50	68
41	67	48	66
28	75	50	67
20	88	50	67
16	97	49	69
11	101	50	68
13	107	48	68
13	108	53	66
18	104	54	71
25	94	53	72
31	84	51	71
27	76	56	74
25	68	57	73
23	64	59	73
20	68	58	68
12	80	64	71
7	90	68	74
11	98	69	74
16	105	70	74
22	109	75	72
34	107	79	74
40	101	84	75
51	94	88	81
63	89	101	82
69	82	104	82
76	73	105	87
82	66	113	86
84	64	119	87
92	64	122	87
95	64	128	90
102	68	125	91
108	69	134	93
115	70	139	95
128	65	133	100
139	59	131	102
148	56	129	101
154	50	122	105
163	46	121	104
168	46	127	103
190	44	119	106
207	39	110	103
224	30	109	105
240	23	105	104
246	18	99	105
245	6	100	95
243	25	97	96
235	32	95	87
230	33	91	89
222	39	94	91
222	48	93	84
219	56	93	82
220	65	87	77
219	72	81	77
214	79	80	77
212	84	75	82
210	89	75	79
209	98	75	77
216	106	71	70
211	103	74	76
221	105	60	73
217	104	64	77
217	105	64	73
217	111	64	67
221	106	60	77
214	105	64	74
208	101	64	73
198	98	64	75
185	95	65	72
167	95	65	73
154	96	66	74
141	100	69	73
131	110	69	69
125	117	67	65
119	119	66	66
115	118	68	67
112	118	65	64
110	112	63	63
104	106	65	63
93	102	70	65
84	103	70	63
70	107	63	61
58	111	62	61
49	120	60	62
42	130	62	62
40	139	60	56
42	143	58	56
41	140	61	59
38	136	61	56
34	126	60	59
29	119	63	57
27	115	60	60
20	118	60	59
14	124	61	61
11	131	61	64
8	138	64	64
14	149	57	63
20	149	55	64
24	148	57	61
32	138	52	63
37	132	54	63
40	120	55	65
44	110	53	67
47	101	54	69
47	93	56	70
51	87	55	73
54	84	54	73
55	84	53	74
56	86	54	77
57	89	53	77
64	94	49	77
68	96	47	81
76	102	46	82
86	107	43	81
98	109	40	85
107	120	38	80
123	125	36	79
136	125	37	79
152	122	36	81
164	115	42	82
178	105	46	83
190	94	49	86
197	88	53	83
202	81	56	84
206	79	59	82
192	77	71	79
204	75	62	76
199	75	63	80
197	78	63	80
193	84	66	79
196	88	64	79
196	96	65	77
197	101	65	79
200	107	67	76
205	112	71	76
215	114	66	75
224	113	66	77
232	112	66	76
236	109	69	78
238	105	73	79
237	105	75	78
236	101	80	79
230	97	77	81
227	93	71	85
221	95	73	81
218	96	74	76
217	95	73	87
215	94	71	83
213	91	73	82
205	89	72	80
193	87	71	79
184	86	66	79
165	87	66	76
166	91	55	76
146	97	61	74
141	110	61	68
137	118	60	68
135	125	61	66
135	137	51	51
136	125	56	59
132	120	58	60
133	112	60	58
130	103	58	61
131	92	57	61
130	88	54	57
122	86	51	54
111	84	52	54
102	83	48	54
95	86	44	54
86	94	44	51
80	102	48	49
81	107	46	51
85	112	43	50
87	118	44	47
93	121	48	45
97	118	46	45
103	115	47	45
109	112	47	44
117	106	46	43
122	104	47	44
126	97	47	45
131	90	46	45
130	88	47	42
132	85	48	42
134	83	45	40
131	83	48	39
127	84	45	38
122	89	44	36
122	92	44	37
118	99	44	37
121	109	44	35
127	121	48	32
136	129	45	32
143	134	49	34
154	137	46	34
167	139	45	35
178	138	46	35
188	133	50	36
190	124	56	33
200	114	53	33
208	107	50	34
211	99	47	36
211	93	48	35
209	92	46	36
209	92	46	37
206	93	46	38
202	94	46	39
201	93	47	40
202	94	49	42
206	103	44	42
213	107	47	43
219	111	49	42
229	114	46	39
237	116	47	40
245	115	45	41
252	117	45	41
256	116	45	41
262	118	44	41
263	119	41	38
259	117	42	40
249	116	46	41
242	114	46	43
233	115	45	45
229	118	44	44
223	122	41	43
217	129	46	43
215	134	45	43
212	137	46	43
211	143	45	43
213	144	44	43
216	145	43	44
217	145	45	43
219	145	46	42
225	143	47	41
229	139	46	43
228	137	46	42
231	130	44	43
227	127	45	42
226	123	43	40
221	117	44	40
219	115	42	40
210	109	43	39
198	107	45	39
186	109	47	37
177	113	44	39
169	118	45	37
163	126	46	38
162	133	43	37
163	137	43	37
160	141	44	37
165	145	44	35
167	144	44	37
170	147	42	37
177	143	42	36
183	140	41	36
187	135	42	38
191	129	41	37
191	123	42	37
191	117	41	34
188	116	41	34
186	113	40	34
181	107	41	36
172	109	37	35
165	109	37	37
159	111	35	38
153	112	36	38
150	119	37	37
148	120	35	41
149	125	34	40
151	129	34	39
157	131	35	41
163	133	36	39
171	129	34	40
182	124	32	40
193	114	33	42
203	106	35	42
210	96	34	44
216	91	34	43
225	84	31	43
230	78	31	44
234	77	29	45
232	74	30	45
238	75	26	42
239	73	28	45
241	76	25	46
243	83	25	44
246	84	23	48
249	90	23	48
254	98	23	47
259	105	23	46
266	111	24	47
275	115	25	48
284	117	25	47
291	117	27	47
299	119	28	48
307	117	28	49
313	115	29	50
314	110	29	49
316	106	28	50
315	103	28	51
311	97	30	53
303	92	29	50
293	86	34	53
285	86	35	53
277	88	37	53
265	90	40	55
254	96	41	52
245	103	42	53
237	112	44	51
233	119	42	53
230	122	42	52
230	122	40	54
227	135	38	44
225	122	41	56
227	123	39	57
225	118	38	59
221	111	37	59
210	103	39	60
204	98	38	59
196	94	38	59
184	88	38	61
175	87	38	61
164	87	37	60
153	89	37	59
142	92	36	60
133	97	38	62
129	104	39	62
125	111	37	61
123	115	37	65
121	118	37	62
124	118	36	64
124	115	39	64
127	112	39	62
125	99	42	64
120	87	45	68
118	80	43	67
112	70	47	65
106	63	48	66
95	57	49	66
89	53	51	65
81	52	53	63
73	50	52	62
66	52	55	60
62	55	54	61
59	55	54	61
56	61	56	60
51	65	58	58
49	69	58	59
48	72	58	57
46	74	60	58
44	78	60	58
43	79	60	59
41	83	61	59
40	85	64	58
39	89	64	58
39	94	66	58
39	101	67	58
40	107	66	56
44	118	67	55
49	125	70	55
53	134	74	55
57	139	78	56
67	144	81	58
78	150	82	59
87	154	82	58
96	155	85	60
110	160	84	58
121	158	87	61
133	159	85	62
140	158	84	62
148	156	85	60
154	153	81	60
160	150	84	58
167	147	85	59
176	140	80	59
178	137	83	59
183	133	81	60
187	128	79	58
187	122	77	57
186	116	77	58
181	109	77	58
179	103	76	59
175	95	73	57
170	90	74	58
166	88	74	59
162	88	72	58
160	90	71	59
156	93	69	58
154	101	68	56
152	105	69	56
152	112	70	53
154	116	71	53
155	118	71	53
161	118	69	53
163	118	71	53
168	118	68	51
173	115	67	51
176	113	65	50
179	107	63	51
176	100	62	50
172	90	66	50
163	81	66	50
159	75	65	49
153	72	65	50
150	73	64	50
141	77	62	49
134	80	63	48
127	85	60	50
119	93	61	50
115	98	59	51
112	107	59	49
109	113	59	50
107	122	58	48
104	131	58	48
104	139	57	46
104	148	59	47
106	152	59	47
110	156	57	48
117	162	56	47
124	164	57	47
135	162	57	49
145	164	55	49
152	161	56	47
157	152	55	51
163	146	54	51
168	136	53	53
168	131	54	53
170	126	53	56
171	122	54	59
171	119	52	59
174	118	48	60
176	119	49	59
179	123	48	58
180	125	48	60
182	122	53	61
182	126	45	59
185	129	43	61
188	132	42	64
192	134	40	67
193	141	42	65
200	150	39	64
205	156	37	61
208	160	36	62
213	166	34	58
219	172	30	57
220	175	31	57
226	176	30	57
229	179	27	57
232	179	26	55
235	183	26	53
238	179	24	53
241	177	25	53
247	171	22	52
251	164	23	52
251	156	22	52
248	147	25	53
248	140	24	53
243	134	23	50
238	131	24	50
232	133	25	50
228	137	25	50
221	141	26	48
215	145	25	48
210	151	25	46
202	158	29	44
204	159	28	44
211	158	24	44
215	153	23	43
218	149	24	41
215	145	26	43
218	140	25	42
212	130	25	41
206	119	26	42
196	114	25	40
188	110	23	40
180	112	23	41
170	114	24	40
158	122	27	37
148	129	28	38
146	140	25	38
142	147	29	43
143	157	30	40
146	164	27	39
147	171	27	36
151	171	25	40
151	172	27	36
151	157	26	45
149	148	25	42
147	138	24	45
144	129	25	43
136	121	25	43
129	115	25	44
118	118	28	43
112	123	31	44
107	127	28	45
99	138	27	45
94	150	28	45
88	165	31	43
86	178	34	42
90	187	33	41
97	193	32	39
101	197	35	40
110	189	33	43
116	179	38	44
114	170	38	46
115	159	39	48
114	145	41	49
109	135	44	51
106	132	43	43
101	129	47	47
98	128	47	48
97	137	50	47
95	149	48	46
93	156	50	47
93	164	54	48
95	172	55	48
98	176	56	49
100	179	59	50
106	182	59	49
113	178	61	52
122	173	64	52
127	162	67	55
128	156	70	54
129	149	73	56
132	140	74	62
133	135	74	64
132	139	71	68
128	143	74	66
122	147	80	67
124	149	80	70
121	153	81	69
127	159	76	70
137	160	82	73
147	164	82	73
153	160	79	72
155	157	87	71
161	147	84	72
160	139	86	71
158	128	86	76
151	117	86	76
134	109	92	77
126	110	93	81
111	114	89	84
99	128	92	82
94	138	88	81
90	158	88	75
90	171	86	75
92	186	86	70
94	195	85	64
93	201	86	58
96	202	84	57
96	195	85	64
96	178	83	77
92	170	83	79
86	162	85	78
77	155	84	77
64	153	91	78
60	154	87	78
48	160	85	75
46	168	80	73
41	177	80	70
36	186	85	69
41	200	75	59
42	206	76	53
37	213	86	46
47	216	77	43
60	210	75	49
76	205	63	54
75	197	65	62
69	183	74	68
66	171	78	69
62	159	80	69
69	151	71	70
66	147	73	66
63	141	68	66
63	145	66	65
61	152	65	65
60	164	65	66
63	176	62	64
64	183	62	65
70	190	58	63
79	192	57	64
86	188	54	67
91	184	56	69
99	174	54	68
104	165	54	63
104	151	54	63
103	131	52	69
104	121	51	67
101	109	50	67
98	97	49	69
92	94	48	70
93	97	45	69
92	103	44	70
95	110	44	71
98	119	44	70
103	126	42	72
111	133	37	72
120	138	36	72
131	145	37	71
151	147	34	70
168	143	32	70
182	135	34	70
193	123	36	72
200	111	39	71
208	98	38	69
203	88	44	71
201	86	46	70
192	84	47	70
184	90	50	70
183	105	49	69
178	122	52	68
177	140	52	65
178	154	54	66
177	162	57	65
183	176	54	63
188	182	50	64
193	186	52	64
197	186	55	65
199	185	55	65
204	184	53	65
202	181	52	63
198	178	53	65
188	175	59	63
179	171	58	62
170	174	60	58
157	175	62	58
150	180	62	56
143	187	61	54
140	190	61	56
137	189	59	60
132	192	56	56
133	186	53	55
133	180	53	52
130	161	53	56
130	151	52	57
126	138	51	57
121	125	50	59
112	117	49	59
108	107	51	58
105	103	46	55
96	103	48	55
89	107	50	54
82	117	48	54
76	126	47	54
74	136	48	52
71	143	48	52
71	149	48	50
71	151	52	49
76	155	50	46
82	153	52	48
94	150	50	49
105	146	49	50
111	135	48	56
115	120	51	57
111	105	54	54
109	95	55	55
99	85	57	54
90	83	62	51
83	91	63	52
74	101	63	51
72	114	65	51
69	127	66	49
67	137	69	50
70	146	69	52
69	152	74	52
75	157	76	55
85	162	75	55
97	165	80	57
107	165	86	62
116	159	88	66
126	153	90	69
131	148	97	72
133	143	100	71
126	127	108	81
120	122	111	79
112	117	116	84
101	108	121	93
92	114	124	93
81	121	127	96
75	131	129	97
78	146	131	98
76	152	139	100
90	162	143	97
107	155	146	103
109	157	152	102
111	137	157	121
109	123	153	130
102	106	156	134
92	98	162	134
87	94	161	143
84	104	167	137
86	117	157	132
83	136	156	123
84	146	158	113
92	165	155	94
106	184	143	75
125	192	129	67
138	201	116	58
148	192	104	67
136	180	119	79
131	161	121	98
122	149	119	110
113	142	117	107
105	140	112	102
101	144	105	97
99	154	103	93
102	164	97	91
107	176	91	83
116	179	84	80
123	179	84	80
133	177	76	80
137	170	74	77
136	154	70	76
134	137	65	78
129	127	66	72
125	118	63	70
117	117	61	69
114	117	57	68
114	125	55	64
119	133	54	60
122	131	51	62
129	125	46	59
125	111	48	58
116	95	42	55
111	85	40	55
110	87	38	53
114	94	39	53
122	100	37	50
124	96	36	52
123	92	33	50
121	88	33	49
119	85	33	47
127	85	29	46
133	79	28	46
137	72	25	48
136	66	24	46
134	61	25	45
135	60	24	45
134	63	24	44
133	71	23	44
134	75	25	47
135	80	26	43
143	83	23	43
139	77	23	43
136	73	22	41
128	73	26	38
135	70	22	43
140	77	22	42
139	82	24	42
139	81	24	44
141	84	24	43
148	88	26	43
152	88	29	44
149	89	32	43
154	86	30	42
159	86	28	44
160	88	32	46
162	86	31	45
161	88	34	47
160	88	35	47
167	93	36	50
169	94	38	52
170	94	41	53
170	94	42	54
176	98	39	55
178	99	45	56
177	99	49	56
173	98	50	57
177	100	46	59
187	107	48	60
189	108	52	62
179	107	63	64
177	106	66	66
185	109	58	66
184	110	62	67
182	110	62	70
176	111	64	69
175	110	67	70
180	112	62	71
192	110	59	74
190	107	62	73
183	101	66	73
184	98	67	72
187	96	68	70
185	95	71	69
180	91	71	69
178	88	66	68
174	88	69	67
171	88	69	64
166	89	65	63
157	90	63	60
156	95	63	59
166	100	56	59
179	107	50	57
182	112	55	56
180	110	57	53
174	104	56	53
164	101	59	50
160	100	58	49
156	100	56	48
154	102	51	46
142	104	55	45
137	106	55	42
151	109	51	43
165	117	49	41
167	115	55	41
162	107	47	42
155	102	45	38
141	101	50	36
139	102	50	34
143	104	49	36
150	105	48	36
142	98	50	38
139	88	48	35
140	81	47	36
142	75	47	35
148	79	47	36
151	79	47	36
150	81	47	36
146	82	47	37
144	86	45	36
137	86	44	36
127	86	44	37
113	82	46	37
111	83	47	37
109	83	47	38
109	85	47	39
107	85	48	39
115	88	49	40
128	91	50	41
150	95	49	40
170	95	48	42
176	90	50	45
181	87	50	43
175	83	52	44
167	78	51	46
155	76	53	48
142	73	57	50
138	76	55	52
148	82	55	54
157	87	56	55
163	85	55	57
166	86	53	59
156	82	61	58
143	82	65	60
134	82	69	63
134	84	69	69
139	103	70	61
149	110	71	65
158	115	70	65
153	117	74	72
147	114	73	70
135	107	72	75
121	107	73	71
105	107	77	74
102	110	80	80
106	120	83	73
118	138	76	65
119	138	81	72
112	133	81	72
96	127	79	70
85	118	77	72
73	119	79	72
68	119	81	76
72	126	78	72
81	134	78	69
88	135	76	71
95	130	75	71
97	126	72	68
91	117	69	63
82	109	69	62
76	108	63	63
72	111	63	65
71	115	61	68
77	125	59	61
84	128	57	63
89	126	57	63
93	121	54	58
92	115	48	53
82	106	48	53
73	105	45	54
72	109	44	54
73	114	42	54
80	121	43	53
90	125	42	52
102	122	38	53
108	115	39	48
115	105	33	51
115	99	34	50
113	99	34	47
110	101	33	47
106	108	33	47
106	119	31	41
111	125	30	46
120	126	27	47
130	123	24	47
141	117	27	47
151	105	28	47
160	93	26	50
167	86	24	45
170	80	22	46
171	79	24	45
177	81	22	47
173	86	22	45
171	89	19	46
168	91	20	47
162	94	22	46
161	94	23	45
166	89	23	46
177	89	24	46
192	88	23	44
200	81	26	45
204	74	25	45
201	68	28	46
195	66	28	47
192	69	29	48
185	74	33	50
180	84	34	45
186	92	37	46
200	97	38	44
212	96	41	49
225	90	43	48
237	82	45	47
245	78	47	48
251	74	45	51
254	74	44	51
253	75	47	54
250	82	50	53
246	90	52	54
244	98	54	55
242	104	58	58
241	108	56	58
236	115	58	59
233	120	58	58
227	124	61	60
220	130	61	61
213	135	62	64
200	142	62	65
188	152	64	65
175	159	62	63
165	162	63	69
153	168	62	68
142	173	62	68
130	176	63	68
119	178	62	69
113	178	62	69
106	179	57	68
101	182	58	67
94	181	55	66
88	181	53	65
84	179	55	66
80	181	55	65
73	177	52	64
70	170	49	63
67	166	50	59
64	157	50	59
59	144	52	63
49	129	52	62
47	118	48	63
40	116	49	58
33	110	48	57
29	107	47	56
27	107	45	54
27	107	46	54
24	108	47	54
10	103	56	56
16	105	52	55
34	114	39	41
24	111	43	49
27	116	43	46
29	121	43	45
31	121	48	50
36	128	49	49
41	132	51	49
46	135	53	46
53	139	55	46
62	140	55	46
71	144	57	44
82	144	53	44
92	145	56	43
106	143	54	45
119	143	53	45
129	140	52	42
135	137	56	41
141	133	58	42
148	131	57	42
155	127	57	42
161	123	60	43
167	120	59	44
168	116	63	45
174	112	60	47
177	107	62	49
176	104	66	50
180	98	66	54
181	91	72	57
186	88	72	59
189	80	75	63
194	78	73	63
198	75	75	67
201	73	77	69
203	73	78	70
202	73	82	71
207	70	79	72
205	70	81	72
203	73	85	71
202	78	86	69
198	76	88	74
195	72	92	79
191	75	95	80
187	78	93	79
186	78	91	82
179	78	94	83
171	76	96	88
165	78	97	87
154	78	102	85
150	80	100	82
146	78	101	83
140	77	101	80
135	75	102	81
128	76	101	79
124	75	102	81
121	76	99	77
113	80	99	77
107	83	96	79
100	89	96	73
97	95	94	73
102	104	91	71
102	109	94	70
107	119	90	65
110	126	89	63
114	130	87	64
119	134	84	62
121	139	84	59
126	143	82	58
129	148	80	57
134	153	74	54
137	146	73	58
137	145	72	57
135	153	71	53
145	154	70	55
145	156	63	50
145	155	59	46
143	155	63	46
144	155	62	44
143	154	64	44
142	152	62	43
144	149	60	45
149	150	56	40
149	148	58	43
150	148	56	45
154	150	54	44
156	152	53	43
158	149	53	45
165	147	50	47
168	147	49	49
168	147	50	50
175	144	48	49
180	142	50	50
192	139	47	49
199	136	48	50
207	134	46	51
214	131	46	52
222	128	47	52
227	126	45	52
233	123	46	54
238	120	47	54
245	120	46	53
251	118	48	55
259	117	45	56
263	118	46	54
268	118	46	55
273	120	45	56
279	121	45	57
286	120	45	59
292	122	43	58
294	121	44	59
289	122	50	58
281	123	49	58
274	121	47	60
265	120	51	61
255	121	49	61
240	120	51	62
224	117	53	62
213	115	48	62
199	115	53	62
186	112	55	64
172	109	55	65
159	106	54	69
147	102	55	70
136	97	58	71
125	92	59	71
115	89	56	72
107	84	58	73
98	82	56	74
90	79	53	72
81	76	52	72
71	75	53	73
65	76	52	72
57	76	52	71
50	79	47	68
43	82	45	68
39	84	41	66
32	88	39	63
26	88	36	63
21	92	35	62
17	96	34	61
15	102	30	58
14	106	30	58
11	111	29	55
13	112	26	52
13	116	27	53
14	121	26	51
18	125	25	49
21	127	23	50
28	132	22	49
37	134	20	47
44	138	19	46
49	136	19	46
53	132	18	45
58	128	17	44
64	125	17	43
67	125	17	41
68	125	19	37
76	128	19	34
75	120	20	41
74	119	23	38
69	115	21	39
61	117	25	38
58	116	24	39
56	119	23	37
52	123	24	38
48	127	24	38
44	133	27	38
44	139	24	38
45	146	25	38
45	151	26	38
45	155	27	37
46	156	29	38
48	157	28	38
48	159	28	37
51	162	29	39
54	164	31	40
60	167	32	39
67	170	34	41
69	172	35	41
79	171	33	40
83	170	33	42
90	169	34	43
99	167	31	46
99	166	36	46
103	165	32	44
99	163	36	47
94	165	42	50
103	167	41	50
98	169	45	48
94	169	50	46
103	169	43	51
104	166	46	55
101	164	51	56
104	169	49	54
100	164	51	57
102	164	51	55
96	165	56	58
96	166	56	56
99	166	56	52
100	166	55	50
100	163	57	53
98	161	57	53
95	156	56	57
93	150	56	60
89	147	57	59
88	143	56	60
82	139	57	59
78	137	58	58
75	135	59	57
67	133	60	57
69	134	57	54
70	138	54	53
65	138	54	54
64	138	54	56
60	146	51	50
56	139	60	55
63	137	57	56
58	135	61	57
61	135	61	57
64	136	60	54
65	137	62	53
70	137	62	52
69	137	66	52
75	137	64	52
77	138	64	53
86	141	62	50
88	139	65	54
88	139	66	53
95	138	65	54
98	135	67	56
103	132	68	58
109	129	67	58
114	124	72	58
119	118	75	57
118	108	79	59
122	100	77	60
122	91	77	62
125	83	76	62
124	73	77	67
128	60	76	72
133	47	75	75
135	37	76	74
134	29	77	72
135	20	79	71
137	9	76	70
139	5	77	65
135	5	78	59
132	0	78	53
132	0	78	48
134	0	75	45
136	0	75	43
126	0	71	36
28	0	121	16
106	4	53	50
136	0	70	38
134	0	71	41
130	0	73	46
124	0	74	56
124	2	73	64
121	16	74	63
119	32	73	64
119	49	70	62
120	63	67	65
117	81	67	65
121	105	65	61
121	120	65	63
124	133	60	64
124	144	60	68
127	149	56	69
131	157	53	70
131	170	56	52
128	161	56	66
122	161	59	61
121	161	58	59
120	157	58	60
120	149	58	65
118	146	58	64
121	145	56	65
121	142	57	67
120	137	57	68
120	132	56	67
118	129	55	65
116	125	55	65
113	119	54	64
112	113	51	63
107	110	52	61
103	105	49	62
100	107	47	62
98	111	45	62
97	120	42	58
95	131	43	59
93	141	42	62
89	152	40	57
84	162	39	57
80	168	39	57
76	179	37	53
72	183	35	55
70	189	32	53
66	193	34	54
64	195	32	53
61	198	31	51
57	198	32	52
60	199	28	52
60	197	27	51
57	195	27	49
56	193	27	50
56	189	26	51
54	184	25	53
50	175	24	54
44	168	25	54
39	162	27	54
32	154	24	54
29	151	23	55
17	154	30	49
27	155	21	54
24	158	23	55
19	160	24	55
16	165	26	56
14	172	28	56
11	176	31	55
15	182	30	55
17	184	31	56
20	186	35	58
24	188	41	58
34	192	42	54
43	192	46	53
54	194	49	51
67	192	51	51
78	188	53	49
90	182	56	47
98	171	62	50
112	165	63	50
129	159	64	52
140	150	65	51
154	141	65	51
162	135	68	52
172	125	68	55
184	119	71	57
191	116	72	60
199	111	71	61
204	107	72	63
209	103	73	65
209	106	74	59
214	99	73	66
211	96	75	67
209	91	75	69
208	86	71	70
201	82	71	68
192	80	74	67
184	75	72	67
177	73	72	67
169	72	74	68
167	72	72	66
160	71	74	66
150	73	77	66
145	67	73	68
138	68	71	67
135	68	71	67
137	68	65	65
132	64	71	68
126	61	70	67
120	60	70	65
106	59	70	66
91	62	72	65
84	70	71	65
78	80	70	64
73	82	68	66
59	92	70	62
53	97	67	62
44	107	66	61
35	121	63	55
27	130	63	53
15	132	63	54
10	138	58	54
0	144	56	54
0	148	47	56
0	156	35	52
0	161	22	46
0	171	15	42
0	180	10	38
0	178	10	31
0	185	10	27
0	193	10	28
0	197	10	37
0	197	12	37
0	196	16	37
0	193	21	36
0	189	33	42
0	180	43	44
0	170	51	51
0	161	54	51
0	151	55	52
0	145	57	51
0	141	59	49
0	139	59	50
0	137	57	56
0	135	56	50
0	136	58	54
0	144	61	55
0	148	63	53
10	154	60	53
13	153	59	55
16	156	56	57
20	154	56	58
24	156	58	56
44	157	57	57
60	159	56	60
73	159	58	56
90	157	54	56
104	155	52	55
122	149	51	59
138	146	47	59
147	142	45	59
157	134	44	61
168	132	40	59
175	131	36	58
180	128	35	60
185	127	33	60
189	130	34	58
194	130	33	56
198	131	32	55
194	131	35	51
182	134	42	50
191	126	38	52
190	125	37	55
187	126	38	53
182	127	41	54
175	129	40	53
168	132	41	49
163	131	40	51
156	135	43	50
154	137	42	49
150	139	46	46
165	138	33	48
147	138	47	47
145	137	47	48
143	133	48	49
141	131	46	48
146	127	41	49
134	126	48	48
129	123	49	51
127	126	47	51
122	129	49	50
120	131	53	51
119	136	51	52
118	138	51	52
115	145	50	49
115	146	46	53
109	146	50	52
111	151	47	51
107	152	52	53
108	160	49	53
107	163	52	53
109	168	52	55
107	171	54	57
108	173	57	54
111	171	58	54
110	168	60	55
112	167	62	55
116	163	60	59
117	161	62	58
119	157	65	60
118	155	68	61
118	152	69	65
122	152	70	64
124	150	74	68
127	153	78	66
133	152	79	66
132	150	84	67
132	144	87	69
132	141	89	72
133	134	91	75
131	126	95	77
134	115	94	77
131	107	97	81
126	96	102	82
126	89	102	84
120	72	108	86
115	63	108	88
113	53	109	95
108	44	117	91
104	29	115	98
97	20	117	95
95	6	121	98
92	0	122	95
95	0	118	90
90	0	125	88
108	0	104	85
110	0	106	83
110	0	104	85
104	0	105	87
101	1	104	91
96	9	104	87
103	13	98	88
98	17	100	88
102	26	98	86
108	36	98	85
110	52	90	81
117	63	88	77
120	74	84	76
125	81	80	76
134	94	72	75
134	100	72	75
140	110	67	73
142	117	65	72
146	123	62	70
149	127	60	68
149	128	60	69
152	131	58	66
148	132	58	63
155	132	53	66
152	132	56	65
152	130	55	63
153	127	49	61
149	125	50	63
148	122	50	62
149	117	48	61
148	114	47	59
148	110	44	58
150	103	43	57
152	100	41	57
153	96	41	57
156	93	39	58
161	92	37	57
166	88	36	59
174	86	35	59
180	84	34	59
184	79	35	60
190	78	33	59
196	74	30	59
200	70	28	59
202	71	27	56
202	69	27	56
200	68	29	58
200	68	28	59
197	70	26	59
193	71	28	61
182	74	27	60
179	76	26	63
170	82	29	63
167	89	27	63
165	93	27	64
162	101	29	62
160	105	28	64
155	113	30	65
156	116	28	65
154	125	30	64
152	138	32	59
153	143	31	62
152	149	31	61
150	153	32	63
148	154	33	63
146	155	33	65
142	159	35	63
137	163	36	64
134	165	38	63
129	167	40	62
125	168	42	61
120	170	44	61
116	169	44	60
110	169	48	58
105	169	47	56
100	167	48	56
97	167	48	52
91	169	50	51
85	169	54	50
86	172	56	50
85	173	56	47
85	175	56	44
83	171	57	48
83	169	54	48
85	172	54	47
87	172	54	44
84	174	56	43
84	173	55	42
85	173	53	39
87	170	53	41
88	168	54	40
90	166	53	40
91	163	53	39
90	156	53	39
88	152	53	39
83	146	52	41
80	143	53	40
81	140	50	37
79	135	51	40
79	131	49	40
78	128	49	41
76	123	50	44
76	120	50	40
78	114	49	44
78	111	51	41
79	105	50	43
79	103	49	43
80	102	49	43
82	101	48	45
74	102	53	41
76	105	51	41
76	105	52	43
78	108	51	41
79	110	52	41
79	107	55	43
80	109	55	42
84	110	56	42
84	111	58	41
90	109	57	42
91	109	56	41
92	105	58	41
94	101	58	44
99	97	58	47
101	95	60	47
102	89	63	47
106	84	63	49
107	80	64	52
112	77	66	53
115	74	68	57
119	70	68	58
120	66	71	61
124	65	68	65
125	62	69	66
128	60	68	68
130	60	69	69
131	62	70	71
131	62	69	74
136	62	69	75
136	62	69	78
142	65	65	79
146	67	67	80
154	68	61	82
159	71	59	81
166	68	58	84
171	69	56	85
176	70	54	86
179	74	52	86
183	77	51	82
185	80	47	79
189	84	41	79
192	89	36	77
190	94	33	75
186	100	32	74
183	105	30	71
180	113	28	67
174	118	27	65
170	124	26	61
164	129	26	59
159	132	28	57
152	138	27	53
148	143	29	53
147	148	28	52
145	157	28	49
147	164	29	45
150	173	29	45
153	176	29	43
156	177	30	44
160	178	30	42
170	178	28	42
179	177	28	40
189	176	27	39
197	172	29	39
206	167	30	38
218	165	33	34
226	158	35	37
237	153	34	36
244	147	32	37
254	144	33	35
258	138	36	37
259	130	37	35
261	125	36	35
262	117	37	36
259	108	40	37
258	102	38	36
255	93	41	39
256	89	39	39
248	85	43	40
243	81	40	39
238	79	42	37
231	77	47	36
224	74	45	38
217	71	46	39
210	70	45	40
201	70	47	41
194	70	46	41
179	75	51	38
167	76	52	38
156	80	54	39
149	83	53	39
145	87	48	38
135	90	47	40
124	96	47	41
111	99	53	42
101	102	53	44
92	107	52	44
83	109	56	44
75	114	56	44
68	117	57	46
63	120	57	44
57	125	58	44
52	128	58	45
48	128	60	45
47	131	60	46
48	130	58	50
52	135	57	50
55	136	59	51
55	141	57	47
55	136	60	49
54	135	61	50
57	138	60	50
59	142	59	51
61	149	60	49
62	153	62	50
64	158	62	51
65	161	61	51
68	166	58	51
70	173	57	51
73	179	59	49
75	184	56	50
77	187	57	49
79	193	54	47
83	196	52	47
88	199	52	46
93	202	50	45
102	205	48	44
112	209	47	45
123	213	48	44
137	211	45	46
144	206	46	46
149	202	46	45
158	196	44	42
170	187	41	45
178	180	40	48
186	177	39	45
194	169	38	46
202	162	39	43
209	151	36	45
217	140	35	50
221	131	33	49
225	120	34	50
228	112	32	48
230	103	32	47
233	91	30	51
235	85	29	50
239	79	28	49
240	74	28	50
241	68	27	50
242	63	24	49
240	56	24	50
239	51	25	50
237	46	26	50
232	41	27	49
235	38	24	48
237	38	22	47
231	40	23	48
224	42	23	49
216	45	24	48
209	50	24	47
200	57	24	46
189	64	25	42
179	68	26	43
167	76	25	42
156	84	26	42
142	90	28	43
132	98	26	44
119	106	28	44
108	114	29	45
100	120	29	46
94	127	28	45
90	129	30	47
94	133	31	48
104	133	30	45
110	127	31	45
115	116	31	47
114	101	31	49
114	94	28	45
110	88	31	45
104	85	32	47
99	88	34	48
93	92	38	47
89	94	38	46
88	95	39	43
96	93	38	46
99	91	41	44
101	83	43	47
102	78	43	44
101	71	45	47
97	74	47	49
94	86	49	47
93	96	50	51
94	110	52	50
96	124	54	49
100	134	53	49
105	140	56	48
109	142	58	50
115	146	60	49
119	149	61	48
124	151	63	49
132	152	62	50
139	150	62	50
145	150	66	52
151	150	67	53
156	150	68	55
164	150	68	55
168	145	71	58
169	139	76	59
173	139	75	57
176	133	76	59
178	125	79	64
177	122	80	63
179	119	80	65
173	113	84	67
171	109	83	68
166	106	86	68
157	100	88	69
152	97	87	72
145	97	86	70
138	95	85	70
128	94	87	73
117	101	88	73
109	104	89	75
105	111	87	73
99	120	88	69
100	124	88	77
104	133	86	76
106	141	87	78
109	150	86	75
113	156	85	74
119	159	86	76
123	162	85	75
129	165	86	75
136	168	83	68
143	167	82	69
149	164	80	70
153	171	81	63
157	161	79	68
161	158	75	67
164	153	72	65
164	146	72	67
161	143	72	63
161	137	68	61
157	131	66	62
152	127	65	59
148	123	65	57
142	119	62	58
135	117	62	56
129	117	59	54
124	115	57	56
120	117	56	55
115	124	54	49
112	124	52	55
111	132	50	52
113	135	47	53
115	138	47	52
116	141	47	52
123	142	43	51
127	146	43	49
136	146	41	50
144	144	39	49
152	142	38	50
162	136	37	51
171	133	34	49
179	126	33	49
189	118	31	51
197	111	29	50
200	103	31	52
203	97	31	53
208	92	27	50
210	87	26	53
212	85	26	52
213	80	26	55
211	79	27	53
208	77	26	52
205	74	26	57
203	78	27	57
202	79	27	59
199	83	29	59
196	87	31	61
197	94	33	60
201	102	33	60
204	110	36	58
207	115	39	58
214	120	41	58
223	125	40	57
232	129	42	57
241	133	44	58
249	136	45	56
254	135	47	58
260	136	51	56
266	134	51	57
269	133	52	57
274	130	52	57
274	125	59	57
270	122	64	55
269	115	62	58
265	112	59	57
263	110	53	54
257	107	55	56
246	104	57	55
233	104	58	57
226	102	57	58
212	105	60	56
200	107	57	55
182	107	63	54
175	112	59	53
168	112	59	55
160	117	59	52
152	123	59	53
148	126	60	53
148	131	60	51
149	130	63	51
150	135	59	49
150	137	60	53
152	140	60	49
160	146	61	48
167	147	60	48
170	146	61	49
168	144	65	48
170	139	62	47
170	136	64	46
171	129	62	47
169	122	62	48
165	117	63	47
160	112	65	47
155	109	63	47
149	106	62	47
137	106	63	44
130	103	64	45
119	105	63	44
112	106	61	45
104	109	62	46
96	112	62	46
90	117	62	45
85	122	61	45
81	127	61	45
77	134	62	47
78	140	61	49
79	150	60	48
80	157	61	47
83	163	61	50
86	168	61	49
93	171	59	51
97	174	62	51
104	175	62	52
111	174	62	54
118	174	63	55
127	173	63	55
136	169	64	57
145	165	61	58
152	159	61	61
160	152	62	64
168	146	61	65
173	136	60	66
180	129	60	69
182	121	63	70
185	112	62	71
190	107	60	69
192	101	60	67
194	95	59	65
193	89	60	66
193	85	59	64
190	84	56	64
191	83	52	63
184	85	55	62
183	85	57	62
181	88	55	61
183	92	50	60
184	96	49	60
186	99	49	61
187	100	48	59
191	103	42	58
193	106	46	56
197	109	43	59
201	111	40	59
204	112	41	58
207	112	38	56
211	113	35	54
213	110	35	55
218	105	33	55
216	100	34	55
215	94	31	55
208	87	32	53
205	81	32	53
199	74	30	52
191	70	30	50
182	66	29	50
172	65	28	49
160	65	30	47
150	66	29	47
142	65	29	47
130	67	30	47
119	71	29	46
112	74	28	45
102	78	27	47
94	84	27	47
86	89	26	48
79	95	27	48
75	101	25	49
71	105	27	48
69	113	26	47
71	116	27	48
73	116	25	49
76	116	25	47
79	113	25	48
83	106	24	48
88	96	25	52
89	89	25	50
92	79	26	52
97	70	26	54
96	63	27	51
96	55	27	53
93	48	27	52
90	40	28	53
83	35	29	54
78	32	31	55
73	31	35	55
64	36	35	54
57	42	38	55
49	51	42	56
44	57	43	56
40	66	45	56
36	74	45	56
32	80	49	56
30	90	52	54
30	94	53	55
31	99	56	56
32	101	58	57
35	105	62	59
35	108	68	61
42	110	73	64
49	110	76	66
59	109	80	69
68	104	82	72
75	102	92	73
84	98	95	75
94	95	100	77
103	93	102	78
110	88	104	81
117	85	105	82
124	83	106	82
132	80	106	85
140	79	100	83
145	78	98	82
146	76	99	82
147	80	98	78
150	86	93	76
149	88	90	76
145	97	93	72
150	103	85	70
152	107	83	72
155	112	76	70
161	112	75	71
166	112	75	71
172	112	73	69
178	109	69	68
184	109	68	64
189	108	64	63
196	107	62	60
204	105	59	59
208	100	58	58
214	94	56	57
219	89	55	59
224	86	51	58
224	82	52	57
225	76	52	55
225	70	52	55
222	64	53	54
223	60	51	50
220	54	50	52
215	49	52	52
212	46	52	52
204	41	50	53
195	38	47	55
185	39	47	54
173	37	51	56
161	40	51	56
148	43	52	55
136	46	54	58
127	55	55	57
117	62	53	55
110	67	50	55
107	72	51	56
103	79	49	54
104	84	48	55
103	87	49	55
101	86	47	57
108	85	42	59
101	88	49	61
99	86	53	61
103	85	50	62
101	86	51	64
100	87	52	64
100	88	51	66
98	88	53	68
97	90	52	70
96	90	52	71
91	94	57	72
88	94	55	74
86	95	54	76
82	98	55	76
78	100	55	77
78	99	54	78
75	100	52	81
69	99	56	83
67	104	56	80
71	100	52	86
71	100	57	88
74	101	48	89
78	102	45	87
80	103	45	86
85	107	42	85
93	104	38	88
100	106	38	87
106	108	39	86
107	108	43	86
111	109	45	87
115	113	49	85
119	118	50	81
123	119	52	79
126	121	55	78
133	127	52	75
135	130	57	73
136	135	61	70
144	137	58	70
146	143	62	67
149	150	62	68
154	156	67	61
162	160	65	59
172	165	56	57
174	168	61	56
176	171	66	53
181	172	64	55
187	174	64	54
195	172	64	57
198	174	64	55
207	172	63	55
212	171	64	55
218	166	64	55
225	163	62	56
230	159	62	54
235	153	61	54
240	148	62	54
244	140	63	56
248	135	57	56
246	130	61	58
249	125	63	59
249	121	63	59
246	120	64	58
246	115	64	59
243	112	65	61
248	107	59	62
236	104	62	61
228	102	66	61
223	101	65	59
220	98	61	60
202	97	70	60
195	96	69	62
185	97	68	61
176	97	72	64
165	96	70	63
153	97	71	62
141	91	74	64
131	96	72	63
118	98	75	62
106	102	76	62
96	104	76	61
86	110	76	58
75	116	73	56
62	121	73	57
55	128	72	57
50	136	74	56
48	144	71	57
42	154	73	57
40	159	73	59
45	165	67	59
42	162	67	58
45	166	66	56
39	164	69	57
31	160	79	60
27	155	84	66
27	154	87	67
24	148	90	71
20	145	94	71
24	145	90	69
24	139	93	73
27	139	91	72
27	135	93	75
30	131	96	76
29	127	100	79
27	125	105	80
28	121	107	82
34	116	109	85
40	113	107	86
44	109	105	86
44	108	110	88
56	104	107	93
63	100	107	97
70	97	108	99
76	96	110	101
84	95	106	101
97	98	99	95
114	95	92	96
125	94	88	96
137	90	83	100
147	90	76	100
156	93	71	93
164	102	64	81
172	94	61	90
179	93	55	88
186	95	52	86
192	94	49	87
198	98	46	84
203	102	47	81
207	106	46	79
211	109	46	76
215	111	47	76
217	114	49	72
219	118	48	69
221	119	49	65
224	119	50	64
227	118	49	61
230	116	50	62
232	116	50	61
236	113	48	60
239	111	47	60
241	109	47	58
241	104	48	59
243	98	48	58
240	93	46	60
240	86	44	62
237	79	40	59
231	76	45	57
225	72	44	54
219	68	43	54
208	64	46	56
198	62	46	55
184	63	46	56
171	64	47	58
159	64	46	59
146	69	45	57
133	73	45	57
121	80	43	57
111	90	44	55
102	99	42	57
95	108	42	57
90	115	41	57
87	118	39	60
81	118	39	62
77	119	38	63
71	122	35	61
69	122	35	64
68	122	33	64
67	121	33	65
62	120	32	66
60	119	31	66
56	116	31	67
51	112	33	68
47	109	31	68
42	104	30	69
36	103	32	69
32	99	30	69
22	100	31	66
10	100	36	70
0	97	36	71
0	98	31	71
0	105	23	66
0	117	20	59
0	129	14	51
0	137	14	51
0	143	14	49
0	149	15	51
0	157	17	48
0	156	23	52
0	158	28	53
0	141	39	72
0	138	50	78
1	127	59	82
15	126	61	82
23	121	69	72
37	112	70	75
45	107	76	76
59	101	85	77
73	95	90	76
87	87	93	76
102	81	98	75
119	75	100	78
130	70	104	77
147	65	105	77
159	66	102	74
172	67	101	73
181	65	101	73
187	70	90	68
190	66	90	69
187	66	87	66
192	67	88	64
190	66	86	67
191	68	82	65
186	69	80	65
187	73	79	60
185	70	79	66
184	73	78	66
186	75	73	64
184	78	72	63
185	78	70	64
188	81	66	63
189	84	65	64
190	86	63	66
189	88	62	64
187	92	61	64
187	96	60	65
186	101	60	63
186	103	59	63
186	107	58	64
184	113	58	59
183	116	57	59
183	119	57	60
185	122	56	60
185	125	55	59
183	129	57	60
182	135	58	57
179	137	59	53
178	135	58	57
175	140	59	51
171	141	61	56
169	141	59	56
166	142	58	54
163	144	61	55
157	146	60	54
154	149	59	52
151	152	58	50
147	150	64	53
143	151	65	53
141	152	63	52
138	150	66	53
133	150	61	48
129	148	64	47
125	146	64	49
121	143	64	50
114	145	67	50
112	143	69	50
105	145	70	50
103	144	66	50
95	142	68	52
90	143	67	50
80	141	66	49
75	139	65	51
68	141	63	50
62	141	64	52
54	145	61	50
50	145	59	52
44	148	60	53
41	153	60	54
38	158	61	53
36	163	60	53
37	166	56	54
40	172	57	53
37	174	60	54
46	178	59	55
53	185	56	57
60	185	57	59
70	184	57	58
80	181	55	57
94	174	52	61
107	169	51	60
115	166	52	58
127	163	49	61
142	161	47	62
152	159	46	63
164	155	44	65
173	154	41	63
180	148	41	66
186	147	38	64
191	144	38	65
197	142	36	66
201	144	33	64
203	147	33	61
195	152	39	58
205	148	31	59
205	151	28	59
206	148	27	65
204	159	27	57
201	163	27	63
199	168	26	64
195	175	28	63
192	183	27	60
191	190	29	58
190	193	29	61
187	197	29	60
188	204	29	53
186	200	31	59
187	202	34	57
189	196	36	62
191	197	37	57
197	191	37	61
202	184	36	62
207	179	37	61
213	169	39	61
221	157	40	61
225	144	40	62
228	133	42	64
229	122	44	66
231	113	46	64
231	102	50	64
234	97	50	61
232	86	51	67
230	80	52	62
228	77	52	60
227	72	51	59
224	66	52	62
219	59	54	64
217	53	54	67
212	50	53	66
207	48	48	68
205	49	46	67
198	50	50	67
192	51	52	67
190	52	49	68
184	56	51	67
179	60	53	68
175	64	54	69
174	68	55	71
174	72	52	73
176	76	51	71
178	78	51	73
180	82	51	71
186	83	48	73
186	85	53	72
191	84	53	72
197	82	54	71
197	80	62	68
201	76	61	69
204	71	62	68
205	69	63	66
208	63	60	66
210	58	56	67
209	55	54	65
203	51	57	66
199	47	56	65
199	44	52	65
194	39	52	66
191	35	49	65
186	33	50	60
180	31	51	58
177	29	50	55
167	29	50	56
160	27	53	56
153	27	49	56
147	29	51	57
143	34	49	55
