0.024469
0.083353
0.083689
0.083811
0.083044
0.083079
0.083454
0.083373
0.083288
0.083300
0.083266
0.082711
0.083328
0.082983
0.083279
0.083181
0.082988
0.082755
0.082944
0.082875
0.083238
0.082906
0.082748
0.082861
0.082959
0.083052
0.083081
0.082890
0.082744
0.082755
0.083039
0.082620
0.082794
0.082850
0.083015
0.082871
0.083194
0.082909
0.082634
0.082828
0.082931
0.082720
0.082978
0.082813
0.080582
0.082879
0.082452
0.082702
0.082658
0.082669
0.082326
0.082560
0.082683
0.082428
0.082732
0.082620
0.082513
0.082680
0.082565
0.082623
0.082591
0.082640
0.082862
0.080476
0.082550
0.082506
0.082697
0.082503
0.082501
0.082837
0.082702
0.082618
0.082272
0.082664
0.082644
0.082597
0.081970
0.082429
0.080324
0.082593
0.082436
0.082573
0.082441
0.082455
0.082417
0.082482
0.082661
0.082281
0.082407
0.082609
0.082098
0.082679
0.082088
0.082198
0.082469
0.082550
0.082413
0.095261
0.082426
0.082654
0.082661
0.082431
0.082402
0.082460
0.082554
0.082451
0.082638
0.082701
0.082516
0.082577
0.082652
0.082726
0.082429
0.082519
0.082471
0.082573
0.082330
0.082465
0.082035
0.082427
0.082234
0.082405
0.082524
0.082454
0.082575
0.082238
0.082007
0.082356
0.082426
0.082508
0.082618
0.082436
0.082339
0.082589
0.082407
0.082581
0.082395
0.082364
0.082538
0.082496
0.092816
0.082113
0.081915
0.082405
0.082083
0.082258
0.082306
0.082313
0.082247
0.082452
0.082448
0.082515
0.082376
0.082222
0.071897
0.068068
0.072103
0.072506
0.071941
0.072342
0.072394
0.072098
0.072349
0.072251
0.072318
0.072273
0.071987
0.072272
0.072060
0.072020
0.072012
0.072093
0.071938
0.072002
0.072220
0.072125
0.072131
0.072004
0.071981
0.072003
0.072099
0.072358
0.071865
0.071951
0.071871
0.071942
0.069389
0.065278
0.076247
0.072130
0.071918
0.072216
0.072187
0.072275
0.071868
0.065297
0.069697
0.066840
0.069685
0.069984
0.058593
0.076405
0.071698
0.072265
0.069660
0.070256
0.072181
0.083373
0.072557
0.070225
0.068392
0.072508
0.072533
0.072377
0.072565
0.072515
0.072585
0.072582
0.072459
0.072615
0.072048
0.070206
0.072371
0.072635
0.072099
0.072224
0.072401
0.072135
0.072278
0.072394
0.070192
0.072176
0.072679
0.072430
0.071646
0.072362
0.072237
0.071585
0.072271
0.072392
0.072444
0.071982
0.072396
0.070105
0.072283
0.072538
0.072533
0.072340
0.072556
0.072216
0.072347
0.072338
0.072285
0.072410
0.072059
0.072340
0.072397
0.072445
0.072407
0.072544
0.072344
0.072232
0.072121
0.072357
0.072523
0.071831
0.072037
0.071902
0.071841
0.072005
0.071923
0.072018
0.071929
0.071798
0.071799
0.072127
0.071962
0.071957
0.071964
0.071836
0.072106
0.071978
0.071908
0.072088
0.071950
0.071862
0.071658
0.071771
0.072452
0.072200
0.068114
0.072131
0.071967
0.072362
0.072173
0.072294
0.072334
0.072649
0.072372
0.072433
0.072338
0.072476
0.072503
0.082591
0.082338
0.082637
0.081705
0.081922
0.081887
0.081921
0.081824
0.081789
0.082028
0.082011
0.082479
0.082350
0.082463
0.082443
0.082166
0.082510
0.081791
0.082388
0.082386
0.082324
0.082591
0.082410
0.082502
0.081880
0.081994
0.082389
0.082440
0.082256
0.082437
0.082449
0.082606
0.082459
0.082386
0.082626
0.082488
0.082452
0.082273
0.082104
0.082698
0.082638
0.082241
0.082421
0.082502
0.082502
0.082201
0.082675
0.081978
0.081866
0.081571
0.081714
0.081895
0.081800
0.081872
0.081902
0.081901
0.082105
0.082556
0.082115
0.082164
0.082374
0.082032
0.082535
0.082801
0.082404
0.082702
0.082501
0.082489
0.082587
0.082527
0.082581
0.082281
0.082749
0.081851
0.081815
0.082156
0.081889
0.082198
0.082153
0.082279
0.081781
0.081937
0.082378
0.082538
0.082475
0.081892
0.081955
0.081739
0.082123
0.082027
0.082079
0.082068
0.081967
0.082601
0.082538
0.080317
0.082405
0.079994
0.082138
0.092736
0.082387
0.082575
0.082720
0.082584
0.082500
0.082649
0.082553
0.082548
0.082773
0.082270
0.082570
0.082632
0.082657
0.082384
0.082794
0.082493
0.082585
0.082243
0.082672
0.082924
0.082801
0.082570
0.082557
0.082840
0.082544
0.082725
0.082420
0.082578
0.082538
0.082762
0.082522
0.082852
0.082891
0.082303
0.082746
0.082699
0.082795
0.082603
0.082622
0.082551
0.082713
0.082739
0.082427
0.081936
0.082194
0.082212
0.082142
0.082249
0.082377
0.082751
0.082514
0.082561
0.082726
0.082350
0.082846
0.083040
0.082568
0.082617
0.082634
0.082710
0.082834
0.082422
0.082639
0.082808
0.082792
0.082748
0.082738
0.082401
0.082691
0.080039
0.082663
0.082482
0.082376
0.082557
0.082670
0.082783
0.082817
0.082508
0.082442
0.082527
0.082432
0.082672
0.082660
0.082874
0.082880
0.082078
0.081799
0.082047
0.082124
0.082836
0.082849
0.082762
0.082246
0.082083
0.081718
0.081920
0.082164
0.081950
0.082278
0.082117
0.082026
0.081532
0.082273
0.082415
0.082616
0.082593
0.082342
0.082443
0.082507
0.082489
0.082638
0.081872
0.081834
0.082803
0.082762
0.082630
0.082570
0.082408
0.082764
0.082797
0.082509
0.082324
0.082545
0.081634
0.082097
0.082217
0.082265
0.082385
0.082063
0.082018
0.081786
0.082505
0.082597
0.082626
0.082672
0.082400
0.082623
0.082570
0.082505
0.082460
0.082545
0.082665
0.081894
0.082088
0.082510
0.082780
0.082824
0.082573
0.082903
0.082505
0.082880
0.082758
0.082739
0.082433
0.082505
0.082454
0.082417
0.082656
0.082588
0.082533
0.082478
0.082388
0.082550
0.082657
0.082028
0.082464
0.082598
0.082548
0.082684
0.082700
0.082730
0.082445
0.082665
0.082489
0.081836
0.082476
0.082114
0.081503
0.082156
0.082677
0.082498
0.082792
0.082969
0.082770
0.082633
0.082574
0.082476
0.082637
0.082739
0.082810
0.082707
0.082677
0.082709
0.082706
0.082793
0.083023
0.082727
0.082729
0.082530
0.082718
0.082547
0.082407
0.082251
0.082291
0.082649
0.082367
0.082565
0.082832
0.082276
0.082791
0.082695
0.082732
0.095385
0.082476
0.082273
0.082411
0.082379
0.081928
0.082526
0.082464
0.082603
0.082374
0.082674
0.082251
0.082378
0.082058
0.082149
0.082152
0.082249
0.082078
0.081923
0.082019
0.082194
0.081347
0.082469
0.082714
0.082757
0.082702
0.082576
0.082470
0.082597
0.082602
0.082658
0.082498
0.082650
0.082360
0.082604
0.082606
0.082697
0.082431
0.082545
0.082503
0.082610
0.082683
0.082567
0.082478
0.082366
0.082540
0.082479
0.082380
0.082721
0.082659
0.082667
0.082723
0.082640
0.082793
0.082700
0.082444
0.082423
0.082467
0.082571
0.082753
0.081789
0.082111
0.082183
0.082486
0.082383
0.082430
0.082373
0.082045
0.082530
0.082132
0.082379
0.082775
0.082488
0.082331
0.082318
0.082358
0.082483
0.082358
0.082068
0.082222
0.082445
0.082365
0.082682
0.082315
0.082194
0.081913
0.082567
0.082388
0.082504
0.079636
0.082217
0.082696
0.082705
0.082533
0.082611
0.082499
0.082330
0.082178
0.082287
0.082151
0.082375
0.082260
0.082240
0.082456
0.082163
0.082411
0.082144
0.082149
0.082214
0.082522
0.082357
0.082334
0.082546
0.082506
0.082127
0.082479
0.082672
0.082432
0.082343
0.082370
0.082381
0.081822
0.082627
0.082546
0.082527
0.082537
0.082480
0.082015
0.082734
0.082701
0.082255
0.081999
0.082335
0.082489
0.082277
0.082405
0.082372
0.082464
0.082455
0.082443
0.082287
0.082386
0.082171
0.082021
0.082398
0.081905
0.082234
0.081907
0.082218
0.082266
0.082406
0.082428
0.082429
0.082593
0.082650
0.082881
0.082415
0.081982
0.082722
0.082786
0.082735
0.082826
0.082646
0.082531
0.082653
0.082689
0.082589
0.082365
0.082625
0.082082
0.082213
0.082083
0.082354
0.082616
0.082386
0.082459
0.082613
0.082423
0.082962
0.082377
0.082616
0.082623
0.082755
0.082609
0.082875
0.082624
0.082318
0.082443
0.082656
0.082258
0.082479
0.082633
0.082523
0.082506
0.082458
0.082621
0.082670
0.082311
0.082609
0.082138
0.082399
0.082595
0.082492
0.082652
0.077991
0.082295
0.080093
0.082594
0.082756
0.082640
0.082520
0.082376
0.082708
0.082622
0.082527
0.082162
0.082633
0.082358
0.082225
0.082150
0.082290
0.082180
0.082236
0.082449
0.082313
0.081769
0.082608
0.081844
0.081784
0.082066
0.082389
0.081878
0.082244
0.082276
0.082476
0.082114
0.082438
0.082290
0.093316
0.082190
0.082633
0.082250
0.082677
0.082576
0.082818
0.082741
0.082552
0.082676
0.082536
0.081930
0.082439
0.082363
0.082824
0.082349
0.082236
0.082545
0.082466
0.082412
0.082444
0.082677
0.082498
0.082555
0.082666
0.082263
0.080631
0.082773
0.082804
0.082624
0.082655
0.082650
0.082620
0.082530
0.082480
0.082308
0.082017
0.082429
0.082370
0.082321
0.082148
0.082488
0.082532
0.082329
0.082389
0.082491
0.082247
0.082582
0.082597
0.082744
0.082830
0.082724
0.080542
0.082342
0.082623
0.082849
0.082381
0.082668
0.082625
0.082152
0.082479
0.082252
0.082478
0.082274
0.082386
0.082390
0.082139
0.082444
0.082550
0.082397
0.082561
0.082869
0.082478
0.082443
0.082663
0.080178
0.071864
0.071734
0.071704
0.071253
0.072056
0.071729
0.072044
0.072017
0.071790
0.071934
0.069284
0.071980
0.072067
0.071521
0.071800
0.071910
0.072090
0.072222
0.071895
0.071901
0.072023
0.071787
0.069809
0.072046
0.072008
0.071938
0.071185
0.071404
0.070653
0.071826
0.072017
0.071930
0.072116
0.071849
0.071975
0.076390
0.076259
0.076325
0.067005
0.072227
0.072203
0.072260
0.072097
0.072376
0.072029
0.069491
0.073869
0.069361
0.073698
0.078289
0.078594
0.072556
0.067951
0.072325
0.070449
0.072363
0.072539
0.071990
0.072380
0.072257
0.072488
0.072242
0.072042
0.072495
0.072114
0.072314
0.072117
0.072330
0.072179
0.072006
0.072172
0.071925
0.072437
0.072459
0.072173
0.072431
0.072421
0.072366
0.072072
0.072193
0.072240
0.072795
0.072240
0.072273
0.072389
0.072470
0.072551
0.072506
0.072463
0.072125
0.072294
0.072429
0.065742
0.061642
0.061859
0.059675
0.061866
0.061723
0.062174
0.070204
0.061287
0.061412
0.061784
0.059930
0.061889
0.061784
0.062073
0.062033
0.061963
0.059385
0.062193
0.068312
0.059565
0.061960
0.061752
0.061909
0.061477
0.061308
0.061232
0.061592
0.061372
0.061280
0.061493
0.061605
0.061535
0.052772
0.061792
0.066383
0.061565
0.061323
0.061530
0.061685
0.061862
0.061741
0.059277
0.061854
0.063858
0.063889
0.061726
0.059881
0.059339
0.070296
0.055739
0.062445
0.062368
0.062344
0.062284
0.061838
0.064201
0.072397
0.072788
0.072172
0.072360
0.072673
0.072349
0.072354
0.072464
0.072275
0.072202
0.072628
0.072593
0.072590
0.072222
0.072204
0.072171
0.072179
0.072698
0.072351
0.072592
0.072414
0.072392
0.072351
0.072477
0.072635
0.072625
0.072442
0.072631
0.072518
0.072229
0.072483
0.072312
0.072063
0.072552
0.071925
0.072572
0.072508
0.072415
0.071944
0.072231
0.072167
0.070851
0.069746
0.072618
0.072611
0.072732
0.072568
0.072715
0.072839
0.072826
0.072639
0.072843
0.072539
0.072640
0.072661
0.072652
0.072627
0.072483
0.072370
0.072442
0.072341
0.072741
0.072411
0.072453
0.072620
0.072464
0.072468
0.072737
0.072682
0.072573
0.072438
0.072458
0.072704
0.072664
0.072628
0.072571
0.072387
0.072317
0.072096
0.072499
0.072677
0.070442
0.072254
0.072292
0.070242
0.072289
0.072201
0.072372
0.072077
0.072206
0.072394
0.072084
0.072003
0.073919
0.082125
0.082182
0.081914
0.082121
0.081909
0.082164
0.082041
0.081828
0.081874
0.082224
0.082470
0.082700
0.082572
0.082586
0.082494
0.082520
0.082529
0.082383
0.082597
0.082740
0.082711
0.082662
0.082537
0.083040
0.082024
0.082290
0.082675
0.072135
0.071820
0.071836
0.071863
0.070122
0.072165
0.071831
0.071894
0.071929
0.071711
0.071872
0.071903
0.072128
0.072088
0.072199
0.071795
0.069572
0.071011
0.071565
0.072017
0.071980
0.071804
0.071865
0.071554
0.071964
0.071730
0.071855
0.071606
0.071905
0.071906
0.071633
0.071839
0.072020
0.072106
0.071720
0.065271
0.070836
0.074606
0.061360
0.076508
0.075994
0.071828
0.072102
0.072098
0.071934
0.072258
0.067701
0.067657
0.071604
0.076225
0.071463
0.070765
0.072479
0.072160
0.072542
0.072802
0.072343
0.072172
0.070046
0.072492
0.072107
0.072648
0.072664
0.072728
0.072664
0.072375
0.071882
0.072370
0.072460
0.072199
0.072468
0.072390
0.072330
0.072247
0.072381
0.072038
0.072539
0.069442
0.071494
0.070026
0.072331
0.072299
0.072155
0.072230
0.072315
0.072190
0.072241
0.072283
0.072448
0.072567
0.072546
0.072448
0.072453
0.072406
0.072426
0.072237
0.072193
0.072390
0.072505
0.072622
0.072393
0.072286
0.072443
0.072064
0.072161
0.072128
0.072658
0.072493
0.072326
0.072216
0.072449
0.072637
0.072446
0.072369
0.072438
0.072547
0.072399
0.072428
0.072139
0.071885
0.072238
0.072480
0.072426
0.072449
0.072039
0.071978
0.072561
0.071967
0.072399
0.071953
0.072327
0.072363
0.072498
0.072284
0.072492
0.072154
0.072428
0.072081
0.072432
0.072469
0.072320
0.072237
0.072338
0.072647
0.072322
0.072094
0.071928
0.072420
0.071869
0.071871
0.072718
0.078603
0.082600
0.082831
0.082334
0.082286
0.082770
0.082596
0.082347
0.082525
0.078065
0.082607
0.082701
0.081993
0.081976
0.082007
0.082158
0.082561
0.082401
0.082800
0.082618
0.082683
0.082126
0.081654
0.082526
0.082710
0.082843
0.082047
0.082004
0.082506
0.082642
0.082523
0.082770
0.082599
0.082454
0.082670
0.082956
0.082875
0.082637
0.082489
0.082510
0.081915
0.082697
0.082433
0.082302
0.082671
0.083236
0.082721
0.082077
0.082181
0.082441
0.082700
0.082354
0.082407
0.082817
0.082391
0.082953
0.082506
0.082618
0.082439
0.082703
0.082399
0.082393
0.082616
0.082784
0.082492
0.082610
0.082291
0.082705
0.083005
0.082531
0.081937
0.082065
0.081531
0.081865
0.082211
0.082469
0.082333
0.082406
0.082547
0.082646
0.082381
0.082641
0.082784
0.082547
0.082284
0.082421
0.082466
0.082562
0.082657
0.082568
0.082373
0.082667
0.082507
0.082279
0.082277
0.082640
0.082339
0.082339
0.082511
0.082939
0.082812
0.082454
0.082489
0.082360
0.082579
0.082480
0.082262
0.082609
0.082498
0.082568
0.082747
0.082697
0.082350
0.082507
0.082368
0.082345
0.082854
0.082911
0.082554
0.082308
0.082742
0.082683
0.082395
0.082786
0.082747
0.082486
0.082041
0.079896
0.082092
0.082737
0.082881
0.082417
0.081902
0.081681
0.082395
0.082408
0.082629
0.082583
0.082343
0.082475
0.082564
0.082375
0.082404
0.082534
0.082725
0.082428
0.082784
0.082489
0.082493
0.082790
0.082577
0.082530
0.082860
0.082826
0.082664
0.082658
0.082409
0.082775
0.082754
0.082262
0.082397
0.082525
0.082822
0.082817
0.082646
0.082913
0.082580
0.082833
0.082163
0.082834
0.082631
0.083179
0.082999
0.082654
0.082858
0.082921
0.083004
0.082835
0.082736
0.082824
0.082591
0.082805
0.082946
0.082872
0.082872
0.083033
0.082769
0.082825
0.082832
0.082771
0.082562
0.083054
0.083090
0.083231
0.082761
0.083023
0.082835
0.082800
0.083087
0.082618
0.082793
0.082809
0.082873
0.082861
0.082738
0.082849
0.082967
0.082711
0.082774
0.082434
0.082436
0.082502
0.082956
0.082536
0.082527
0.082434
0.082205
0.082662
0.082883
0.082737
0.082917
0.082709
0.082688
0.082639
0.082913
0.082677
0.082606
0.082816
0.082764
0.082944
0.082658
0.082461
0.082679
0.082841
0.082731
0.082993
0.082802
0.082623
0.080387
0.082919
0.082478
0.082884
0.083084
0.082402
0.082638
0.082762
0.082274
0.082244
0.082325
0.082352
0.082814
0.080353
0.082800
0.082342
0.082578
0.083058
0.082644
0.082569
0.082526
0.082177
0.082568
0.082431
0.082493
0.082334
0.082581
0.082624
0.082678
0.082534
0.082582
0.082348
0.082338
0.082202
0.082599
0.082466
0.082797
0.082291
0.082305
0.080861
0.082816
0.082793
0.082746
0.082821
0.082886
0.082840
0.092036
0.082326
0.082162
0.080217
0.082578
0.082627
0.095819
0.082714
0.082716
0.082345
0.082273
0.082686
0.082534
0.082463
0.082735
0.082496
0.082578
0.082962
0.082954
0.082935
0.082996
0.083030
0.082886
0.082948
0.082797
0.082851
0.082779
0.082716
0.082628
0.082590
0.083045
0.082751
0.083105
0.082822
0.082584
0.082741
0.082861
0.082841
0.082985
0.082821
0.082441
0.082347
0.082705
0.082497
0.082522
0.082572
0.082570
0.082726
0.082550
0.082567
0.082583
0.082750
0.082571
0.082699
0.082698
0.082674
0.082647
0.082536
0.082562
0.082643
0.082655
0.082660
0.082499
0.082611
0.082767
0.082720
0.082521
0.082412
0.082686
0.082634
0.082619
0.082952
0.082578
0.082861
0.076489
0.072059
0.071877
0.072299
0.072284
0.072484
0.071990
0.071813
0.071908
0.072191
0.071908
0.072060
0.071804
0.071787
0.071930
0.072003
0.069306
0.071955
0.071932
0.071950
0.072401
0.072331
0.072208
0.072196
0.071736
0.072320
0.072403
0.072163
0.074248
0.075824
0.072570
0.073202
0.074433
0.083303
0.072263
0.072394
0.072181
0.072195
0.072438
0.068049
0.067693
0.069661
0.085234
0.078144
0.070217
0.072588
0.072793
0.072198
0.072078
0.072314
0.072087
0.072062
0.072183
0.072303
0.072153
0.072146
0.072212
0.072040
0.072324
0.071984
0.072553
0.072420
0.070387
0.068346
0.072858
0.072332
0.072719
0.072696
0.072480
0.072640
0.072534
0.072520
0.072642
0.072688
0.072154
0.072053
0.072008
0.071813
0.072042
0.072520
0.072330
0.072389
0.072617
0.072547
0.072487
0.072239
0.072487
0.072531
0.072394
0.072539
0.072311
0.072465
0.072439
0.072523
0.072325
0.072762
0.072556
0.072682
0.072682
0.072607
0.072629
0.072790
0.072590
0.072128
0.072493
0.072734
0.072669
0.072523
0.071976
0.072637
0.072360
0.072588
0.072464
0.072302
0.072514
0.072819
0.072617
0.072501
0.072753
0.072482
0.072725
0.072438
0.072486
0.072591
0.072749
0.072788
0.072477
0.072441
0.072585
0.072488
0.072677
0.072534
0.072616
0.072217
0.072365
0.072454
0.072372
0.072462
0.072414
0.072358
0.072389
0.072207
0.072424
0.072187
0.080892
0.082717
0.082906
0.082739
0.082530
0.082725
0.082694
0.082738
0.082509
0.082450
0.082390
0.082610
0.082575
0.082740
0.073915
0.080494
0.082824
0.082638
0.082877
0.082639
0.082797
0.082399
0.082360
0.082141
0.082530
0.082333
0.082544
0.083038
0.082570
0.082931
0.082757
0.083042
0.082869
0.082858
0.082543
0.082819
0.082830
0.082567
0.082553
0.082443
0.082574
0.082772
0.082539
0.082490
0.082173
0.082613
0.082727
0.082652
0.082285
0.082662
0.082330
0.082686
0.082192
0.082529
0.082687
0.082623
0.082751
0.082687
0.082643
0.082672
0.082470
0.082833
0.082736
0.082508
0.073542
0.071946
0.072267
0.071954
0.071946
0.071934
0.071909
0.072101
0.072034
0.072129
0.071616
0.072051
0.071749
0.072238
0.072095
0.069517
0.071732
0.080595
0.071777
0.071945
0.072011
0.071960
0.072018
0.072064
0.072095
0.072209
0.072026
0.072198
0.072126
0.069897
0.063022
0.074330
0.080880
0.071774
0.071899
0.082254
0.071847
0.071778
0.074191
0.065804
0.071934
0.072322
0.072075
0.069194
0.072632
0.072144
0.072214
0.072404
0.072174
0.072347
0.072364
0.072359
0.072400
0.072333
0.072254
0.072179
0.072419
0.072191
0.072649
0.072411
0.072376
0.072280
0.072679
0.072543
0.072165
0.072489
0.072474
0.072183
0.072482
0.072648
0.072779
0.072671
0.072395
0.072229
0.072229
0.072231
0.072740
0.071903
0.072139
0.072771
0.070173
0.072425
0.070631
0.072375
0.072487
0.072108
0.072456
0.072717
0.072777
0.072748
0.072460
0.072559
0.072622
0.072454
0.072787
0.072453
0.072505
0.072333
0.072770
0.072529
0.072592
0.072615
0.072279
0.072601
0.071966
0.071980
0.072455
0.072463
0.072502
0.072575
0.072481
0.072233
0.071827
0.072465
0.069939
0.072408
0.072489
0.072571
0.072563
0.072747
0.072810
0.072396
0.072506
0.072448
0.072352
0.072449
0.072568
0.072322
0.072547
0.072683
0.072299
0.072470
0.072415
0.072706
0.072656
0.072464
0.072422
0.072360
0.072446
0.072335
0.072496
0.072649
0.072454
0.072495
0.075767
0.082306
0.082003
0.082105
0.082480
0.082217
0.082950
0.082236
0.082902
0.082554
0.082891
0.080307
0.082826
0.082729
0.082978
0.082930
0.082841
0.082782
0.083081
0.082637
0.082665
0.082448
0.082845
0.082611
0.082822
0.082792
0.083048
0.082565
0.082608
0.082777
0.082977
0.082666
0.082882
0.082356
0.082594
0.082519
0.082252
0.082677
0.082279
0.082899
0.082799
0.082725
0.082546
0.082821
0.082858
0.082982
0.082676
0.082496
0.082474
0.082314
0.082548
0.082735
0.082808
0.082624
0.082845
0.082548
0.082764
0.082651
0.082884
0.082530
0.082544
0.082464
0.082791
0.082601
0.082371
0.082944
0.082453
0.082152
0.082217
0.082260
0.082066
0.082358
0.082246
0.082808
0.082641
0.082601
0.082600
0.082618
0.082435
0.082692
0.082462
0.082845
0.082721
0.082820
0.082708
0.082641
0.082725
0.082456
0.082558
0.082669
0.082802
0.082765
0.082609
0.082566
0.082628
0.082707
0.082753
0.082899
0.082923
0.082985
0.082756
0.080709
0.082697
0.082816
0.083075
0.082964
0.082832
0.082589
0.082611
0.082656
0.082028
0.082479
0.082662
0.082285
0.082451
0.082473
0.082324
0.082584
0.082410
0.082550
0.082237
0.081880
0.082108
0.082057
0.081832
0.082472
0.082568
0.082583
0.082719
0.082157
0.082430
0.082637
0.082803
0.082562
0.082651
0.082294
0.081848
0.082437
0.082545
0.082548
0.082697
0.082307
0.082553
0.082696
0.082829
0.082492
0.082461
0.082492
0.082633
0.082455
0.082504
0.082570
0.082760
0.082762
0.082321
0.082151
0.081963
0.082003
0.081966
0.082755
0.081685
0.082422
0.082187
0.082458
0.082383
0.082073
0.082183
0.082113
0.082154
0.082768
0.082143
0.081851
0.082165
0.082043
0.082221
0.082152
0.082311
0.082351
0.082475
0.081941
0.082379
0.081838
0.082662
0.082521
0.082534
0.082509
0.082674
0.082403
0.082714
0.094860
0.093291
0.082468
0.082535
0.079983
0.082327
0.082496
0.082158
0.082578
0.082552
0.082129
0.082309
0.082543
0.082737
0.082479
0.082492
0.082074
0.081938
0.082832
0.082042
0.082835
0.082148
0.082318
0.082741
0.082156
0.082045
0.081915
0.082137
0.082194
0.082233
0.081635
0.070906
0.082568
0.082602
0.082589
0.080394
0.082455
0.082181
0.082055
0.082492
0.082738
