0.021816
0.082790
0.082705
0.082665
0.082308
0.082315
0.082321
0.082112
0.082068
0.082055
0.082259
0.082374
0.082338
0.082152
0.080885
0.082586
0.080224
0.082510
0.082224
0.082725
0.081941
0.081867
0.082034
0.082153
0.082007
0.081995
0.082136
0.082030
0.081952
0.081760
0.082026
0.081954
0.082171
0.082095
0.081984
0.082348
0.082004
0.082004
0.081998
0.081629
0.082260
0.082264
0.081919
0.082378
0.082305
0.082412
0.082082
0.082510
0.082390
0.082379
0.082068
0.082072
0.082253
0.081719
0.081858
0.081890
0.081798
0.082319
0.082335
0.081943
0.081771
0.082428
0.081786
0.082400
0.082792
0.081630
0.082272
0.082349
0.082072
0.082200
0.082250
0.082453
0.081732
0.082461
0.082525
0.082167
0.082573
0.081816
0.082604
0.082532
0.082037
0.081093
0.081800
0.082219
0.082483
0.082450
0.082282
0.082316
0.082156
0.082364
0.082425
0.082559
0.082459
0.082317
0.082456
0.082357
0.080212
0.082304
0.082377
0.093313
0.079511
0.082189
0.082535
0.082478
0.082479
0.082360
0.082542
0.082353
0.082434
0.082528
0.082284
0.082302
0.082441
0.082579
0.082291
0.082586
0.082413
0.082318
0.082053
0.082580
0.082520
0.082567
0.082593
0.082503
0.082693
0.082506
0.082731
0.082271
0.082584
0.082528
0.082675
0.082430
0.082749
0.082803
0.082339
0.082527
0.082583
0.082451
0.082450
0.082501
0.082511
0.082364
0.082654
0.082331
0.082171
0.082508
0.082611
0.082466
0.082427
0.082743
0.082508
0.082392
0.082426
0.082567
0.082167
0.082633
0.082887
0.082511
0.082388
0.082509
0.082683
0.082675
0.082477
0.082146
0.082657
0.082705
0.082400
0.082721
0.082119
0.082498
0.082002
0.082367
0.082419
0.082400
0.082347
0.082355
0.082318
0.082449
0.082373
0.082138
0.082248
0.082530
0.080176
0.082513
0.082512
0.082686
0.082423
0.082180
0.081756
0.081925
0.082173
0.082020
0.082003
0.082146
0.082018
0.081527
0.081851
0.082520
0.082261
0.082727
0.082467
0.082285
0.081867
0.082256
0.082363
0.082606
0.082608
0.082418
0.082535
0.082407
0.082564
0.082319
0.081719
0.082064
0.082349
0.082589
0.082153
0.082286
0.082056
0.082489
0.082529
0.082281
0.082092
0.082308
0.081744
0.082120
0.082392
0.082353
0.082513
0.082251
0.082369
0.082279
0.082226
0.082260
0.082263
0.082328
0.082043
0.082153
0.082294
0.082283
0.082312
0.082214
0.082265
0.082235
0.082046
0.082041
0.081877
0.082757
0.082343
0.082713
0.082329
0.082687
0.082573
0.082627
0.082280
0.082255
0.082311
0.082214
0.082436
0.082476
0.082459
0.082379
0.082415
0.082312
0.082409
0.082499
0.082304
0.082395
0.082391
0.082331
0.082563
0.082427
0.082272
0.082448
0.082426
0.082209
0.082599
0.082401
0.082407
0.082496
0.082390
0.082426
0.082416
0.082743
0.082529
0.082344
0.082324
0.082195
0.082147
0.082299
0.082002
0.082306
0.081849
0.082559
0.082389
0.082272
0.082525
0.082308
0.082351
0.082122
0.082317
0.082224
0.081588
0.081913
0.082156
0.082290
0.081843
0.082154
0.082311
0.082393
0.082244
0.082194
0.082410
0.080187
0.082081
0.082061
0.082139
0.082248
0.081441
0.082295
0.081838
0.082521
0.081693
0.082617
0.081630
0.082136
0.081651
0.081950
0.082436
0.081907
0.082202
0.082349
0.082138
0.082502
0.082009
0.082202
0.082757
0.082496
0.082501
0.082480
0.082229
0.082363
0.081827
0.081922
0.082067
0.081677
0.081803
0.081876
0.081975
0.082024
0.081812
0.081991
0.081690
0.082335
0.082204
0.082302
0.082206
0.081925
0.082363
0.082057
0.081979
0.082536
0.082515
0.082706
0.082299
0.082681
0.082395
0.082613
0.082043
0.082236
0.082397
0.082419
0.082372
0.082183
0.082373
0.082568
0.082357
0.082230
0.082173
0.082378
0.081685
0.082094
0.081752
0.082065
0.082418
0.082081
0.082162
0.081971
0.082067
0.082237
0.082072
0.081800
0.081795
0.082108
0.081968
0.082504
0.081983
0.082142
0.081750
0.082100
0.082063
0.082103
0.080006
0.082002
0.082380
0.082415
0.082303
0.082095
0.082443
0.082089
0.082078
0.081982
0.082028
0.082116
0.082004
0.082058
0.082094
0.082162
0.082222
0.081932
0.081864
0.082031
0.082251
0.082250
0.081721
0.082247
0.081879
0.081699
0.081724
0.082244
0.082319
0.082216
0.082066
0.082199
0.081806
0.082071
0.082068
0.082337
0.082246
0.082330
0.082614
0.082529
0.082456
0.082424
0.081935
0.082143
0.082412
0.082303
0.082346
0.082185
0.082545
0.082209
0.082012
0.082322
0.082096
0.081945
0.081708
0.082095
0.082008
0.082057
0.081890
0.082162
0.082078
0.082448
0.082144
0.081981
0.082160
0.082336
0.082412
0.082141
0.081910
0.082181
0.082256
0.082338
0.082325
0.082419
0.082038
0.082111
0.082379
0.082206
0.082032
0.082344
0.081911
0.081978
0.081784
0.082032
0.082143
0.081773
0.081998
0.082176
0.082033
0.082391
0.081964
0.082341
0.082067
0.082330
0.082023
0.082679
0.082434
0.082036
0.082037
0.082143
0.081940
0.082051
0.082210
0.082116
0.082079
0.082013
0.082150
0.082209
0.081907
0.082138
0.081573
0.081847
0.082263
0.082175
0.082179
0.080029
0.082148
0.082205
0.093076
0.082447
0.082430
0.082211
0.082418
0.082473
0.082611
0.082405
0.082005
0.082471
0.082551
0.082347
0.082291
0.082273
0.082352
0.082270
0.082631
0.082407
0.081951
0.082490
0.082167
0.082033
0.082067
0.082474
0.082050
0.082334
0.082342
0.082372
0.081763
0.082438
0.082485
0.077922
0.082288
0.082707
0.081763
0.081837
0.082428
0.082401
0.082483
0.082231
0.082539
0.080295
0.081898
0.082107
0.082178
0.082155
0.082778
0.082091
0.082079
0.082040
0.082311
0.082128
0.081888
0.081731
0.081731
0.082076
0.081465
0.079847
0.082308
0.082167
0.082027
0.082002
0.082086
0.082544
0.082420
0.082435
0.082050
0.082492
0.082400
0.082368
0.082255
0.082398
0.082289
0.082506
0.082340
0.082261
0.082312
0.081830
0.082193
0.082258
0.082558
0.082583
0.082353
0.082295
0.081928
0.082178
0.082381
0.082013
0.082210
0.082294
0.081884
0.082098
0.081995
0.082310
0.082037
0.082043
0.082044
0.082431
0.082098
0.081851
0.082130
0.082115
0.082440
0.082151
0.081996
0.081962
0.081960
0.071201
0.071425
0.071145
0.070994
0.071392
0.070952
0.071471
0.071424
0.071728
0.071757
0.071684
0.071744
0.071874
0.071485
0.071182
0.071703
0.071566
0.072041
0.071756
0.071455
0.071733
0.071424
0.071615
0.082199
0.071558
0.071553
0.071233
0.071461
0.071317
0.071334
0.071802
0.071401
0.071746
0.071471
0.071549
0.067193
0.073809
0.073641
0.073025
0.078041
0.071897
0.071733
0.071549
0.071802
0.071563
0.073443
0.069236
0.070974
0.073895
0.067459
0.072050
0.072142
0.072182
0.071935
0.072227
0.080971
0.072266
0.071949
0.072141
0.072104
0.072345
0.072234
0.072032
0.072251
0.071530
0.072260
0.071934
0.072140
0.072208
0.072029
0.072106
0.071821
0.072165
0.072345
0.072155
0.072134
0.072624
0.072348
0.072181
0.072056
0.072363
0.072546
0.072113
0.072182
0.072295
0.072352
0.072282
0.072314
0.072299
0.072249
0.072001
0.072205
0.067812
0.061537
0.061682
0.059515
0.061530
0.061599
0.061899
0.057465
0.061416
0.061648
0.061679
0.061503
0.061751
0.061585
0.061680
0.061712
0.061864
0.061485
0.070408
0.054830
0.058938
0.061097
0.060705
0.061085
0.061191
0.061153
0.060769
0.061322
0.061100
0.061606
0.061599
0.061138
0.061211
0.059215
0.061322
0.063877
0.061684
0.070057
0.061360
0.061313
0.061479
0.061774
0.059223
0.061504
0.052796
0.056936
0.063663
0.061708
0.057079
0.063916
0.068003
0.070672
0.062023
0.061938
0.062085
0.061835
0.061807
0.072022
0.072418
0.072114
0.072175
0.072222
0.072219
0.072122
0.072340
0.071546
0.071687
0.071836
0.072011
0.072361
0.072491
0.071864
0.072397
0.072088
0.071838
0.072318
0.071913
0.071785
0.071724
0.071674
0.071504
0.072076
0.071773
0.071747
0.072124
0.072386
0.072337
0.072307
0.072188
0.071852
0.072272
0.071780
0.072153
0.072380
0.072196
0.071778
0.071856
0.071992
0.070282
0.070052
0.072222
0.072278
0.072254
0.072290
0.072190
0.072513
0.072499
0.072339
0.072615
0.072066
0.072265
0.072456
0.072356
0.072209
0.072225
0.072054
0.072123
0.071995
0.072422
0.072006
0.072362
0.071744
0.071682
0.071965
0.072456
0.072366
0.072304
0.072288
0.072104
0.072547
0.072479
0.072468
0.072425
0.072304
0.072181
0.071903
0.072297
0.072433
0.070375
0.071986
0.071944
0.072077
0.071754
0.071838
0.071596
0.071445
0.071558
0.071938
0.071981
0.072250
0.071940
0.082074
0.082515
0.082348
0.082500
0.082248
0.082467
0.082318
0.082052
0.082201
0.082467
0.082453
0.082034
0.082459
0.082346
0.082706
0.077772
0.082193
0.082071
0.081841
0.081984
0.082511
0.082329
0.082216
0.082255
0.082329
0.081851
0.082281
0.072057
0.071656
0.071346
0.071511
0.071996
0.071735
0.071542
0.071446
0.071450
0.071239
0.071239
0.071565
0.071555
0.071417
0.071974
0.071685
0.080555
0.071420
0.071963
0.072013
0.072144
0.071665
0.071852
0.071547
0.071865
0.071591
0.071746
0.071603
0.071838
0.071792
0.071651
0.071824
0.072082
0.071879
0.060248
0.066980
0.085644
0.073898
0.073844
0.065027
0.088300
0.071235
0.071861
0.071682
0.071919
0.072057
0.067317
0.074246
0.071199
0.067341
0.073258
0.070840
0.072258
0.072140
0.072432
0.072730
0.072257
0.072161
0.070111
0.072313
0.072062
0.072520
0.072544
0.072461
0.072440
0.072307
0.071908
0.072037
0.072364
0.072138
0.072332
0.072244
0.072093
0.072265
0.072186
0.072137
0.072192
0.069644
0.069658
0.072034
0.072142
0.072325
0.071992
0.072202
0.071967
0.072077
0.072084
0.071988
0.072260
0.072386
0.072340
0.072291
0.072287
0.072413
0.072110
0.072061
0.072114
0.072325
0.072375
0.072392
0.072223
0.072215
0.072300
0.071440
0.072091
0.072078
0.071993
0.072365
0.072098
0.072091
0.072425
0.072473
0.072301
0.072267
0.072272
0.072316
0.072030
0.072217
0.071862
0.071899
0.072298
0.072264
0.072260
0.072057
0.071860
0.072042
0.072207
0.072084
0.072294
0.072083
0.072186
0.072200
0.072254
0.072178
0.072199
0.071538
0.071668
0.071789
0.072313
0.072356
0.072164
0.072104
0.072300
0.072443
0.072281
0.072010
0.072249
0.072281
0.069686
0.072057
0.072206
0.085189
0.082548
0.082642
0.082125
0.082282
0.082544
0.082368
0.082306
0.082305
0.078018
0.082412
0.082548
0.082171
0.082567
0.082291
0.082501
0.082530
0.082626
0.082508
0.082428
0.082470
0.082294
0.082053
0.082518
0.082470
0.082682
0.082211
0.082276
0.082413
0.082341
0.082351
0.082608
0.082318
0.082318
0.082650
0.082647
0.082810
0.082261
0.082253
0.082235
0.082300
0.082450
0.082253
0.082469
0.082612
0.082901
0.082552
0.082482
0.082475
0.082300
0.082613
0.082233
0.082428
0.082514
0.082215
0.082682
0.082237
0.082489
0.082268
0.082433
0.082195
0.082269
0.082526
0.082423
0.082302
0.082403
0.082231
0.082747
0.082537
0.082277
0.082200
0.082268
0.081678
0.082387
0.082289
0.082235
0.082189
0.082267
0.082268
0.082382
0.082287
0.082513
0.082511
0.082337
0.082256
0.080073
0.081807
0.081961
0.082117
0.081903
0.081961
0.082165
0.081848
0.081674
0.081819
0.081996
0.081758
0.081751
0.082660
0.082637
0.082672
0.082414
0.082544
0.082236
0.082523
0.082024
0.082071
0.082415
0.082561
0.082448
0.082561
0.082407
0.082299
0.082350
0.082228
0.082472
0.082682
0.082717
0.082129
0.082186
0.082368
0.082171
0.082395
0.082566
0.082503
0.082138
0.082224
0.082232
0.082208
0.082535
0.082318
0.082181
0.081838
0.082159
0.082190
0.082122
0.082381
0.082490
0.082357
0.082214
0.082406
0.081945
0.082273
0.082033
0.082352
0.082117
0.082359
0.081972
0.082180
0.082377
0.082348
0.082532
0.082682
0.082728
0.082465
0.082595
0.082344
0.082895
0.082485
0.082270
0.082087
0.082310
0.082574
0.082534
0.082574
0.082688
0.082387
0.082504
0.082422
0.082272
0.082256
0.082771
0.082072
0.082378
0.082256
0.082396
0.082469
0.082237
0.082114
0.082212
0.082106
0.082325
0.082176
0.082136
0.082197
0.082318
0.082001
0.082147
0.082273
0.081969
0.081993
0.082421
0.082513
0.082324
0.082272
0.082333
0.082363
0.082386
0.082405
0.082152
0.082447
0.082300
0.082471
0.082378
0.082424
0.082636
0.082564
0.082501
0.082554
0.082282
0.082383
0.082503
0.082589
0.082225
0.081769
0.081408
0.081434
0.081838
0.082077
0.082001
0.082008
0.081982
0.081792
0.081986
0.082011
0.082020
0.081954
0.082044
0.082576
0.082604
0.082371
0.082319
0.082514
0.082523
0.082548
0.082603
0.082560
0.082281
0.080281
0.082373
0.082318
0.082637
0.082694
0.082130
0.082356
0.082452
0.081886
0.082003
0.082036
0.082506
0.082708
0.080318
0.082299
0.082350
0.082358
0.082432
0.082038
0.082150
0.082034
0.081970
0.082232
0.082074
0.082383
0.081912
0.082411
0.082252
0.082372
0.082202
0.082164
0.082253
0.082223
0.081927
0.082317
0.082232
0.082162
0.081655
0.082103
0.080232
0.079999
0.082677
0.081583
0.082378
0.082352
0.080276
0.082518
0.082419
0.082012
0.091317
0.082152
0.082221
0.082834
0.082422
0.082349
0.081986
0.082044
0.082203
0.082116
0.082158
0.082366
0.082112
0.082249
0.082502
0.082607
0.082542
0.082506
0.082551
0.082425
0.082390
0.082259
0.082257
0.082286
0.082228
0.082249
0.082200
0.082743
0.082421
0.082747
0.082456
0.081979
0.082212
0.082327
0.082042
0.082454
0.082580
0.081973
0.082219
0.082148
0.082030
0.082132
0.082029
0.082385
0.082412
0.082119
0.082232
0.082323
0.082272
0.082569
0.082391
0.082510
0.082333
0.082435
0.082110
0.082330
0.082493
0.082506
0.082568
0.082309
0.082356
0.082495
0.082201
0.082296
0.082328
0.082322
0.082253
0.082205
0.082527
0.082322
0.082457
0.074730
0.071806
0.071716
0.071990
0.071893
0.072142
0.071465
0.071619
0.071401
0.071670
0.071538
0.071249
0.071558
0.071681
0.071768
0.071765
0.082248
0.071739
0.071710
0.071806
0.072084
0.071986
0.071970
0.071762
0.071636
0.072091
0.071996
0.069636
0.063194
0.065120
0.069841
0.073665
0.073766
0.069073
0.071648
0.072180
0.071958
0.071800
0.072147
0.071888
0.065278
0.080457
0.071866
0.063094
0.069621
0.072048
0.072346
0.072368
0.071962
0.072186
0.071877
0.071990
0.072095
0.072086
0.072081
0.072082
0.072077
0.071865
0.072336
0.071913
0.072119
0.071994
0.070081
0.072315
0.083331
0.072029
0.072309
0.072347
0.072170
0.072277
0.072067
0.072238
0.072266
0.072322
0.072501
0.072145
0.071635
0.071278
0.071808
0.071775
0.071608
0.071620
0.071886
0.071985
0.072275
0.071986
0.072209
0.072341
0.072148
0.072260
0.071958
0.072242
0.072116
0.072116
0.071956
0.072173
0.072179
0.072181
0.072217
0.072064
0.072123
0.072222
0.072189
0.071750
0.071899
0.072274
0.072286
0.072069
0.072005
0.072336
0.072248
0.072125
0.072246
0.071927
0.072194
0.072366
0.072332
0.072082
0.072471
0.071845
0.072054
0.072100
0.071947
0.072183
0.072334
0.072410
0.072037
0.072180
0.072025
0.072089
0.072277
0.072193
0.072201
0.071974
0.071928
0.072211
0.072102
0.072141
0.072086
0.072093
0.072155
0.072071
0.072188
0.072123
0.076310
0.082473
0.082618
0.082543
0.082415
0.082439
0.082545
0.082434
0.082584
0.082196
0.082146
0.081885
0.082359
0.082490
0.073814
0.082333
0.080740
0.082325
0.082618
0.082484
0.082511
0.082562
0.082584
0.082303
0.082540
0.082191
0.082182
0.082805
0.082234
0.082641
0.082426
0.082603
0.082550
0.082632
0.082100
0.082552
0.082643
0.082360
0.082254
0.082196
0.082241
0.082475
0.082233
0.082304
0.082024
0.082455
0.082529
0.082282
0.082117
0.082450
0.082027
0.082506
0.081939
0.082290
0.082498
0.082365
0.082460
0.082458
0.082468
0.082631
0.082217
0.082731
0.082575
0.082365
0.075502
0.071516
0.072078
0.071729
0.071949
0.071570
0.071615
0.072028
0.071839
0.071980
0.071521
0.071605
0.071390
0.072144
0.071893
0.071881
0.080135
0.069549
0.072011
0.071766
0.072036
0.071849
0.072055
0.071880
0.072005
0.071919
0.071816
0.072000
0.071908
0.069696
0.062980
0.074028
0.065261
0.071904
0.071907
0.069410
0.071764
0.071926
0.069458
0.078261
0.068164
0.071668
0.071832
0.069454
0.077883
0.072159
0.071601
0.072281
0.071945
0.071912
0.072031
0.072105
0.071891
0.071927
0.071985
0.071832
0.071908
0.072170
0.072015
0.072256
0.072120
0.072163
0.072007
0.072347
0.071997
0.071631
0.072180
0.072043
0.070930
0.071876
0.071705
0.072018
0.071516
0.071621
0.071784
0.071264
0.071600
0.071608
0.070938
0.071630
0.071814
0.082434
0.069471
0.071788
0.071835
0.071800
0.071645
0.071849
0.072117
0.072365
0.072309
0.072219
0.072295
0.072206
0.072353
0.072189
0.072258
0.072065
0.072374
0.072297
0.072254
0.072603
0.071400
0.071772
0.071591
0.071689
0.071608
0.071659
0.071821
0.071619
0.071752
0.071538
0.071386
0.071638
0.069464
0.071830
0.072446
0.072307
0.072392
0.072444
0.072554
0.072335
0.072203
0.072237
0.072201
0.072345
0.072241
0.072200
0.072211
0.072400
0.072102
0.072090
0.072109
0.072445
0.072336
0.072209
0.072157
0.072112
0.072246
0.072388
0.072094
0.072452
0.072258
0.072228
0.074222
0.082625
0.082303
0.082319
0.082607
0.082409
0.082640
0.082553
0.082471
0.082428
0.082601
0.080266
0.082298
0.082402
0.082708
0.082577
0.082465
0.081885
0.082157
0.082067
0.081654
0.081650
0.082011
0.081931
0.082386
0.082418
0.082596
0.082241
0.082482
0.082440
0.082654
0.082399
0.082475
0.082099
0.082110
0.082162
0.082569
0.082132
0.082451
0.082622
0.082515
0.082515
0.082339
0.082331
0.082619
0.082742
0.082428
0.082359
0.082346
0.082012
0.082327
0.082410
0.082650
0.082407
0.082489
0.082653
0.082620
0.082354
0.082675
0.082516
0.082316
0.082404
0.082718
0.082505
0.082214
0.082803
0.082776
0.082464
0.082587
0.082588
0.082742
0.082468
0.082819
0.082782
0.082122
0.082140
0.082520
0.082524
0.082193
0.082134
0.081897
0.082136
0.082136
0.082199
0.082056
0.081998
0.081973
0.081860
0.081967
0.082024
0.082179
0.082161
0.081867
0.082418
0.082317
0.082407
0.082526
0.082484
0.082510
0.082659
0.082382
0.082332
0.082208
0.082534
0.082739
0.082577
0.082480
0.082475
0.082391
0.082608
0.081819
0.082401
0.082565
0.082274
0.082093
0.082414
0.082216
0.082525
0.082367
0.082440
0.082363
0.082025
0.082391
0.082269
0.082124
0.080416
0.082283
0.082487
0.082591
0.082078
0.082477
0.082335
0.082550
0.082573
0.082409
0.082344
0.081145
0.081877
0.082484
0.082313
0.082562
0.082136
0.082330
0.082391
0.082512
0.082312
0.082271
0.082330
0.082343
0.082201
0.081758
0.081922
0.082005
0.082654
0.082633
0.082498
0.082306
0.082353
0.082359
0.082324
0.082171
0.082124
0.082260
0.082189
0.082049
0.082355
0.082409
0.082477
0.082285
0.082584
0.082134
0.082020
0.082216
0.082520
0.082317
0.082335
0.082593
0.082055
0.082389
0.081728
0.082296
0.081799
0.082345
0.082484
0.082435
0.082490
0.082524
0.082461
0.082400
0.077975
0.079989
0.082449
0.082234
0.079650
0.081873
0.082082
0.081505
0.081669
0.082495
0.082283
0.082007
0.082263
0.082580
0.081965
0.082218
0.082270
0.082306
0.082298
0.082526
0.082460
0.082740
0.082007
0.082383
0.082475
0.082373
0.082009
0.082427
0.082499
0.082296
0.082177
0.079686
0.090740
0.082361
0.082273
0.082405
0.095414
0.082480
0.080145
0.082143
0.082522
0.076085
0.071858
0.071714
0.071782
0.071602
0.071722
0.071756
0.071672
0.072026
0.069171
0.071677
0.071644
