0.026062
0.083382
0.083400
0.083361
0.083184
0.083115
0.083257
0.083363
0.082955
0.082928
0.083256
0.083173
0.083332
0.083313
0.083139
0.083288
0.083052
0.083380
0.082983
0.083192
0.083294
0.083282
0.083155
0.083316
0.083302
0.083211
0.082815
0.083168
0.076812
0.072652
0.072127
0.072340
0.072860
0.081780
0.072704
0.072621
0.072615
0.072395
0.072459
0.072778
0.072721
0.072929
0.072906
0.072647
0.068628
0.072220
0.072877
0.072847
0.073024
0.072716
0.072613
0.072408
0.072718
0.072436
0.072701
0.072471
0.072701
0.072826
0.072565
0.072639
0.073014
0.072993
0.065679
0.079195
0.077130
0.065220
0.075448
0.077231
0.074656
0.072635
0.072840
0.072848
0.072687
0.073162
0.070580
0.068536
0.072634
0.076947
0.072230
0.071157
0.073251
0.072942
0.073296
0.073480
0.073306
0.073214
0.070872
0.073273
0.072849
0.073164
0.073494
0.073278
0.073398
0.073198
0.072595
0.073000
0.073327
0.073020
0.073127
0.073088
0.072903
0.072862
0.073096
0.072956
0.073449
0.072656
0.072681
0.081429
0.073215
0.073246
0.072811
0.073186
0.072867
0.072823
0.072834
0.072959
0.073347
0.073198
0.073210
0.073071
0.073112
0.073151
0.073037
0.072823
0.072930
0.073241
0.073348
0.073437
0.073018
0.073275
0.073168
0.072834
0.073072
0.072973
0.073588
0.073280
0.073010
0.072820
0.073348
0.073254
0.072899
0.072913
0.072931
0.073183
0.073169
0.073043
0.072749
0.072961
0.073279
0.073158
0.073022
0.073106
0.072681
0.072812
0.073120
0.073013
0.073151
0.072960
0.072929
0.073019
0.073082
0.072896
0.073287
0.072913
0.073136
0.072669
0.073152
0.073236
0.073282
0.072850
0.073171
0.073323
0.073031
0.072945
0.072824
0.073161
0.072597
0.072901
0.073403
0.079669
0.083423
0.083522
0.083127
0.083141
0.083593
0.083338
0.083119
0.083353
0.078898
0.083323
0.083564
0.083263
0.083008
0.082989
0.083113
0.083145
0.083156
0.083236
0.083198
0.083368
0.083050
0.082770
0.083237
0.083337
0.083616
0.083228
0.083131
0.083277
0.083379
0.083236
0.083463
0.083180
0.083293
0.083487
0.083537
0.083803
0.083170
0.083256
0.083196
0.083162
0.083327
0.083288
0.083051
0.083340
0.083853
0.083397
0.083259
0.083444
0.083208
0.083686
0.083259
0.083007
0.083365
0.083005
0.083551
0.083324
0.083419
0.083091
0.083202
0.083065
0.083030
0.083283
0.083321
0.083140
0.083109
0.083020
0.083423
0.083434
0.083136
0.083015
0.083157
0.082626
0.082982
0.083347
0.083019
0.083056
0.083071
0.083153
0.083319
0.083093
0.083381
0.083442
0.083176
0.083045
0.083187
0.083415
0.083388
0.083602
0.083391
0.082848
0.083059
0.082928
0.082876
0.082736
0.083189
0.082891
0.082888
0.083184
0.083341
0.083285
0.082910
0.083091
0.082850
0.082975
0.082655
0.082652
0.083017
0.083051
0.083264
0.083377
0.083132
0.083039
0.083069
0.082983
0.083327
0.083356
0.083434
0.082974
0.082755
0.083288
0.083137
0.083213
0.083490
0.083304
0.083095
0.082811
0.094343
0.083390
0.083545
0.083591
0.083342
0.083023
0.083318
0.083347
0.083233
0.083522
0.083518
0.083362
0.083371
0.083554
0.083206
0.083384
0.083390
0.083627
0.083245
0.083661
0.083214
0.083483
0.083431
0.083333
0.083441
0.083625
0.083659
0.083488
0.083505
0.083264
0.083693
0.083406
0.083158
0.083094
0.083264
0.083530
0.083505
0.083474
0.083650
0.083297
0.083447
0.083465
0.083472
0.083314
0.083949
0.083433
0.083482
0.083363
0.083526
0.083647
0.083357
0.083287
0.083326
0.083217
0.083400
0.083345
0.083302
0.083264
0.083406
0.083241
0.083277
0.083455
0.083009
0.083235
0.083523
0.083563
0.083624
0.083376
0.083519
0.083456
0.083419
0.083604
0.083430
0.083602
0.083562
0.083523
0.083590
0.083559
0.083559
0.083670
0.083457
0.083584
0.083271
0.083302
0.083538
0.083579
0.083241
0.083276
0.082868
0.082898
0.083221
0.083469
0.083448
0.083390
0.083224
0.083236
0.083297
0.083321
0.083213
0.083166
0.083351
0.083363
0.083428
0.083179
0.083113
0.083411
0.083414
0.083420
0.083507
0.083323
0.083260
0.081032
0.083381
0.083175
0.083531
0.083712
0.082773
0.083262
0.083332
0.083307
0.083335
0.083443
0.083359
0.083571
0.081095
0.083233
0.083107
0.083138
0.083391
0.083111
0.083106
0.083100
0.082860
0.083122
0.082936
0.083310
0.082985
0.083259
0.083316
0.083357
0.083172
0.083216
0.083375
0.083246
0.083042
0.083408
0.083289
0.083323
0.082831
0.083091
0.081277
0.081415
0.083452
0.083218
0.083483
0.083331
0.081266
0.083202
0.083296
0.082969
0.081121
0.082735
0.083017
0.081666
0.083376
0.083244
0.083105
0.083018
0.083167
0.083179
0.083135
0.083531
0.083300
0.082705
0.083144
0.083229
0.083337
0.083225
0.083339
0.083394
0.083498
0.083399
0.083361
0.083255
0.083501
0.083385
0.083334
0.083735
0.083313
0.083210
0.083054
0.083160
0.083245
0.083325
0.083573
0.083674
0.083562
0.083224
0.083191
0.083244
0.083152
0.083254
0.083443
0.083252
0.083443
0.083402
0.083327
0.083519
0.083361
0.083483
0.083559
0.083493
0.083453
0.083413
0.083357
0.083332
0.083424
0.083448
0.083432
0.083272
0.083470
0.083522
0.083366
0.083158
0.083251
0.083254
0.083108
0.083291
0.083523
0.083150
0.083445
0.079228
0.072832
0.072699
0.072797
0.073040
0.073218
0.072688
0.072699
0.072676
0.072836
0.072728
0.072725
0.072883
0.072692
0.072855
0.072859
0.070106
0.072701
0.072447
0.072701
0.072997
0.072980
0.072456
0.072503
0.071979
0.072687
0.072618
0.072327
0.074740
0.067970
0.072361
0.064113
0.072796
0.079453
0.072655
0.073087
0.072947
0.072665
0.072988
0.073071
0.068088
0.067906
0.069764
0.066042
0.070917
0.070836
0.073336
0.073421
0.072603
0.073241
0.073152
0.072768
0.073151
0.072984
0.073014
0.072870
0.072967
0.073027
0.072934
0.073154
0.072818
0.073044
0.073134
0.084122
0.068972
0.073256
0.073084
0.073013
0.072941
0.072745
0.072874
0.072858
0.072821
0.072988
0.072990
0.072788
0.073164
0.072408
0.072982
0.073295
0.073139
0.072972
0.073225
0.073343
0.073244
0.073123
0.072982
0.073317
0.072909
0.073321
0.072970
0.073164
0.073058
0.073025
0.073098
0.072880
0.073289
0.073010
0.073277
0.072975
0.073107
0.073059
0.073251
0.072921
0.072692
0.073119
0.072948
0.072973
0.073064
0.073053
0.073281
0.073220
0.073093
0.072918
0.073079
0.073164
0.073318
0.073123
0.073124
0.073273
0.073093
0.073314
0.072981
0.073112
0.073177
0.073425
0.073134
0.073175
0.072938
0.073269
0.073082
0.073355
0.073082
0.073243
0.072701
0.073115
0.073197
0.072959
0.073091
0.073079
0.073026
0.073090
0.072859
0.073251
0.072824
0.083185
0.083570
0.083575
0.083313
0.082936
0.083255
0.083053
0.083215
0.082840
0.082937
0.083376
0.083210
0.083389
0.083344
0.092100
0.081016
0.083343
0.083392
0.083465
0.083453
0.083574
0.083592
0.083223
0.083486
0.083058
0.083114
0.083575
0.083387
0.083494
0.083359
0.083570
0.083640
0.083462
0.083098
0.083544
0.083561
0.083002
0.082893
0.082963
0.082761
0.083100
0.082924
0.083138
0.082517
0.083131
0.083190
0.083045
0.082922
0.083008
0.082649
0.083188
0.082880
0.082917
0.083098
0.083074
0.083109
0.083103
0.083168
0.083593
0.083210
0.083590
0.083613
0.083322
0.078741
0.072512
0.073137
0.072843
0.072594
0.072398
0.072392
0.072652
0.072427
0.072776
0.072357
0.072560
0.072095
0.072854
0.072636
0.072794
0.065783
0.070139
0.072921
0.072779
0.072837
0.072804
0.072862
0.072633
0.072920
0.072689
0.072905
0.072720
0.072802
0.072999
0.070303
0.073098
0.074865
0.072747
0.072833
0.070297
0.072571
0.072852
0.072510
0.077163
0.072417
0.072617
0.072767
0.072719
0.075160
0.073272
0.072730
0.073342
0.073216
0.073077
0.073068
0.073302
0.072985
0.073082
0.073172
0.073026
0.073098
0.073275
0.073062
0.073384
0.072782
0.073159
0.073057
0.073354
0.073133
0.072688
0.073160
0.073111
0.072382
0.073451
0.073135
0.073536
0.073127
0.073028
0.073390
0.072934
0.073042
0.073337
0.072440
0.073013
0.073441
0.070664
0.071065
0.073316
0.073296
0.073348
0.073278
0.073065
0.073556
0.073346
0.073300
0.073234
0.073318
0.073212
0.073279
0.073128
0.073195
0.073033
0.073239
0.073325
0.072807
0.073042
0.072527
0.072961
0.072804
0.072908
0.072708
0.072808
0.072991
0.072883
0.073143
0.072740
0.072740
0.072656
0.072845
0.072951
0.073409
0.073509
0.073344
0.073426
0.073509
0.073445
0.073143
0.073263
0.073135
0.073302
0.073297
0.073239
0.073308
0.073353
0.073158
0.073059
0.073167
0.073266
0.073493
0.073251
0.072895
0.072797
0.072879
0.073025
0.073152
0.073262
0.073189
0.073183
0.073084
0.083405
0.083271
0.083316
0.083573
0.083450
0.083436
0.083386
0.083374
0.083268
0.083491
0.083494
0.094038
0.083486
0.083735
0.083498
0.083527
0.083418
0.083495
0.083517
0.083037
0.082973
0.083321
0.083063
0.083261
0.083385
0.083423
0.083145
0.083185
0.083378
0.083389
0.083231
0.083281
0.083024
0.082868
0.083100
0.083331
0.083022
0.083366
0.083539
0.083376
0.083498
0.083248
0.083356
0.083516
0.083581
0.083344
0.083407
0.083166
0.082941
0.083331
0.083324
0.083323
0.083255
0.083170
0.083458
0.083524
0.083362
0.083459
0.083462
0.083188
0.083327
0.083554
0.082964
0.082968
0.083726
0.083734
0.083279
0.083398
0.083403
0.083411
0.083226
0.083612
0.083462
0.083346
0.083259
0.083454
0.083257
0.083082
0.083507
0.083217
0.083312
0.083571
0.083410
0.083321
0.083257
0.083328
0.083039
0.083215
0.083159
0.083457
0.083430
0.083079
0.083280
0.083139
0.083067
0.083419
0.083188
0.083378
0.083417
0.083218
0.082899
0.080813
0.083168
0.083443
0.083260
0.083270
0.083225
0.083084
0.083475
0.082739
0.083321
0.083322
0.083260
0.083061
0.083395
0.083015
0.083355
0.083187
0.083267
0.083226
0.082939
0.083274
0.082695
0.082972
0.081113
0.083272
0.083184
0.083375
0.082832
0.083201
0.083010
0.083299
0.083545
0.083161
0.083171
0.082550
0.083165
0.083304
0.083367
0.083444
0.083036
0.083312
0.083310
0.083517
0.083336
0.083295
0.083387
0.083368
0.083201
0.083260
0.083251
0.083412
0.083435
0.083376
0.083317
0.083148
0.083243
0.083098
0.082961
0.083107
0.082952
0.083188
0.083186
0.082958
0.083278
0.083452
0.083368
0.083266
0.083554
0.083117
0.083086
0.083241
0.083573
0.083261
0.083426
0.083616
0.083143
0.083220
0.082476
0.083025
0.082492
0.082973
0.083262
0.083209
0.083140
0.083127
0.083324
0.083237
0.079082
0.081055
0.083499
0.083188
0.082713
0.083044
0.083073
0.083013
0.082836
0.083255
0.083263
0.082963
0.083235
0.083560
0.083570
0.083233
0.083354
0.083508
0.083349
0.083620
0.083378
0.083726
0.083323
0.083132
0.083397
0.083247
0.083411
0.083321
0.083561
0.083413
0.083295
0.085894
0.086546
0.083214
0.083147
0.083090
0.080940
0.083519
0.081104
0.083234
0.083537
0.081290
0.072883
0.072779
0.072766
0.072534
0.072849
0.072411
0.072279
0.072526
0.070169
0.072660
0.072652
0.065978
0.068655
0.060159
0.062342
0.059897
0.062553
0.062385
0.062619
0.062404
0.062641
0.062151
0.059974
0.060007
0.062233
0.068232
0.062405
0.061971
0.061941
0.066401
0.064529
0.068605
0.049942
0.060948
0.062054
0.061853
0.061749
0.070972
0.061749
0.061980
0.062512
0.061867
0.062364
0.062201
0.068596
0.047068
0.057704
0.067247
0.061224
0.061773
0.070824
0.053414
0.062080
0.061507
0.064230
0.062783
0.060530
0.064471
0.058398
0.062432
0.062518
0.063210
0.063369
0.062816
0.062641
0.062834
0.062869
0.062742
0.069478
0.062769
0.063028
0.060788
0.062858
0.063243
0.060441
0.062738
0.063003
0.062939
0.062790
0.063143
0.062959
0.063161
0.060799
0.060934
0.062975
0.071646
0.062842
0.062740
0.062844
0.060732
0.063106
0.062644
0.063010
0.063113
0.062935
0.063038
0.062963
0.060939
0.062999
0.062924
0.062843
0.063028
0.062868
0.062970
0.063339
0.062884
0.062944
0.062938
0.062855
0.062741
0.063285
0.062731
0.062491
0.062504
0.062683
0.062625
0.071383
0.063043
0.062977
0.060767
0.060427
0.062657
0.063095
0.063112
0.062914
0.062603
0.062926
0.062721
0.061004
0.063027
0.063292
0.062758
0.063047
0.062866
0.062557
0.063202
0.063052
0.062718
0.063111
0.062446
0.063047
0.062685
0.062909
0.062733
0.063009
0.061024
0.062603
0.062778
0.071892
0.060622
0.062486
0.060553
0.060812
0.062838
0.067181
0.073095
0.072849
0.072791
0.073008
0.072637
0.073465
0.083431
0.083477
0.083308
0.082990
0.083447
0.081493
0.083363
0.080965
0.072878
0.072986
0.072773
0.073008
0.072885
0.072906
0.072990
0.072794
0.070865
0.072632
0.072655
0.072618
0.072283
0.083529
0.072765
0.072642
0.072335
0.072432
0.072845
0.072412
0.072826
0.072426
0.072520
0.072726
0.072742
0.072815
0.072704
0.072995
0.064120
0.068681
0.075133
0.072478
0.074961
0.074883
0.072946
0.072834
0.072864
0.072976
0.072931
0.072835
0.072785
0.072689
0.069274
0.075753
0.074749
0.074639
0.067900
0.069322
0.073154
0.073274
0.073173
0.073259
0.073240
0.073308
0.070854
0.072890
0.072774
0.073289
0.073271
0.072793
0.081860
0.072881
0.073372
0.072767
0.073250
0.073023
0.073090
0.073197
0.072953
0.073168
0.073338
0.073169
0.073074
0.072909
0.073178
0.073048
0.073231
0.073198
0.072833
0.072968
0.073074
0.073409
0.073066
0.073054
0.073080
0.073049
0.072880
0.072727
0.073013
0.073056
0.073083
0.072838
0.072741
0.072652
0.072822
0.073358
0.071116
0.073138
0.073187
0.073290
0.072657
0.072543
0.072812
0.073056
0.072524
0.072748
0.072628
0.072731
0.072923
0.072653
0.072859
0.072929
0.072673
0.072812
0.073142
0.073119
0.073320
0.073244
0.066621
0.062608
0.073041
0.072857
0.072909
0.073029
0.072616
0.073190
0.073091
0.072664
0.073102
0.073384
0.073201
0.073147
0.072754
0.073234
0.073138
0.073309
0.073199
0.072839
0.072992
0.073289
0.073179
0.072968
0.073107
0.073024
0.072654
0.072768
0.073095
0.073202
0.079342
0.083272
0.083356
0.083466
0.083230
0.083082
0.083211
0.083195
0.083515
0.083437
0.083452
0.083433
0.083022
0.083206
0.083363
0.083156
0.083297
0.083325
0.082854
0.082660
0.083385
0.083388
0.083448
0.083401
0.083538
0.083471
0.083406
0.083336
0.083278
0.082888
0.083213
0.082882
0.082700
0.082995
0.082854
0.082592
0.082958
0.082629
0.083289
0.083480
0.083371
0.083299
0.083151
0.083115
0.083376
0.082824
0.083209
0.082868
0.083257
0.083367
0.083425
0.083109
0.083350
0.083521
0.083394
0.083486
0.083404
0.083071
0.083457
0.083347
0.083180
0.083207
0.083292
0.083254
0.083531
0.083362
0.083357
0.083294
0.082926
0.083114
0.083085
0.083234
0.083157
0.083281
0.083249
0.083303
0.083385
0.082992
0.083400
0.082945
0.083432
0.083369
0.082978
0.082934
0.083169
0.083112
0.083450
0.083281
0.082741
0.083217
0.083024
0.083025
0.082532
0.083025
0.082934
0.082954
0.082945
0.082746
0.082854
0.082889
0.082680
0.082788
0.082611
0.082849
0.082497
0.082874
0.083046
0.082963
0.083382
0.083010
0.083342
0.083074
0.083472
0.083141
0.083161
0.083094
0.083062
0.083005
0.082928
0.083177
0.082991
0.083218
0.082998
0.082691
0.082657
0.082787
0.083008
0.083050
0.083424
0.083402
0.083056
0.083065
0.083233
0.083351
0.083005
0.082851
0.082874
0.082985
0.082715
0.082996
0.083165
0.083194
0.083206
0.083441
0.083331
0.083050
0.083185
0.083070
0.083379
0.083447
0.083286
0.083161
0.083252
0.083137
0.083195
0.083222
0.083474
0.083308
0.083648
0.083409
0.083119
0.083145
0.083398
0.083240
0.083214
0.083211
0.083353
0.083096
0.083295
0.083544
0.083284
0.083293
0.083275
0.083530
0.083175
0.083476
0.083179
0.083536
0.083145
0.072947
0.081698
0.083387
0.083500
0.081136
0.083280
0.083346
0.083392
0.083419
0.083498
0.083339
0.083013
0.083338
0.083499
0.083162
0.082718
0.082945
0.082881
0.083216
0.083110
0.082966
0.083080
0.082789
0.082433
0.082169
0.083142
0.083005
0.083041
0.083011
0.083097
0.083141
0.083106
0.083097
0.072439
0.072554
0.072747
0.066181
0.072647
0.068548
0.072711
0.073047
0.072844
0.072815
0.072818
0.072462
0.072759
0.072639
0.072608
0.072791
0.072813
0.072773
0.072743
0.070646
0.072642
0.072785
0.072385
0.072308
0.072312
0.072806
0.081396
0.072499
0.070393
0.066118
0.065747
0.058810
0.069152
0.062481
0.062311
0.062414
0.062386
0.062176
0.062052
0.057598
0.065018
0.072048
0.061543
0.056797
0.059130
0.066566
0.062673
0.062555
0.062627
0.062639
0.067020
0.062426
0.062201
0.060121
0.062217
0.062127
0.062178
0.062139
0.062582
0.062460
0.062658
0.062641
0.062679
0.062752
0.062654
0.062536
0.058287
0.066406
0.066599
0.071139
0.060868
0.057794
0.062055
0.062351
0.062375
0.064373
0.057787
0.057771
0.069091
0.064781
0.057913
0.062424
0.062809
0.062814
0.058567
0.063002
0.062921
0.063093
0.058622
0.063046
0.062958
0.062929
0.062277
0.062815
0.063010
0.063086
0.062521
0.063022
0.062857
0.062947
0.062862
0.062436
0.062983
0.063050
0.060660
0.063002
0.062840
0.062902
0.062665
0.062896
0.062988
0.062697
0.062656
0.062945
0.063011
0.062660
0.060495
0.062913
0.062746
0.063014
0.062715
0.062768
0.062717
0.061078
0.062786
0.063040
0.060812
0.063063
0.062885
0.063030
0.063050
0.063124
0.062979
0.062663
0.062770
0.062836
0.062948
0.060876
0.062957
0.062818
0.068947
0.072864
0.073399
0.073018
0.072747
0.073282
0.072823
0.070976
0.073142
0.073210
0.073410
0.073105
0.073234
0.073380
0.073004
0.073218
0.073015
0.072957
0.073086
0.073094
0.073282
0.073264
0.073282
0.073208
0.073396
0.073371
0.073448
0.073357
0.073268
0.073169
0.073138
0.071157
0.071009
0.073076
0.072961
0.072893
0.072839
0.073001
0.072938
0.072955
0.073011
0.073082
0.072747
0.072819
0.070678
0.083369
0.082750
0.091315
0.083069
0.083475
0.082994
0.083111
0.083353
0.083550
0.083218
0.083395
0.083644
0.083307
0.083627
0.083340
0.083022
0.082957
0.083274
0.083428
0.083075
0.083051
0.081156
0.083117
0.083012
0.082917
0.082617
0.082777
0.082910
0.083251
0.082592
0.083117
0.083153
0.082921
0.082912
0.083390
0.083467
0.083511
0.083494
0.083415
0.083581
0.083402
0.083515
0.083180
0.083455
0.083510
0.083200
0.083110
0.083398
0.083292
0.083158
0.083189
0.083199
0.083297
0.083247
0.083395
0.083305
0.083738
0.083261
0.083294
0.083282
0.083178
0.083069
0.083306
0.083299
0.083367
0.083518
0.083458
0.083140
0.083652
0.083587
0.083587
0.083254
0.083302
0.082883
0.083322
0.083014
0.083056
0.083121
0.083633
0.083088
0.083037
0.083213
0.083543
0.083276
0.083128
0.083220
0.083504
0.083261
0.083688
0.083251
0.083244
0.083140
0.083186
0.083391
0.082991
0.082682
0.083040
0.083002
0.083141
0.083355
0.083295
0.083276
0.083308
0.083005
0.083338
0.083109
0.083422
0.083303
0.083431
0.083056
0.083337
0.083450
0.083542
0.083203
0.083130
0.083203
0.081260
0.083148
0.083252
0.083562
0.083386
0.083039
0.093751
0.083343
0.083325
0.083123
0.083016
0.083063
0.083268
0.083306
0.081057
0.083095
0.083357
0.083219
0.083056
0.083116
0.083360
0.082944
0.083607
0.083357
0.083209
0.083013
0.083145
0.072846
0.077633
0.083616
0.083432
0.083392
0.083170
0.083302
0.083468
0.083151
0.083558
0.082982
0.083509
0.083060
0.083279
0.083069
0.083469
0.083457
0.083362
0.083092
0.083577
0.083208
0.083198
0.083064
0.083627
0.083332
0.083507
0.083459
0.083383
0.082979
0.082991
0.083276
0.083283
0.083060
0.083404
0.083568
0.083257
0.083169
0.081429
0.083122
0.083302
0.083432
0.083131
0.083457
0.083602
0.083262
0.083472
0.083142
0.083177
0.083416
0.083222
0.083558
0.083716
0.083253
0.083250
0.083029
0.083419
0.083348
0.083577
0.082924
0.083440
0.083212
0.082728
0.082885
0.082865
0.082494
0.083170
0.083009
0.083194
0.082818
0.083122
0.083119
0.083297
0.083129
0.082876
0.083046
0.083419
0.083276
0.082914
0.082927
0.082808
0.083124
0.083361
0.083011
0.083197
0.082845
0.082668
0.082565
0.083085
0.082271
0.082790
0.082535
0.082789
0.083073
0.184033
0.083232
0.083094
0.083252
0.093948
0.096194
0.082772
0.081232
0.083477
0.083280
0.083087
0.083123
0.083331
0.083141
0.082957
0.083256
0.083275
0.083403
0.083333
0.083371
0.083456
0.083081
0.083339
0.083022
0.083242
0.083126
0.083392
0.083101
0.083130
0.083179
0.083384
0.083132
0.083207
0.083286
0.083640
0.083265
0.082983
0.083237
0.083275
0.082837
0.083318
0.083233
0.083634
0.083429
0.083423
0.083371
0.083252
0.083461
0.083096
0.083495
0.083413
0.083231
0.083419
0.083335
0.083182
0.083661
0.083419
0.083366
0.083681
0.081092
0.083427
0.081560
0.083466
0.083493
0.083438
0.083545
0.083420
0.083480
0.083572
0.083428
0.083559
0.083298
0.083373
0.083389
0.083250
0.083206
0.083507
0.081122
0.083204
0.083169
0.083170
0.083328
0.083396
0.083261
0.083276
0.083574
0.083424
0.083334
0.083526
0.083529
0.083181
0.083732
0.083573
0.083491
0.083263
0.083201
0.083379
0.083235
0.083284
0.082428
0.083251
0.082880
0.082859
0.082800
0.083276
0.083122
0.083415
0.083321
0.083582
0.083322
0.083503
0.083312
0.083385
0.082644
0.083425
0.083377
0.083487
0.083209
0.082985
0.082959
0.082909
0.083020
0.083175
0.083233
0.083081
0.083404
0.083439
0.083529
0.082922
0.082975
0.083610
0.083294
0.083664
0.083587
0.083472
0.083507
0.083221
0.083275
0.083376
0.083385
0.083444
0.083261
0.083546
0.083609
0.083258
0.083310
0.083127
0.082583
0.082824
0.083222
0.083432
0.083657
0.083485
0.083446
0.083575
0.082842
0.083292
0.083381
0.083310
0.083083
0.083205
0.083298
0.083409
0.083222
0.083323
0.083147
0.083281
0.083115
0.083362
0.083389
0.083480
0.082967
0.083298
0.083368
0.083290
0.083489
0.083660
0.082978
0.083449
0.083413
0.083596
0.083449
0.083473
0.083341
0.083260
0.083137
0.083469
0.083159
0.083297
0.082964
0.083250
0.083335
0.083267
0.083279
0.083312
0.082788
0.083639
