0.028526
0.092279
0.083601
0.083447
0.083014
0.083381
0.083530
0.082849
0.083219
0.083275
0.095825
0.083510
0.083400
0.083255
0.083440
0.083356
0.083413
0.083378
0.083704
0.083413
0.083500
0.083351
0.082931
0.083351
0.083530
0.083710
0.083276
0.083269
0.083170
0.083391
0.083136
0.083510
0.083292
0.083232
0.083347
0.083497
0.083727
0.083382
0.083375
0.083074
0.083194
0.083396
0.083241
0.083144
0.083502
0.083972
0.083588
0.083345
0.083635
0.083139
0.083549
0.083362
0.083260
0.083501
0.083321
0.083543
0.083456
0.083526
0.083304
0.083443
0.083402
0.083098
0.083538
0.083494
0.083176
0.083310
0.083115
0.083390
0.083862
0.083332
0.083270
0.083310
0.082878
0.082924
0.083470
0.083192
0.082964
0.083202
0.083381
0.083287
0.083137
0.083335
0.083576
0.083381
0.083222
0.083288
0.096034
0.083369
0.083447
0.083470
0.083216
0.083481
0.083418
0.083037
0.083126
0.083498
0.083276
0.083218
0.083383
0.083679
0.083672
0.083390
0.083276
0.083382
0.083359
0.083303
0.082878
0.083344
0.083270
0.083429
0.083488
0.083491
0.083281
0.083396
0.083225
0.083287
0.083578
0.083678
0.083415
0.083031
0.083454
0.083414
0.083149
0.083571
0.083253
0.083048
0.082639
0.080895
0.083432
0.083605
0.083673
0.083585
0.082539
0.083235
0.083256
0.083367
0.083488
0.083547
0.083467
0.083427
0.083462
0.083282
0.083345
0.083485
0.083609
0.083354
0.083585
0.083322
0.083459
0.083452
0.083372
0.083318
0.083698
0.083687
0.083263
0.083237
0.082895
0.083326
0.083388
0.082927
0.083022
0.083293
0.083347
0.083548
0.083424
0.083465
0.083427
0.083448
0.083403
0.083563
0.083339
0.083858
0.083710
0.083343
0.083565
0.083531
0.083701
0.083453
0.083381
0.083456
0.083225
0.083294
0.083517
0.083344
0.083340
0.083389
0.083303
0.083235
0.083311
0.083379
0.082915
0.083515
0.083594
0.083740
0.083241
0.083617
0.083449
0.083348
0.083714
0.083319
0.083479
0.083538
0.083657
0.083617
0.083599
0.083522
0.083677
0.083484
0.083559
0.083487
0.083170
0.083514
0.083780
0.083263
0.083232
0.083013
0.082898
0.083210
0.083495
0.083556
0.083450
0.083263
0.083483
0.083220
0.083492
0.083325
0.083158
0.083491
0.083375
0.083490
0.083339
0.083118
0.083510
0.083480
0.083392
0.083645
0.083480
0.083358
0.081014
0.083346
0.083163
0.083525
0.083837
0.083205
0.083341
0.083419
0.083367
0.083395
0.083502
0.083547
0.083668
0.081214
0.083585
0.082957
0.083044
0.083454
0.083332
0.083184
0.083296
0.082882
0.083310
0.083097
0.083494
0.083079
0.083157
0.083307
0.083483
0.083136
0.083178
0.083421
0.083196
0.083027
0.083203
0.083198
0.083392
0.082732
0.083005
0.081155
0.083359
0.081665
0.083371
0.083524
0.083436
0.083515
0.081466
0.083048
0.082997
0.078703
0.082923
0.082870
0.080988
0.083496
0.083176
0.082996
0.082935
0.083096
0.083141
0.083174
0.083378
0.083382
0.083106
0.083072
0.083051
0.083443
0.083073
0.083309
0.083119
0.083040
0.083459
0.083330
0.083246
0.083570
0.083408
0.083275
0.083363
0.083158
0.083185
0.083189
0.083144
0.083118
0.083225
0.083318
0.083318
0.083331
0.082968
0.082564
0.082418
0.082343
0.082279
0.082658
0.082467
0.082672
0.082771
0.082396
0.082655
0.082675
0.082423
0.082543
0.082517
0.082402
0.082423
0.082834
0.082832
0.083007
0.083292
0.083124
0.083155
0.083070
0.082653
0.082593
0.081997
0.082237
0.081943
0.082187
0.082269
0.082627
0.082203
0.082542
0.082617
0.071971
0.071768
0.071762
0.072001
0.072206
0.071760
0.071774
0.071685
0.071690
0.071804
0.071769
0.072004
0.071717
0.071808
0.072002
0.069174
0.071720
0.071610
0.071838
0.071616
0.071921
0.071732
0.071692
0.071319
0.071771
0.071977
0.071759
0.067228
0.076189
0.071383
0.073681
0.071611
0.065441
0.071665
0.071822
0.071729
0.071851
0.071886
0.071954
0.065253
0.082212
0.065184
0.075866
0.077669
0.080458
0.072322
0.072185
0.071914
0.071965
0.072106
0.071599
0.071949
0.072114
0.071934
0.071914
0.072005
0.071868
0.072309
0.072016
0.071795
0.072043
0.072129
0.072076
0.067879
0.072485
0.072342
0.072401
0.072294
0.072150
0.072280
0.072247
0.072193
0.072333
0.072178
0.071897
0.072198
0.071501
0.072101
0.072164
0.071938
0.071867
0.072232
0.072412
0.072245
0.072123
0.072007
0.072317
0.071750
0.072142
0.071707
0.071963
0.072034
0.072019
0.072146
0.072023
0.072345
0.072057
0.072354
0.072062
0.072217
0.072160
0.072348
0.071973
0.071788
0.072191
0.072285
0.072063
0.072158
0.071675
0.072144
0.072001
0.071994
0.071798
0.071795
0.072277
0.072279
0.072100
0.072156
0.072174
0.072043
0.072331
0.071827
0.071927
0.072037
0.072322
0.071825
0.072045
0.071713
0.072099
0.071906
0.072157
0.071902
0.072075
0.071577
0.071884
0.072026
0.071862
0.071590
0.071583
0.071882
0.071979
0.071772
0.072166
0.071572
0.081965
0.082506
0.082453
0.082146
0.082277
0.082454
0.082371
0.082427
0.082063
0.081609
0.081855
0.081723
0.082154
0.084265
0.088884
0.080256
0.082176
0.082410
0.082543
0.082407
0.082581
0.082586
0.082242
0.082509
0.081832
0.081907
0.082572
0.082169
0.082298
0.082372
0.082551
0.082604
0.082024
0.082100
0.082381
0.082580
0.081753
0.081619
0.081619
0.081605
0.081894
0.081667
0.081908
0.081374
0.081961
0.082058
0.081800
0.081687
0.081769
0.081382
0.081915
0.081601
0.081706
0.081916
0.081897
0.082171
0.082336
0.082376
0.082581
0.082013
0.082521
0.082605
0.082285
0.077708
0.071482
0.072114
0.071751
0.071910
0.071706
0.071748
0.072021
0.071791
0.071879
0.071455
0.071594
0.071198
0.071894
0.071821
0.071989
0.077841
0.069485
0.071965
0.071721
0.071886
0.071752
0.071850
0.071759
0.071860
0.071829
0.071855
0.071680
0.071850
0.069552
0.066894
0.073493
0.071212
0.071866
0.071948
0.069381
0.071702
0.071893
0.069346
0.078375
0.060593
0.071594
0.071924
0.071390
0.087398
0.072207
0.071761
0.072299
0.072112
0.072022
0.072073
0.072239
0.071990
0.072006
0.072194
0.071894
0.072008
0.072266
0.071821
0.072326
0.072168
0.072155
0.072062
0.072358
0.072055
0.071671
0.072179
0.072047
0.071401
0.072343
0.072152
0.072515
0.072011
0.072097
0.072318
0.071814
0.072101
0.072200
0.071435
0.072108
0.072253
0.069580
0.069874
0.071617
0.071744
0.071733
0.071706
0.071633
0.071821
0.071802
0.071764
0.071665
0.071805
0.071664
0.071812
0.071708
0.071701
0.071546
0.071774
0.071827
0.072248
0.072450
0.071939
0.072307
0.072210
0.072218
0.072184
0.072239
0.072429
0.072230
0.072531
0.072129
0.072024
0.072064
0.070085
0.072210
0.072484
0.072399
0.072311
0.072496
0.072566
0.072436
0.072192
0.072054
0.072126
0.072278
0.072114
0.071928
0.072263
0.072334
0.072147
0.071990
0.072108
0.072102
0.072427
0.072256
0.072093
0.071913
0.072311
0.072247
0.072220
0.072291
0.072196
0.072075
0.071909
0.082492
0.082292
0.082028
0.082451
0.082170
0.082358
0.082193
0.082258
0.082335
0.082282
0.082330
0.081957
0.082423
0.082742
0.081956
0.082308
0.082320
0.082401
0.082066
0.082144
0.082150
0.082269
0.081940
0.081886
0.082050
0.082065
0.081859
0.081896
0.082345
0.082418
0.082233
0.082315
0.082057
0.081851
0.082033
0.082288
0.081912
0.082422
0.082424
0.082247
0.082366
0.082171
0.082237
0.082335
0.082701
0.082352
0.082230
0.082016
0.081722
0.082145
0.082298
0.082373
0.082108
0.082198
0.082484
0.082500
0.082360
0.082470
0.082134
0.082029
0.082245
0.082241
0.081974
0.081900
0.082787
0.082805
0.082021
0.081985
0.081978
0.082452
0.082071
0.082477
0.082364
0.081966
0.081967
0.081996
0.081794
0.081922
0.082352
0.082028
0.082172
0.082401
0.082276
0.082328
0.082144
0.082212
0.082113
0.082157
0.082267
0.082390
0.082366
0.082045
0.082162
0.082155
0.082080
0.082612
0.082334
0.082556
0.082477
0.082210
0.082002
0.094737
0.082442
0.082622
0.082490
0.082403
0.082392
0.082259
0.082599
0.081770
0.082315
0.081296
0.082343
0.082241
0.082410
0.082161
0.082434
0.082288
0.082434
0.082246
0.082113
0.082395
0.082321
0.082140
0.080407
0.082472
0.082550
0.082638
0.082041
0.082429
0.082245
0.082564
0.082610
0.082287
0.082381
0.081580
0.082311
0.082505
0.082396
0.082446
0.082088
0.082298
0.082451
0.082619
0.082274
0.082346
0.082466
0.082453
0.082303
0.082302
0.082347
0.082553
0.082582
0.082512
0.082487
0.082313
0.082403
0.082331
0.082299
0.082146
0.082250
0.082273
0.082242
0.081974
0.082392
0.082428
0.082464
0.082236
0.082602
0.082105
0.082113
0.082276
0.082448
0.082397
0.082420
0.082044
0.082110
0.082435
0.081706
0.082284
0.081774
0.082390
0.082507
0.082426
0.082529
0.081917
0.082504
0.082189
0.077992
0.079941
0.082442
0.082363
0.079778
0.082070
0.082154
0.082074
0.082195
0.082363
0.082259
0.082006
0.082189
0.082572
0.082474
0.082271
0.082271
0.082498
0.082405
0.082560
0.082526
0.082820
0.081964
0.082396
0.082429
0.082289
0.082328
0.082336
0.082557
0.082338
0.082248
0.079874
0.090678
0.081834
0.081912
0.081992
0.079450
0.082087
0.079714
0.081650
0.082083
0.077572
0.071828
0.071805
0.071526
0.071507
0.071291
0.071263
0.071105
0.072041
0.069282
0.071744
0.071529
0.062684
0.058861
0.067839
0.061046
0.071952
0.061532
0.061323
0.061440
0.061390
0.061518
0.061050
0.058963
0.059013
0.057009
0.058247
0.060780
0.060515
0.060358
0.065044
0.063095
0.068219
0.058267
0.061147
0.061085
0.060263
0.060902
0.061271
0.060646
0.060892
0.061295
0.060675
0.061087
0.060848
0.067439
0.058828
0.060750
0.056142
0.060689
0.060877
0.060840
0.061224
0.061243
0.057492
0.067705
0.062831
0.055721
0.063903
0.052991
0.061521
0.065754
0.062260
0.062306
0.062036
0.061734
0.062117
0.061855
0.059762
0.059570
0.061909
0.061898
0.060229
0.062136
0.061723
0.059034
0.061612
0.059514
0.061659
0.061240
0.061679
0.061904
0.062100
0.072826
0.059664
0.059651
0.061714
0.061745
0.061618
0.061840
0.059650
0.062095
0.061644
0.061979
0.062024
0.061949
0.062001
0.062011
0.059942
0.061935
0.062000
0.059514
0.061980
0.061911
0.061768
0.062173
0.062230
0.062205
0.062134
0.062142
0.061745
0.062063
0.061614
0.061410
0.061436
0.062006
0.061967
0.061316
0.061899
0.062051
0.070216
0.058570
0.061320
0.061543
0.061598
0.061348
0.061059
0.061446
0.061285
0.059410
0.061669
0.061734
0.061405
0.061625
0.061783
0.061825
0.061985
0.062074
0.061701
0.062082
0.061499
0.062010
0.061771
0.061886
0.061733
0.062171
0.057956
0.061729
0.061858
0.061897
0.070441
0.061489
0.059579
0.059766
0.062086
0.068497
0.072469
0.072061
0.072104
0.072158
0.071954
0.074501
0.082380
0.082401
0.082369
0.081905
0.082452
0.080549
0.082437
0.077906
0.069829
0.071958
0.071836
0.071973
0.071933
0.071900
0.071913
0.071913
0.069739
0.071612
0.071738
0.071420
0.071439
0.071598
0.071502
0.071314
0.070826
0.071078
0.071288
0.071168
0.071565
0.071223
0.071520
0.071615
0.071728
0.071815
0.071737
0.072007
0.074150
0.078530
0.073174
0.071872
0.072338
0.080048
0.071700
0.071862
0.071916
0.071987
0.072089
0.071831
0.071836
0.071797
0.060765
0.071422
0.077825
0.066046
0.070130
0.077897
0.071677
0.071587
0.071869
0.071599
0.072429
0.072351
0.069880
0.071945
0.071962
0.070179
0.072366
0.069740
0.071894
0.072072
0.072145
0.071826
0.072099
0.071914
0.072292
0.072072
0.071992
0.071942
0.072154
0.072060
0.072141
0.071883
0.072369
0.072185
0.072391
0.072111
0.071977
0.072171
0.072201
0.072279
0.072158
0.072396
0.072190
0.072287
0.071851
0.072151
0.072315
0.072147
0.072396
0.072010
0.072075
0.071926
0.072137
0.072398
0.070527
0.072009
0.072264
0.072239
0.072079
0.071756
0.072135
0.072269
0.071822
0.072050
0.071875
0.071985
0.072185
0.072040
0.072193
0.072255
0.071977
0.072142
0.072124
0.072164
0.072332
0.072328
0.063303
0.061764
0.072049
0.071976
0.071877
0.071892
0.071866
0.072220
0.072400
0.071853
0.072448
0.071829
0.072144
0.072351
0.072012
0.072110
0.072158
0.072417
0.072229
0.071915
0.071987
0.072286
0.072270
0.071753
0.072148
0.071682
0.071908
0.071708
0.071923
0.072020
0.080427
0.081769
0.081904
0.081971
0.082132
0.082314
0.082204
0.082399
0.082480
0.082491
0.082474
0.082597
0.082154
0.082274
0.082456
0.082231
0.081900
0.082199
0.081613
0.081501
0.082351
0.082413
0.082558
0.082478
0.082596
0.082498
0.082517
0.082526
0.082324
0.082272
0.082495
0.082239
0.082156
0.082442
0.082216
0.082046
0.082422
0.081961
0.082318
0.082482
0.082489
0.082309
0.082101
0.082225
0.082438
0.082214
0.082599
0.082146
0.082450
0.082552
0.082618
0.082304
0.082544
0.082671
0.082626
0.082582
0.082411
0.082192
0.082625
0.082327
0.082715
0.082468
0.082632
0.082454
0.082823
0.082505
0.082581
0.082585
0.082092
0.082175
0.082366
0.082474
0.082345
0.082288
0.082305
0.082451
0.082449
0.082144
0.082531
0.082126
0.082513
0.082404
0.082341
0.082294
0.082653
0.082343
0.082588
0.082406
0.082290
0.082671
0.082515
0.082542
0.082007
0.082469
0.082540
0.082517
0.082710
0.082387
0.082474
0.082627
0.082373
0.082329
0.082360
0.082363
0.082096
0.082662
0.082673
0.082311
0.082673
0.082465
0.082484
0.082342
0.082619
0.082430
0.082465
0.082392
0.082373
0.082109
0.082308
0.082366
0.082299
0.082378
0.082417
0.082070
0.082071
0.082223
0.082492
0.082222
0.082601
0.082637
0.082130
0.082197
0.082456
0.082500
0.082086
0.082229
0.082000
0.082298
0.081916
0.082491
0.082555
0.082155
0.082150
0.082377
0.082475
0.082355
0.082419
0.082250
0.082009
0.081922
0.081865
0.081538
0.082054
0.081963
0.082205
0.082345
0.082490
0.082482
0.082593
0.082397
0.082199
0.082107
0.082362
0.082247
0.082361
0.082313
0.082488
0.082311
0.082402
0.082481
0.082267
0.082266
0.082267
0.082475
0.082089
0.082358
0.082187
0.082414
0.079875
0.072087
0.082134
0.082247
0.081913
0.080181
0.082165
0.082238
0.082182
0.082450
0.082181
0.082004
0.081954
0.082143
0.082278
0.082469
0.081846
0.082135
0.081982
0.082507
0.082294
0.082272
0.082155
0.081966
0.081563
0.081879
0.082106
0.082201
0.082087
0.082217
0.082180
0.082272
0.082243
0.080134
0.071542
0.071862
0.071705
0.080277
0.071690
0.067247
0.071649
0.071867
0.071674
0.071546
0.071529
0.071654
0.071771
0.070951
0.071161
0.071174
0.072047
0.071956
0.071411
0.069859
0.071479
0.071706
0.069582
0.071633
0.071674
0.069497
0.071599
0.071288
0.067864
0.062838
