0.024005
0.082691
0.082900
0.082906
0.082550
0.082508
0.082802
0.082518
0.082724
0.082519
0.082312
0.082372
0.082293
0.082292
0.082587
0.086942
0.080604
0.082235
0.082709
0.082702
0.082485
0.082783
0.082790
0.082503
0.082627
0.082284
0.082298
0.082712
0.082707
0.082672
0.082731
0.082646
0.082888
0.082681
0.082499
0.082581
0.082780
0.082634
0.082413
0.082415
0.082249
0.082602
0.082661
0.082476
0.082269
0.082355
0.082684
0.082699
0.082428
0.082413
0.082295
0.082565
0.082644
0.082200
0.082711
0.082474
0.082673
0.082657
0.082513
0.082889
0.082366
0.082642
0.082947
0.082497
0.082323
0.071823
0.072101
0.072074
0.072109
0.071922
0.071905
0.072120
0.071993
0.072215
0.072162
0.071758
0.071775
0.072097
0.072166
0.072234
0.065300
0.071837
0.071975
0.071982
0.072040
0.072032
0.072015
0.072032
0.072115
0.072055
0.072060
0.072010
0.072167
0.072068
0.069817
0.071529
0.065532
0.076771
0.072207
0.071802
0.070203
0.071960
0.071887
0.061058
0.067762
0.082707
0.072161
0.071555
0.069440
0.072535
0.072267
0.072097
0.072429
0.072250
0.072299
0.072348
0.072321
0.072309
0.072300
0.072266
0.072251
0.072351
0.072239
0.072552
0.072481
0.072268
0.072287
0.072441
0.072402
0.072001
0.072169
0.072353
0.071922
0.072187
0.072427
0.072592
0.072463
0.072310
0.072375
0.072166
0.072094
0.072585
0.071816
0.071978
0.072587
0.069963
0.072058
0.082815
0.072411
0.072574
0.072466
0.072219
0.072860
0.072541
0.072570
0.072469
0.072483
0.072473
0.072490
0.072616
0.072316
0.072374
0.072314
0.072594
0.072387
0.072647
0.072436
0.072337
0.072409
0.072388
0.072408
0.072373
0.072592
0.072470
0.072576
0.072335
0.072419
0.071912
0.072503
0.070226
0.072558
0.072666
0.072514
0.072603
0.072692
0.072599
0.072355
0.072481
0.072354
0.072529
0.072413
0.072401
0.072495
0.072552
0.072358
0.072254
0.072458
0.072438
0.072821
0.072329
0.072432
0.072468
0.072274
0.072435
0.072517
0.072497
0.072352
0.072410
0.072489
0.078470
0.082640
0.082454
0.082657
0.082707
0.082627
0.082716
0.082754
0.082096
0.082659
0.082821
0.080257
0.082676
0.082767
0.082881
0.082850
0.082517
0.082797
0.082934
0.082502
0.082372
0.082516
0.082546
0.082660
0.082720
0.082732
0.082863
0.082420
0.082729
0.082774
0.082726
0.082588
0.082680
0.082204
0.082544
0.082496
0.082626
0.082539
0.082710
0.082859
0.082773
0.082606
0.082512
0.082741
0.082891
0.082877
0.082117
0.082485
0.082259
0.082493
0.082542
0.082741
0.082748
0.082608
0.082822
0.082810
0.082724
0.082591
0.082850
0.082596
0.082493
0.082681
0.082586
0.082544
0.082491
0.083139
0.082776
0.082652
0.082705
0.082686
0.082498
0.082828
0.082792
0.082744
0.082710
0.082642
0.082608
0.082542
0.082524
0.082581
0.082537
0.082827
0.082710
0.082816
0.082566
0.082742
0.082727
0.082515
0.082579
0.082782
0.082334
0.082073
0.082115
0.082063
0.082081
0.082619
0.082620
0.082876
0.082745
0.082844
0.082376
0.080467
0.082264
0.082843
0.082826
0.082747
0.082686
0.082717
0.082771
0.082599
0.082344
0.082659
0.082646
0.082004
0.082278
0.082144
0.082014
0.082418
0.082155
0.082295
0.081961
0.082489
0.082566
0.082550
0.082584
0.082889
0.082371
0.082735
0.082738
0.082330
0.082364
0.082701
0.082918
0.082608
0.082777
0.082421
0.082093
0.082642
0.082640
0.082759
0.082117
0.081764
0.082271
0.082272
0.082266
0.082187
0.082569
0.082562
0.082642
0.082500
0.082566
0.082730
0.082675
0.082535
0.082100
0.082259
0.082041
0.082060
0.082124
0.082217
0.081681
0.082523
0.082533
0.082622
0.082433
0.082656
0.082844
0.082614
0.082741
0.082749
0.082264
0.082479
0.082534
0.082522
0.082658
0.082726
0.082666
0.082487
0.082440
0.082138
0.082320
0.082170
0.082749
0.082674
0.082695
0.082671
0.082839
0.082587
0.082621
0.078737
0.080363
0.082590
0.082662
0.080076
0.082281
0.082451
0.082179
0.082504
0.082747
0.082383
0.082219
0.082560
0.082844
0.082580
0.082528
0.082552
0.082616
0.082627
0.082682
0.082849
0.082733
0.082208
0.082752
0.082601
0.082478
0.082494
0.082639
0.082816
0.082671
0.082236
0.071402
0.081930
0.082084
0.082115
0.082125
0.082103
0.082267
0.080298
0.082412
0.082671
0.076243
0.072119
0.071988
0.071933
0.071783
0.071867
0.072009
0.071795
0.072218
0.082041
0.071343
0.071261
0.056925
0.054992
0.061367
0.061420
0.061238
0.061509
0.061419
0.061540
0.061456
0.061517
0.061192
0.070019
0.059170
0.056836
0.059114
0.061341
0.061110
0.058837
0.056929
0.063560
0.058808
0.058008
0.061271
0.061171
0.060693
0.061044
0.061270
0.060392
0.060684
0.061183
0.060587
0.061038
0.060940
0.068276
0.055642
0.052181
0.067520
0.061303
0.061051
0.061075
0.061399
0.061325
0.060768
0.065265
0.061903
0.057566
0.063694
0.057398
0.060257
0.061558
0.061921
0.062129
0.061769
0.061671
0.061893
0.061643
0.061557
0.059328
0.061702
0.061939
0.070289
0.062124
0.062275
0.070689
0.062474
0.060144
0.062334
0.061919
0.062232
0.062076
0.062283
0.062099
0.068585
0.059848
0.061999
0.062088
0.061820
0.062270
0.059982
0.062209
0.062075
0.062423
0.062225
0.062104
0.061833
0.061862
0.059419
0.061119
0.061729
0.059392
0.061876
0.061396
0.061835
0.062489
0.062479
0.062449
0.062481
0.062170
0.062247
0.062468
0.061376
0.061695
0.061588
0.061608
0.059608
0.062100
0.062094
0.061999
0.062132
0.070451
0.062308
0.062271
0.062382
0.062195
0.061872
0.062010
0.062193
0.060120
0.062507
0.062450
0.062145
0.062438
0.062025
0.062164
0.062507
0.062093
0.062166
0.062321
0.061810
0.062088
0.062030
0.062344
0.061882
0.062451
0.058073
0.061954
0.059998
0.062041
0.062154
0.061751
0.070321
0.059605
0.062001
0.070438
0.072021
0.071656
0.072060
0.071945
0.071729
0.078423
0.082260
0.081999
0.082287
0.081687
0.082301
0.080178
0.082129
0.075583
0.069565
0.071724
0.071529
0.071684
0.071796
0.071725
0.071530
0.072019
0.069208
0.071404
0.071716
0.071175
0.069390
0.071336
0.072160
0.071690
0.071719
0.071836
0.071943
0.071745
0.071844
0.071672
0.071940
0.071853
0.071939
0.071836
0.072160
0.072154
0.076531
0.065290
0.061534
0.074617
0.071357
0.078283
0.072110
0.072070
0.072104
0.072150
0.072254
0.072043
0.072057
0.072145
0.062843
0.067072
0.075413
0.072434
0.067062
0.080749
0.072481
0.072374
0.072665
0.072416
0.072594
0.072597
0.070024
0.072285
0.072138
0.070450
0.072524
0.071987
0.072291
0.072106
0.072479
0.072148
0.072163
0.072182
0.072268
0.072178
0.072205
0.072220
0.072515
0.072193
0.072403
0.072228
0.072400
0.072325
0.072595
0.072361
0.072174
0.072223
0.072252
0.072645
0.072231
0.072467
0.072398
0.072365
0.072111
0.072170
0.072410
0.072355
0.072414
0.072134
0.072057
0.071973
0.072167
0.072436
0.082906
0.072045
0.072229
0.072441
0.072266
0.071878
0.072468
0.072263
0.072202
0.072346
0.072090
0.072292
0.072341
0.072353
0.072423
0.072176
0.072124
0.072187
0.071829
0.071918
0.072349
0.170279
0.069603
0.071774
0.071806
0.071863
0.071373
0.072002
0.072037
0.071801
0.072052
0.072101
0.072040
0.072057
0.072463
0.072402
0.072398
0.072628
0.072542
0.072229
0.072303
0.072409
0.072437
0.071740
0.071910
0.071922
0.071682
0.071714
0.071758
0.071826
0.074470
0.082428
0.082496
0.082730
0.082520
0.082479
0.082436
0.082439
0.082669
0.082554
0.082749
0.082751
0.082519
0.082433
0.082740
0.082522
0.082522
0.082805
0.082647
0.082358
0.082309
0.082659
0.082626
0.082865
0.082709
0.082722
0.082671
0.082691
0.082668
0.082532
0.082551
0.082625
0.082349
0.082376
0.082553
0.082097
0.082540
0.082426
0.082278
0.082677
0.082648
0.082629
0.082432
0.082283
0.082482
0.082319
0.082746
0.082539
0.082517
0.082724
0.082769
0.082533
0.082557
0.082712
0.082844
0.082735
0.082665
0.082514
0.082361
0.082620
0.082474
0.082588
0.082488
0.082709
0.082703
0.082752
0.082778
0.082707
0.082549
0.082219
0.082605
0.082542
0.082489
0.082581
0.082385
0.082540
0.082633
0.082475
0.082473
0.082570
0.082366
0.082626
0.082550
0.082412
0.082715
0.082706
0.082674
0.082718
0.082336
0.082631
0.082604
0.082765
0.082327
0.082417
0.082719
0.082595
0.082622
0.082675
0.082539
0.082464
0.082522
0.082533
0.082219
0.082568
0.082448
0.082335
0.082697
0.082357
0.082773
0.082596
0.082647
0.082648
0.082617
0.082660
0.082546
0.082500
0.082549
0.082397
0.082397
0.082722
0.082400
0.082561
0.081977
0.081889
0.081758
0.081769
0.081910
0.082354
0.082662
0.082739
0.082582
0.082164
0.082563
0.082678
0.082666
0.082376
0.082410
0.082685
0.082480
0.082320
0.082876
0.082544
0.082552
0.082579
0.082588
0.082628
0.082615
0.082576
0.082117
0.082153
0.082029
0.081928
0.081360
0.082273
0.082608
0.081914
0.082567
0.081997
0.082897
0.082202
0.082570
0.082144
0.082471
0.082748
0.082487
0.082488
0.082694
0.082488
0.082561
0.082556
0.082615
0.082449
0.082590
0.082633
0.082771
0.081985
0.081821
0.082741
0.082772
0.073596
0.076854
0.082283
0.082731
0.080438
0.082716
0.082355
0.082660
0.082546
0.082728
0.082638
0.082295
0.082290
0.082747
0.082698
0.082590
0.082294
0.082620
0.082328
0.083010
0.082349
0.082558
0.082372
0.082267
0.081923
0.082030
0.082063
0.082008
0.082497
0.082596
0.082764
0.082662
0.082729
