0.022146
0.083230
0.082995
0.078963
0.082960
0.082925
0.083016
0.082990
0.083350
0.083516
0.083350
0.083653
0.083554
0.083435
0.083357
0.083094
0.083089
0.083168
0.083378
0.081424
0.083132
0.083300
0.081009
0.083238
0.083396
0.083070
0.083105
0.083064
0.083266
0.083186
0.082842
0.082826
0.083326
0.083301
0.083145
0.083285
0.083617
0.083288
0.083619
0.083309
0.083431
0.083650
0.083452
0.083299
0.083328
0.083370
0.083404
0.083078
0.083236
0.083296
0.083367
0.083001
0.083403
0.083135
0.083250
0.083242
0.083333
0.083544
0.083557
0.082989
0.083460
0.082995
0.083147
0.083210
0.083275
0.083135
0.083234
0.083580
0.083319
0.083209
0.083547
0.083640
0.083313
0.083072
0.083144
0.082937
0.083299
0.082837
0.083152
0.083280
0.083401
0.082842
0.083191
0.083491
0.083302
0.083087
0.083091
0.083204
0.083268
0.083525
0.083206
0.083133
0.083059
0.082968
0.083256
0.083091
0.082709
0.082955
0.083231
0.082992
0.083102
0.083351
0.083291
0.083462
0.083089
0.083419
0.083149
0.083253
0.083163
0.083220
0.083198
0.082856
0.083384
0.083517
0.083206
0.083089
0.083261
0.083085
0.081478
0.080597
0.083277
0.083219
0.082972
0.080885
0.083421
0.083164
0.083202
0.083148
0.083096
0.082923
0.083417
0.081021
0.083322
0.083132
0.083251
0.083166
0.083287
0.083271
0.083231
0.083328
0.083529
0.083338
0.083262
0.082975
0.078952
0.073145
0.083516
0.081161
0.083542
0.083195
0.083191
0.083330
0.083137
0.083267
0.083265
0.083012
0.083214
0.083144
0.082775
0.083095
0.083185
0.083156
0.082839
0.083266
0.082994
0.083140
0.082796
0.083088
0.083299
0.083096
0.083374
0.083313
0.083003
0.082734
0.083112
0.083374
0.082873
0.083043
0.083498
0.083274
0.083001
0.083441
0.080943
0.083201
0.083421
0.083142
0.083452
0.083610
0.083199
0.083304
0.082942
0.083009
0.083098
0.083055
0.083216
0.083496
0.083438
0.082932
0.082848
0.083371
0.083449
0.083314
0.083443
0.083173
0.083356
0.082970
0.082840
0.083291
0.082660
0.083176
0.083238
0.083309
0.083072
0.083355
0.083295
0.083748
0.083428
0.083194
0.083328
0.083489
0.083636
0.083216
0.083112
0.082726
0.082872
0.082873
0.083145
0.082688
0.083082
0.082734
0.082705
0.082941
0.083508
0.083349
0.083061
0.082980
0.083088
0.083021
0.078258
0.072857
0.083281
0.083167
0.083293
0.083481
0.081363
0.083042
0.081129
0.083526
0.083307
0.082488
0.083325
0.083182
0.083168
0.083061
0.083518
0.083190
0.083374
0.083297
0.083385
0.083569
0.083093
0.083369
0.083214
0.083264
0.083156
0.083368
0.083504
0.083320
0.083395
0.083402
0.083172
0.083295
0.083168
0.083513
0.083625
0.083001
0.083411
0.083370
0.083292
0.083338
0.083268
0.083640
0.083514
0.083390
0.083421
0.083325
0.083368
0.083206
0.083514
0.083427
0.082929
0.083041
0.082985
0.082847
0.083267
0.083050
0.083025
0.083311
0.080712
0.083471
0.095933
0.083390
0.083470
0.083302
0.083506
0.083336
0.083055
0.083483
0.083482
0.083360
0.083300
0.083288
0.083230
0.082967
0.082992
0.083259
0.080953
0.082936
0.083150
0.083129
0.083284
0.083361
0.083262
0.083230
0.083568
0.083240
0.083165
0.083295
0.083326
0.083020
0.083570
0.083377
0.083444
0.083163
0.083135
0.083259
0.083201
0.083195
0.082484
0.083113
0.082899
0.082741
0.082704
0.083204
0.083074
0.082952
0.082932
0.083499
0.083261
0.083395
0.083279
0.083287
0.082590
0.083349
0.083358
0.083411
0.083147
0.082894
0.082948
0.082846
0.082989
0.083132
0.082901
0.083027
0.083426
0.083407
0.083541
0.082878
0.083013
0.083495
0.083231
0.083411
0.083380
0.083258
0.083281
0.082979
0.083044
0.083133
0.083175
0.083150
0.083076
0.083300
0.083362
0.083004
0.083090
0.082850
0.082383
0.082529
0.083010
0.083185
0.083405
0.083233
0.083225
0.083320
0.082611
0.083211
0.083312
0.083251
0.082879
0.082943
0.083147
0.083182
0.083058
0.083113
0.082974
0.083070
0.082935
0.083149
0.083257
0.083304
0.082757
0.083252
0.083338
0.083195
0.083484
0.083552
0.082971
0.083333
0.083362
0.083499
0.083399
0.083382
0.083283
0.083157
0.083059
0.083308
0.083158
0.083215
0.082914
0.083204
0.083415
0.083026
0.083227
0.083243
0.082735
0.083408
0.072788
0.070594
0.072961
0.072616
0.072513
0.072684
0.072870
0.072742
0.072558
0.072561
0.072614
0.072640
0.072658
0.072796
0.072613
0.072464
0.072370
0.072772
0.072818
0.072849
0.072900
0.072457
0.072775
0.072862
0.072785
0.072809
0.072619
0.072625
0.072330
0.055370
0.059935
0.066457
0.068862
0.062038
0.059992
0.060167
0.062163
0.062398
0.062346
0.062160
0.060034
0.057735
0.060931
0.062790
0.060996
0.060824
0.062376
0.062281
0.062587
0.062592
0.060044
0.068970
0.062412
0.062365
0.062275
0.062453
0.060097
0.060169
0.060599
0.062863
0.060429
0.062479
0.060171
0.071331
0.079147
0.056210
0.060330
0.062398
0.062515
0.062552
0.060221
0.062740
0.062345
0.062730
0.062378
0.060294
0.062574
0.062627
0.064744
0.066916
0.062792
0.060199
0.062420
0.062664
0.062910
0.062612
0.062983
0.062757
0.062884
0.062718
0.063045
0.062800
0.072093
0.061015
0.063082
0.062636
0.062852
0.063046
0.062643
0.062841
0.062788
0.060817
0.063013
0.063221
0.062671
0.062804
0.063012
0.062723
0.062916
0.062699
0.062913
0.063069
0.063037
0.062719
0.063035
0.063022
0.062897
0.060718
0.062714
0.062732
0.062789
0.062943
0.062982
0.062975
0.062892
0.062971
0.062861
0.062751
0.063048
0.063086
0.062923
0.062719
0.062734
0.062836
0.062923
0.063049
0.063074
0.063127
0.062916
0.063085
0.063094
0.063047
0.067418
0.073115
0.071060
0.072798
0.073015
0.073112
0.072827
0.073023
0.073270
0.073033
0.073118
0.072972
0.073321
0.073075
0.073381
0.072616
0.073324
0.073176
0.073216
0.073391
0.066864
0.060313
0.062524
0.062318
0.062465
0.062493
0.062742
0.062797
0.062820
0.062094
0.062531
0.062344
0.062579
0.062457
0.071501
0.062632
0.062682
0.062634
0.062387
0.071163
0.073126
0.073092
0.072692
0.072810
0.072929
0.070520
0.072863
0.070798
0.070681
0.072704
0.072932
0.068367
0.070557
0.076926
0.072683
0.072719
0.072962
0.072808
0.072375
0.072289
0.070213
0.068215
0.078819
0.063910
0.074952
0.070858
0.079642
0.073005
0.073138
0.073073
0.071131
0.073387
0.073151
0.073264
0.073277
0.073042
0.073293
0.073294
0.073211
0.073589
0.073133
0.073168
0.073341
0.073409
0.073162
0.073252
0.073319
0.073474
0.073336
0.073464
0.073282
0.073309
0.073092
0.073370
0.073087
0.073379
0.073441
0.073174
0.073265
0.073335
0.073238
0.073174
0.073074
0.073259
0.073404
0.073156
0.072911
0.072751
0.073226
0.073004
0.072994
0.073157
0.073346
0.073467
0.073277
0.073021
0.073187
0.073119
0.073190
0.073100
0.073233
0.073159
0.073426
0.073128
0.073013
0.073329
0.073085
0.073167
0.072930
0.073359
0.073356
0.073096
0.073070
0.073077
0.073066
0.073213
0.073093
0.073300
0.073174
0.073041
0.073001
0.073074
0.072817
0.073532
0.073296
0.068938
0.071053
0.073122
0.073065
0.073234
0.072998
0.072923
0.073311
0.072882
0.073019
0.081641
0.073065
0.073087
0.073101
0.073167
0.073354
0.073074
0.072945
0.073010
0.073344
0.073207
0.073163
0.083485
0.083210
0.083231
0.083231
0.083599
0.083196
0.083448
0.083342
0.083365
0.082811
0.083077
0.083130
0.094136
0.083187
0.083491
0.083094
0.081240
0.083521
0.083324
0.083149
0.083394
0.083729
0.083442
0.083317
0.083629
0.083373
0.083125
0.083344
0.083385
0.083057
0.083550
0.083278
0.083118
0.083605
0.083333
0.083135
0.083462
0.083411
0.083410
0.083150
0.083469
0.083284
0.083386
0.083426
0.083518
0.083497
0.083423
0.083365
0.083450
0.083298
0.083351
0.083115
0.083414
0.083455
0.083377
0.083279
0.083564
0.083266
0.083648
0.083642
0.082869
0.083330
0.082875
0.083223
0.083417
0.083450
0.083675
0.083252
0.083052
0.083733
0.083423
0.083304
0.083570
0.083365
0.083458
0.083449
0.083638
0.083306
0.083020
0.083303
0.083572
0.083785
0.083118
0.083491
0.083447
0.083346
0.083446
0.082730
0.083510
0.083097
0.083537
0.083515
0.083406
0.083333
0.083413
0.083128
0.083540
0.083429
0.083299
0.083025
0.083573
0.083387
0.083682
0.083084
0.083395
0.083002
0.083163
0.083382
0.083263
0.083310
0.083130
0.083215
0.083601
0.083192
0.083495
0.083398
0.083506
0.083236
0.083703
0.083533
0.083457
0.083284
0.083041
0.082883
0.083304
0.083116
0.083474
0.082998
0.083536
0.083456
0.083077
0.083105
0.083105
0.082955
0.083063
0.083631
0.083396
0.083360
0.083023
0.083025
0.083649
0.083152
0.083225
0.083189
0.083194
0.083465
0.083144
0.083132
0.083663
0.083352
0.083375
0.083661
0.083547
0.083667
0.083348
0.083406
0.083286
0.083397
0.082984
0.083033
0.083240
0.083263
0.083085
0.080932
0.083192
0.078913
0.083276
0.083055
0.093879
0.083230
0.083314
0.083302
0.083388
0.083342
0.083005
0.083135
0.082858
0.083495
0.082974
0.083181
0.083458
0.083458
0.083433
0.083076
0.083246
0.083195
0.083368
0.083204
0.083126
0.083425
0.083167
0.083042
0.083015
0.094372
0.082989
0.082937
0.083356
0.083344
0.083394
0.083369
0.083251
0.083494
0.083041
0.083202
0.083299
0.083287
0.081062
0.083340
0.083462
0.083438
0.082979
0.083248
0.083367
0.083503
0.083401
0.083312
0.082911
0.083152
0.083437
0.083225
0.082873
0.083397
0.083207
0.083241
0.083437
0.083233
0.083425
0.083188
0.083207
0.083392
0.083238
0.083479
0.083135
0.083587
0.083232
0.083258
0.083589
0.083230
0.083385
0.083119
0.083177
0.083482
0.083345
0.083102
0.083242
0.083405
0.083329
0.083183
0.083058
0.082956
0.083467
0.083080
0.083569
0.083129
0.083216
0.083442
0.083247
0.083163
0.083031
0.083368
0.083484
0.083267
0.083520
0.083443
0.083250
0.083282
0.083365
0.083615
0.083038
0.083493
0.083419
0.083131
0.083100
0.083169
0.083050
0.083472
0.083207
0.083199
0.083401
0.083181
0.083068
0.083458
0.083296
0.083437
0.082994
0.083163
0.083464
0.083242
0.083402
0.083596
0.083189
0.083128
0.083316
0.083199
0.083261
0.083613
0.083536
0.083495
0.083549
0.083339
0.083054
0.083468
0.083009
0.083565
0.083144
0.083255
0.083294
0.083433
0.083234
0.083391
0.083140
0.083640
0.083639
0.083578
0.083237
0.083360
0.083322
0.083440
0.083031
0.083045
0.083074
0.083286
0.083294
0.083516
0.083338
0.083216
0.083381
0.083318
0.083368
0.083313
0.083111
0.083556
0.083238
0.083518
0.083023
0.083245
0.083351
0.083379
0.083130
0.083102
0.083151
0.083197
0.083115
0.083084
0.083266
0.083419
0.083070
0.083355
0.083227
0.083292
0.083052
0.082888
0.083130
0.083414
0.083076
0.083325
0.083013
0.083390
0.082903
0.083506
0.083003
0.083033
0.083236
0.083303
0.083436
0.083112
0.082740
0.083430
0.082986
0.083430
0.083311
0.083259
0.083586
0.083307
0.083047
0.083377
0.083449
0.083347
0.083143
0.083327
0.083248
0.083384
0.083026
0.083234
0.083189
0.083101
0.083200
0.083356
0.083538
0.083150
0.083161
0.082978
0.083250
0.083407
0.083420
0.083433
0.083275
0.083587
0.083187
0.083231
0.083132
0.083234
0.083314
0.083159
0.082959
0.083346
0.083291
0.083113
0.083107
0.083294
0.083482
0.083642
0.083045
0.083256
0.083385
0.083324
0.083453
0.083116
0.083547
0.083253
0.083222
0.083186
0.083100
0.083529
0.083079
0.083275
0.083396
0.083276
0.083245
0.083325
0.082959
0.083138
0.083084
0.083083
0.083462
0.083053
0.083182
0.083038
0.083262
0.083435
0.083447
0.083125
0.083330
0.083223
0.083345
0.083019
0.083257
0.083354
0.083250
0.083312
0.083119
0.083042
0.083306
0.083248
0.083343
0.083436
0.083276
0.083180
0.083265
0.082837
0.083346
0.082985
0.083098
0.083197
0.083176
0.083431
0.083346
0.083475
0.083055
0.083386
0.083178
0.083031
0.083287
0.083099
0.083107
0.083032
0.083228
0.083408
0.083050
0.083203
0.082980
0.083203
0.083334
0.083370
0.083158
0.083004
0.083066
0.083366
0.083014
0.083410
0.083042
0.083296
0.083079
0.083324
0.083190
0.083589
0.083040
0.083312
0.083058
0.083219
0.083292
0.083230
0.083039
0.083287
0.083415
0.083423
0.083186
0.083387
0.083535
0.083137
0.083340
0.083233
0.083122
0.083354
0.083462
0.083358
0.083023
0.083278
0.083446
0.083158
0.083488
0.083446
0.083509
0.083557
0.083481
0.083406
0.083272
0.082918
0.083071
0.083282
0.083178
0.083267
0.083022
0.083231
0.082834
0.083390
0.083230
0.083357
0.083199
0.083588
0.083242
0.083126
0.083044
0.083536
0.083203
0.083255
0.083080
0.083085
0.083099
0.083172
0.083342
0.083298
0.083173
0.083480
0.083596
0.083094
0.083374
0.082883
0.083268
0.083386
0.083071
0.083234
0.083261
0.083291
0.083506
0.083562
0.082673
0.083231
0.083342
0.083101
0.083243
0.083447
0.083412
0.083097
0.083366
0.083320
0.083168
0.083670
0.083047
0.083064
0.083147
0.083511
0.083321
0.083351
0.083554
0.083405
0.083421
0.083369
0.083332
0.083273
0.083279
0.083061
0.083086
0.083416
0.083003
0.083496
0.083085
0.083084
0.083113
0.083261
0.083511
0.083318
0.082880
0.083030
0.083681
0.083023
0.083301
0.083289
0.083329
0.083071
0.083067
0.083238
0.083538
0.081292
0.072874
0.072746
0.072961
0.072873
0.072882
0.073006
0.072700
0.072741
0.072815
0.072770
0.072671
0.072760
0.072913
0.072726
0.072507
0.072754
0.072481
0.072408
0.072606
0.072714
0.072831
0.072783
0.072813
0.072824
0.072624
0.072932
0.072834
0.066537
0.070424
0.081358
0.065491
0.077819
0.079409
0.073042
0.073123
0.072941
0.073052
0.072980
0.072752
0.061783
0.068544
0.073004
0.072691
0.079335
0.073383
0.073017
0.073256
0.073100
0.072987
0.073431
0.073026
0.073273
0.073123
0.072945
0.073151
0.073319
0.073229
0.073267
0.073271
0.072775
0.073077
0.073168
0.072732
0.073106
0.073124
0.073192
0.073030
0.073324
0.073050
0.072930
0.073134
0.073314
0.073213
0.073281
0.072886
0.073246
0.073264
0.073262
0.073328
0.073340
0.073373
0.072907
0.072885
0.072975
0.073009
0.072912
0.072902
0.072975
0.072886
0.073146
0.073192
0.072809
0.073086
0.073042
0.073227
0.072826
0.073220
0.072846
0.073086
0.073020
0.072922
0.073242
0.073187
0.073071
0.073211
0.072760
0.073216
0.072899
0.072712
0.073371
0.073318
0.073349
0.073300
0.073259
0.072000
0.073497
0.073050
0.073120
0.073021
0.073191
0.073245
0.073493
0.073248
0.073366
0.073217
0.073412
0.073214
0.073291
0.073246
0.073308
0.073164
0.073083
0.073053
0.073463
0.073148
0.073170
0.073021
0.073471
0.073156
0.071197
0.073211
0.073277
0.073297
0.077037
0.083586
0.083574
0.083146
0.082893
0.083159
0.083314
0.082815
0.083122
0.082854
0.083302
0.083621
0.083587
0.083254
0.083405
0.083496
0.083065
0.083179
0.083111
0.083596
0.083711
0.082860
0.083582
0.083335
0.083669
0.083479
0.083399
0.083513
0.083504
0.083375
0.083518
0.083520
0.083459
0.083047
0.083584
0.083106
0.083360
0.083366
0.083395
0.083601
0.083220
0.083445
0.083541
0.083451
0.083426
0.083270
0.083545
0.083179
0.083566
0.083394
0.083436
0.083348
0.083559
0.083567
0.083684
0.081199
0.079268
0.082781
0.082845
0.082439
0.083462
0.083178
0.083277
0.083151
0.083297
0.083426
0.083093
0.074509
0.072341
0.072430
0.072690
0.071208
0.072811
0.072562
0.072817
0.072506
0.072975
0.072741
0.072653
0.072790
0.072931
0.072516
0.072538
0.079316
0.072988
0.073085
0.072961
0.072982
0.072897
0.072874
0.072979
0.072643
0.072598
0.072520
0.072803
0.070504
0.072532
0.063464
0.076330
0.072932
0.072828
0.072864
0.072989
0.072795
0.073063
0.073400
0.065147
0.067651
0.071497
0.069769
0.071139
0.073127
0.073356
0.072991
0.073136
0.073269
0.072992
0.072824
0.073195
0.072758
0.073512
0.073330
0.073257
0.072646
0.073310
0.073159
0.072942
0.072960
0.073092
0.073281
0.072907
0.073203
0.073256
0.073228
0.072923
0.073367
0.073475
0.073062
0.073426
0.073156
0.072868
0.073261
0.073038
0.073358
0.073082
0.073295
0.072841
0.073334
0.073450
0.073191
0.073621
0.072887
0.073225
0.073165
0.073099
0.073109
0.073115
0.073109
0.073279
0.073064
0.073085
0.073254
0.072930
0.073116
0.073062
0.072896
0.073441
0.072847
0.073187
0.073265
0.073193
0.073247
0.073183
0.073447
0.073315
0.073221
0.070977
0.072919
0.073163
0.073328
0.073185
0.073370
0.073171
0.072793
0.072566
0.072920
0.073030
0.072844
0.073116
0.074437
0.071681
0.073286
0.072768
0.073266
0.073018
0.073147
0.073318
0.073048
0.073090
0.073040
0.073306
0.073225
0.073349
0.073062
0.073316
0.073093
0.073141
0.073334
0.073492
0.072490
0.083050
0.082869
0.082528
0.083017
0.083006
0.083090
0.093871
0.083488
0.083509
0.072671
0.072901
0.072383
0.073045
0.072768
0.072800
0.072658
0.072994
0.072845
0.072869
0.072542
0.072879
0.072680
0.072890
0.073044
0.073019
0.073025
0.073138
0.072641
0.072821
0.072927
0.072691
0.072653
0.072883
0.072966
0.072699
0.072512
0.073025
0.072980
0.072860
0.072643
0.072834
0.072669
0.072933
0.072752
0.072733
0.072765
0.072780
0.072917
0.072695
0.072682
0.072686
0.072422
0.068643
0.062378
0.062318
0.061682
0.059869
0.062023
0.062340
0.062058
0.061972
0.062073
0.062563
0.062219
0.062233
0.062077
0.062132
0.062161
0.061971
0.062090
0.062576
0.059934
0.070410
0.062164
0.062249
0.061903
0.061871
0.062264
0.061885
0.061824
0.061913
0.062163
0.061961
0.062126
0.062133
0.062137
0.062058
0.061963
0.061971
0.061774
0.061899
0.062024
0.062202
0.062243
0.071047
0.062236
0.062226
0.062160
0.062284
0.059911
0.062185
0.062148
0.062418
0.062190
0.062429
0.062508
0.062420
0.062530
0.059844
0.057781
0.071012
0.062436
0.062412
0.062474
0.060317
0.061955
0.062227
0.060036
0.062216
0.062323
0.062016
0.062349
0.062400
0.062359
0.062080
0.071128
0.060221
0.062510
0.062455
0.062377
0.062362
0.062175
0.057855
0.062291
0.062307
0.062310
0.060009
0.062283
0.062410
0.062327
0.062446
0.062457
0.062331
0.062326
0.059970
0.062398
0.062639
0.062157
0.062011
0.061961
0.062224
0.060303
0.062386
0.060136
0.059941
0.060014
0.062448
0.059922
0.062140
0.058400
0.062053
0.061832
0.062240
0.055511
0.049412
0.051831
0.051697
0.051547
0.051566
0.051601
0.051815
0.051449
0.051776
0.051713
0.051387
0.051712
0.051425
0.051483
0.051550
0.051642
0.051879
0.051664
0.051548
0.051469
0.051441
0.051689
0.051687
0.051721
0.051729
0.051630
0.051617
0.051677
0.051679
0.051464
0.051706
0.051724
0.051870
0.051817
0.051454
0.051540
0.051847
0.051408
0.051687
0.051470
0.051480
0.051875
0.051455
0.051636
0.051515
0.051610
0.051683
0.051615
0.046907
0.051729
0.049382
0.051682
0.051420
0.051564
0.060282
0.051610
0.051877
0.051785
0.051660
0.051506
0.051745
0.051846
0.051562
0.051666
0.051669
0.051649
0.051545
0.051539
0.051684
0.049495
0.051865
0.051317
0.051693
0.051299
0.051602
0.051600
0.051559
0.051633
0.051498
0.051629
0.051686
0.051459
0.051468
0.051512
0.051561
0.051664
0.051408
0.051674
0.051759
0.051522
0.051492
0.051748
0.051686
0.051838
0.051515
0.051787
0.051720
0.051600
0.051738
0.051942
0.051685
0.051663
0.051491
0.051630
0.051174
0.060120
0.045182
0.049620
0.051764
0.051654
0.051458
0.051692
0.051867
0.051548
0.051514
0.047274
0.041194
0.041027
0.041266
0.041091
0.040987
0.041093
0.040869
0.041171
0.041237
0.041090
0.041271
0.041101
0.041042
0.041262
0.041290
0.041046
0.041060
0.041115
0.041152
0.041023
0.041141
0.040969
0.041277
0.041138
0.041121
0.041256
0.041143
0.040753
0.041301
0.041172
0.041216
0.041167
0.041001
0.041153
0.041093
0.041309
0.041179
0.041016
0.041161
0.041050
0.041196
0.040951
0.040843
0.041137
0.041070
0.041203
0.040835
0.040854
0.040726
0.041147
0.040868
0.041084
0.041129
0.041111
0.041301
0.041074
0.041362
0.041200
0.040939
0.041073
0.041176
0.040776
0.041078
0.041226
0.041048
0.041173
0.041042
0.041074
0.041039
0.041024
0.041212
0.041133
0.041248
0.041157
0.040928
0.040577
0.040957
0.041113
0.040837
0.041107
0.041124
0.040900
0.041158
0.041126
0.040962
0.041020
0.040672
0.040878
0.041108
0.040965
0.041332
0.041145
0.041013
0.041305
0.041169
0.041092
0.040984
0.040814
0.040929
0.041211
0.041125
0.041144
0.041235
0.040887
0.041010
0.040989
0.041261
0.040904
0.041007
0.041107
0.041249
0.040692
0.041280
0.041051
0.041227
0.040754
0.041249
0.041225
0.041135
0.041281
0.041304
0.041132
0.041345
0.041302
0.040923
0.041311
0.040945
0.041104
0.040812
0.041070
0.043260
0.040820
0.041134
0.041283
0.041103
0.041170
0.041254
0.041109
0.041324
0.041115
0.040782
0.040900
0.041169
0.040961
0.041197
0.041303
0.041235
0.040897
0.041064
0.040720
0.039182
0.041364
0.041225
0.041211
0.040817
0.041158
0.041118
0.041144
0.041290
0.041248
0.040868
0.041290
0.040980
0.041046
0.041291
0.041111
0.041233
0.040681
0.041152
0.041126
0.041115
0.041324
0.040711
0.041214
0.041101
0.041139
0.040995
0.041297
0.041220
0.041267
0.041209
0.041003
0.040972
0.041083
0.041130
0.041017
0.040695
0.041214
0.041171
0.041209
0.041222
0.041213
0.041229
0.041290
0.041309
0.041199
0.041212
0.040966
0.041309
0.041333
0.040920
0.038789
0.036325
0.040544
0.045197
0.040816
0.040983
0.040961
0.040869
0.040431
0.041112
0.040770
0.041164
0.041303
0.040918
0.040808
0.040892
0.041229
0.041190
0.040945
0.041240
0.041081
0.041021
0.040745
0.040861
0.041143
0.040869
0.041348
0.040855
0.040896
0.039035
0.045598
0.041197
0.041024
0.041123
0.041105
0.041211
0.040931
0.041128
0.041090
0.040755
0.041233
0.041240
0.041028
0.041063
0.041293
0.041325
0.041244
0.041212
0.040834
0.038848
0.041190
0.041103
0.040677
0.040796
0.041209
0.041225
0.040922
0.041155
0.040929
0.040669
0.041362
0.040758
0.041117
0.041123
0.040723
0.047430
0.041125
0.041061
0.041016
0.041165
0.040689
0.040532
0.041068
0.040866
0.041225
0.040980
0.041043
0.041188
0.041344
0.041017
0.041301
0.040869
0.041249
