0.021813
0.083279
0.083557
0.083406
0.082796
0.083225
0.083261
0.083151
0.082383
0.083096
0.085259
0.081568
0.083610
0.083595
0.083191
0.083582
0.083284
0.082920
0.083071
0.083390
0.083710
0.083257
0.083266
0.083276
0.083658
0.083343
0.083472
0.083690
0.083351
0.083363
0.083380
0.083480
0.083265
0.083094
0.083542
0.083318
0.083123
0.083498
0.083212
0.083630
0.083292
0.083226
0.083616
0.083344
0.083461
0.083220
0.083570
0.079887
0.083063
0.083467
0.083364
0.083352
0.083282
0.083612
0.083420
0.083591
0.081565
0.080867
0.082747
0.082666
0.082974
0.083140
0.083512
0.083318
0.083355
0.083452
0.083174
0.083389
0.070297
0.072581
0.072917
0.070771
0.073145
0.072786
0.073009
0.072573
0.072888
0.073020
0.072679
0.072811
0.072999
0.072434
0.072367
0.063807
0.072952
0.073113
0.073024
0.073107
0.072629
0.072480
0.072973
0.072891
0.072686
0.072476
0.072583
0.072990
0.077083
0.077095
0.072358
0.072821
0.072771
0.072862
0.073015
0.072966
0.073037
0.072716
0.072486
0.074603
0.071284
0.072347
0.072775
0.070820
0.073240
0.073016
0.072988
0.073327
0.073067
0.072851
0.072865
0.072758
0.073224
0.073204
0.073123
0.072716
0.073109
0.073147
0.072803
0.072864
0.072763
0.072999
0.073109
0.072924
0.073043
0.073340
0.072854
0.073123
0.073329
0.073109
0.073129
0.072976
0.073005
0.073010
0.073090
0.073302
0.073440
0.073331
0.073034
0.073243
0.073472
0.073184
0.073317
0.073248
0.073261
0.073062
0.073104
0.073179
0.072877
0.073309
0.073191
0.072953
0.073052
0.073121
0.072923
0.070987
0.073083
0.073035
0.073423
0.073056
0.073301
0.073236
0.073408
0.073309
0.073347
0.073403
0.073442
0.073283
0.073299
0.083796
0.073183
0.073423
0.073376
0.073409
0.073260
0.073167
0.072993
0.073172
0.073453
0.073074
0.073262
0.073325
0.072978
0.073406
0.073101
0.073246
0.073282
0.073283
0.073310
0.073219
0.073174
0.073193
0.073298
0.073232
0.073380
0.073205
0.073349
0.073487
0.073330
0.073398
0.073465
0.073090
0.081571
0.083361
0.082921
0.083369
0.083259
0.083550
0.078476
0.083291
0.083623
0.076679
0.072671
0.072739
0.072767
0.072834
0.072761
0.072885
0.072772
0.072991
0.072947
0.072580
0.072948
0.072747
0.072862
0.073014
0.073089
0.073089
0.073116
0.072879
0.072689
0.073048
0.072897
0.072665
0.072927
0.072908
0.072929
0.072400
0.073067
0.072918
0.072920
0.072680
0.072918
0.072555
0.072929
0.073044
0.072625
0.072814
0.072702
0.072968
0.072594
0.072753
0.072652
0.072409
0.072900
0.062450
0.062464
0.062005
0.060110
0.062360
0.062205
0.062231
0.061953
0.062046
0.062340
0.062622
0.062369
0.062241
0.062032
0.062283
0.062046
0.062030
0.062558
0.062213
0.057772
0.062346
0.062381
0.062247
0.062057
0.062267
0.062112
0.062047
0.062062
0.062262
0.062268
0.062172
0.062363
0.062318
0.062357
0.062162
0.062169
0.062184
0.062003
0.062023
0.062280
0.062428
0.059890
0.062495
0.062020
0.062323
0.062120
0.062232
0.061895
0.062146
0.062094
0.062242
0.062201
0.062102
0.062538
0.062232
0.062124
0.070799
0.053353
0.062450
0.062383
0.062353
0.062606
0.062276
0.061665
0.062377
0.059744
0.060390
0.062067
0.062015
0.062384
0.062231
0.062159
0.061945
0.062112
0.069196
0.062565
0.062518
0.062349
0.062241
0.062145
0.060104
0.062178
0.061982
0.062143
0.059894
0.062255
0.062438
0.060215
0.062378
0.062416
0.062292
0.062016
0.070982
0.062625
0.062531
0.061961
0.062154
0.062072
0.062406
0.058261
0.060161
0.061785
0.070924
0.062452
0.062276
0.059851
0.057991
0.062222
0.061988
0.062118
0.059937
0.049478
0.051785
0.051752
0.051687
0.051600
0.051528
0.051830
0.051671
0.051584
0.051781
0.051545
0.051613
0.051685
0.051327
0.051428
0.051706
0.051862
0.051866
0.051522
0.051702
0.051289
0.051903
0.051586
0.051786
0.051788
0.051671
0.051714
0.051681
0.051733
0.051576
0.051630
0.051850
0.051781
0.051864
0.051667
0.051449
0.051776
0.051635
0.051658
0.051618
0.051531
0.051672
0.051642
0.051640
0.051470
0.051670
0.051574
0.051794
0.049254
0.051588
0.051431
0.058284
0.051632
0.051833
0.049617
0.051608
0.051988
0.051764
0.051786
0.051682
0.051633
0.051984
0.051655
0.051647
0.051855
0.051701
0.051612
0.051690
0.051120
0.051867
0.049621
0.051773
0.051605
0.051550
0.051490
0.051608
0.051600
0.051635
0.051610
0.051590
0.051677
0.051504
0.051560
0.051504
0.051537
0.051779
0.051624
0.051645
0.051720
0.051757
0.051406
0.051713
0.051627
0.051916
0.051600
0.051722
0.051800
0.051713
0.051699
0.051850
0.051725
0.051778
0.051453
0.051659
0.051261
0.049110
0.049477
0.058041
0.049671
0.051637
0.051585
0.051646
0.051887
0.051618
0.051439
0.051700
0.041253
0.041070
0.041264
0.041244
0.041008
0.041096
0.040907
0.041194
0.041196
0.041258
0.041237
0.041182
0.041171
0.041208
0.041345
0.041180
0.041206
0.041187
0.041196
0.041230
0.041131
0.041230
0.041061
0.041176
0.041110
0.041310
0.041170
0.041042
0.040987
0.041252
0.041177
0.041261
0.041028
0.041201
0.041073
0.041328
0.041206
0.041266
0.041173
0.041140
0.041111
0.041224
0.040836
0.041016
0.041245
0.041235
0.040939
0.040971
0.040829
0.041132
0.041012
0.040967
0.041101
0.041143
0.041208
0.041212
0.041204
0.041382
0.040926
0.040818
0.040858
0.040759
0.040468
0.041164
0.041259
0.041198
0.041153
0.041095
0.041265
0.041077
0.041141
0.041131
0.041249
0.041150
0.041218
0.040859
0.040841
0.041103
0.040972
0.041146
0.041147
0.041082
0.041126
0.041110
0.041191
0.041062
0.040946
0.040916
0.040827
0.041096
0.041141
0.041349
0.041049
0.041271
0.041312
0.041197
0.040992
0.041096
0.040997
0.041122
0.041213
0.041269
0.041139
0.041230
0.040910
0.041003
0.041237
0.041147
0.041011
0.041131
0.041211
0.041118
0.040986
0.041097
0.041163
0.041195
0.040939
0.041193
0.041330
0.041141
0.041314
0.041263
0.041244
0.041278
0.041084
0.041299
0.041044
0.041157
0.041085
0.041049
0.034594
0.040623
0.040704
0.040850
0.041032
0.041138
0.041208
0.041070
0.041292
0.041286
0.040995
0.040473
0.040895
0.041267
0.040949
0.041198
0.041357
0.041008
0.040931
0.040914
0.040876
0.047887
0.041193
0.041252
0.040794
0.040889
0.041174
0.041051
0.041189
0.041261
0.040953
0.041219
0.040736
0.040715
0.041120
0.041172
0.041158
0.040973
0.041103
0.041173
0.041187
0.041313
0.041106
0.041033
0.041088
0.041171
0.041189
0.041251
0.041250
0.041302
0.041246
0.041068
0.040855
0.041059
0.041071
0.041052
0.041173
0.041207
0.041104
0.041103
0.041111
0.041143
0.041095
0.041248
0.041131
0.041164
0.041123
0.041092
0.040968
0.041323
0.041065
0.038676
0.040937
0.040738
0.041114
0.041046
0.041104
0.041312
0.041161
0.040983
0.040920
0.040916
0.040988
0.041229
0.041046
0.036706
0.045233
0.041173
0.041164
0.041160
0.041207
0.041250
0.040983
0.041008
0.040831
0.041022
0.041060
0.041226
0.041096
0.040986
0.041118
0.043388
0.041286
0.041013
0.041105
0.041102
0.041165
0.041116
0.040905
0.041117
0.040817
0.040978
0.041276
0.040959
0.041011
0.041118
0.041356
0.041204
0.041290
0.041098
0.038595
0.041261
0.041084
0.040880
0.040775
0.040977
0.041255
0.040925
0.041077
0.040920
0.040900
0.040955
0.040996
0.040907
0.041054
0.040993
0.038594
0.040977
0.041003
0.040913
0.040873
0.040970
0.040682
0.040635
0.041310
0.040981
0.041011
0.040955
0.040940
0.040517
0.041125
0.041070
0.041084
0.041115
0.038851
0.032656
0.030395
0.028218
0.030673
0.026218
0.030336
0.030321
0.034570
0.028457
0.032775
0.030590
0.030576
0.030498
0.030671
0.028385
0.030274
0.034876
0.030501
0.028414
0.030742
0.028732
0.034587
0.030400
0.030472
0.028314
0.030433
0.028533
0.034795
0.030608
0.030534
0.028297
0.028489
0.030426
0.030270
0.030243
0.030379
0.030284
0.034683
0.028261
0.028419
0.032721
0.028515
0.030469
0.030412
0.030301
0.030435
0.030253
0.030361
0.030104
0.032236
0.028482
0.030599
0.034845
0.030451
0.030399
0.026119
0.030414
0.034615
0.026349
0.030588
0.030391
0.034523
0.028207
0.028536
0.034990
0.030813
0.030793
0.030662
0.028476
0.028416
0.030401
0.030563
0.030347
0.030336
0.030378
0.030695
0.030510
0.034418
0.028328
0.028536
0.030418
0.030328
0.030405
0.032245
0.028484
0.030340
0.030365
0.030220
0.030546
0.030711
0.030274
0.030384
0.030286
0.030169
0.030355
0.030421
0.030312
0.034670
0.030688
0.030658
0.030644
0.030551
0.030684
0.030738
0.026336
0.030658
0.034724
0.030561
0.030868
0.026511
0.030767
0.034547
0.030548
0.030753
0.028456
0.028355
0.030421
0.030342
0.030512
0.034422
0.030566
0.030588
0.030693
0.030673
0.030695
0.026449
0.034927
0.030795
0.030550
0.026160
0.030628
0.030711
0.034758
0.030680
0.030463
0.030587
0.030686
0.026248
0.030544
0.034866
0.030460
0.028137
0.028315
0.030571
0.034925
0.030636
0.028563
0.028288
0.030493
0.030483
0.030343
0.030231
0.030494
0.030538
0.030452
0.030447
0.030388
0.030368
0.030509
0.030215
0.030256
0.030570
0.030698
0.030406
0.034877
0.030477
0.030524
0.030275
0.030535
0.026300
0.035075
0.030622
0.030612
0.030432
0.030694
0.030652
0.030590
0.028230
0.028514
0.030375
0.030608
0.030429
0.030599
0.030481
0.030422
0.032771
0.033720
0.030766
0.030439
0.028319
0.030465
0.032816
0.026341
0.030402
0.030240
0.030284
0.030494
0.034667
0.030554
0.030662
0.028476
0.028593
0.035174
0.028552
0.028304
0.034824
0.030669
0.030635
0.030570
0.030428
0.030625
0.030653
0.030795
0.030722
0.030566
0.026155
0.030394
0.030613
0.030436
0.030599
0.030591
0.030268
0.030778
0.030262
0.034895
0.028467
0.028519
0.030379
0.030295
0.030222
0.030327
0.030088
0.030534
0.030516
0.030323
0.030393
0.030524
0.030438
0.030678
0.030286
0.030473
0.030504
0.030601
0.034627
0.028602
0.028445
0.035012
0.030811
0.028464
0.028637
0.030636
0.034592
0.028421
0.030707
0.030694
0.030767
0.030820
0.030874
0.030511
0.030496
0.030786
0.030834
0.030779
0.030767
0.030625
0.030537
0.030701
0.030681
0.030806
0.028504
0.030642
0.030531
0.032824
0.028412
0.030684
0.034800
0.030701
0.029996
0.028619
0.034264
0.029112
0.041000
0.038620
0.039247
0.036375
0.036240
0.032554
0.028066
0.030277
0.034769
0.030663
0.030575
0.030655
0.030443
0.028390
0.028315
0.030654
0.030663
0.030695
0.030590
0.030378
0.030428
0.030405
0.030457
0.030431
0.032354
0.030441
0.030613
0.030514
0.030394
0.030652
0.030270
0.030674
0.030633
0.030607
0.030269
0.030518
0.028202
0.035008
0.028476
0.030630
0.028282
0.030339
0.034644
0.030653
0.030623
0.028281
0.030490
0.030882
0.030779
0.030675
0.030645
0.030710
0.030344
0.030646
0.028487
0.030309
0.030368
0.030276
0.030120
0.030085
0.030325
0.030232
0.034588
0.030441
0.030338
0.030651
0.030596
0.026250
0.030431
0.034915
0.030671
0.030500
0.030531
0.030469
0.026163
0.030520
0.030530
0.030656
0.030376
0.030292
0.032628
0.028470
0.030236
0.030041
0.030514
0.034760
0.028336
0.028397
0.028175
0.030383
0.032278
0.028234
0.032823
0.030660
0.032602
0.030526
0.030737
0.028611
0.030595
0.035071
0.030579
0.030440
0.030478
0.030650
0.030519
0.030663
0.030450
0.026282
0.034718
0.030516
0.030641
0.026280
0.030817
0.030391
0.030473
0.030434
0.030510
0.030537
0.030743
0.030526
0.030721
0.030504
0.030424
0.030518
0.030622
0.030661
0.034651
0.030322
0.030566
0.026423
0.030606
0.030628
0.030473
0.030441
0.034998
0.028554
0.028414
0.030434
0.034879
0.030710
0.030749
0.030750
0.030605
0.030620
0.030469
0.030711
0.030380
0.025986
0.034897
0.030711
0.030456
0.030613
0.030441
0.030713
0.030707
0.030431
0.030482
0.030397
0.030433
0.026122
0.034878
0.028410
0.028448
0.030244
0.030561
0.030496
0.030557
0.030545
0.030269
0.030303
0.030491
0.032634
0.028479
0.030479
0.030296
0.030393
0.032555
0.028445
0.030679
0.030526
0.030576
0.030326
0.034636
0.030619
0.030572
0.028530
0.032669
0.026253
0.030360
0.034618
0.030637
0.030760
0.030724
0.030728
0.030558
0.030500
0.030497
0.030599
0.030565
0.028369
0.028189
0.034640
0.028419
0.030644
0.030454
0.030722
0.030510
0.030550
0.030709
0.030497
0.030614
0.030642
0.030737
0.028452
0.030352
0.030347
0.030284
0.032599
0.030357
0.030313
0.028172
0.030241
0.034728
0.030677
0.028162
0.030596
0.030583
0.030543
0.028323
0.032704
0.030714
0.030679
0.030537
0.030698
0.028355
0.034844
0.028435
0.028555
0.030755
0.034673
0.028393
0.028560
0.030369
0.030293
0.034738
0.028415
0.030365
0.028211
0.030185
0.032542
0.028303
0.030795
0.030444
0.034959
0.026080
0.030462
0.030325
0.030414
0.030445
0.030494
0.030562
0.034915
0.030280
0.030665
0.028458
0.028525
0.030421
0.034600
0.028241
0.028465
0.030449
0.034503
0.030284
0.030414
0.030354
0.030662
0.030579
0.026065
0.034796
0.030497
0.030550
0.030660
0.030603
0.030722
0.030653
0.029496
0.029175
0.030672
0.028373
0.034954
0.028275
0.028295
0.034789
0.030317
0.026063
0.030530
0.034587
0.030671
0.030558
0.030621
0.030792
0.030471
0.030570
0.026339
0.034892
0.026259
0.034989
0.028506
0.028254
0.034711
0.028509
0.030590
0.028451
0.030448
0.032610
0.030594
0.028216
0.030200
0.030022
0.023608
0.025200
0.032734
0.028729
0.024940
0.024983
0.032808
0.028731
0.025212
0.024904
0.029252
0.027414
0.024855
0.032716
0.024878
0.030349
0.030621
0.030558
0.030877
0.030801
0.030839
0.028369
0.030685
0.032617
0.030507
0.030482
0.030809
0.030648
0.030725
0.030488
0.030628
0.030688
0.030861
0.030818
0.030759
0.030400
0.026565
0.030310
0.026542
0.029718
0.028072
0.028655
0.028533
0.028795
0.032469
0.032542
0.031490
0.032955
0.030651
0.032554
0.030422
0.034804
0.030454
0.028404
0.028382
0.030408
0.030436
0.030326
0.034609
0.030619
0.030457
0.030619
0.028494
0.032767
0.030749
0.028199
0.032671
0.028249
0.030490
0.028098
0.030344
0.030467
0.030343
0.030475
0.030292
0.032578
0.030648
0.028296
0.035041
0.028421
0.028236
0.030492
0.030349
0.030570
0.030176
0.030079
0.030261
0.034966
0.030619
0.030468
0.026284
0.030455
0.030543
0.030651
0.035020
0.026247
0.030391
0.030288
0.030311
0.030335
0.034869
0.026336
0.030488
0.030416
0.032741
0.030379
0.028280
0.030454
0.034392
0.028430
0.028454
0.030426
0.034841
0.028270
0.028448
0.030507
0.030617
0.030458
0.030668
0.030344
0.030303
0.030199
0.034837
0.028357
0.028422
0.030681
0.030631
0.030385
0.030403
0.030329
0.030441
0.034932
0.028470
0.028600
0.032489
0.030421
0.030633
0.030469
0.026059
0.022562
0.020674
0.022305
0.020624
0.021455
0.022148
0.021981
0.021785
0.021197
0.020835
0.020888
0.021614
0.021500
0.022131
0.022082
0.021852
0.021676
0.021992
0.021485
0.021461
0.021716
0.021785
0.021282
0.021389
0.021051
0.021342
0.020736
0.021660
0.021724
0.029627
0.021736
0.021563
0.021174
0.020856
0.021808
0.021798
0.025970
0.026677
0.027991
0.036806
0.032759
0.032481
0.036260
0.032637
0.035923
0.035673
0.032966
0.032363
0.036714
0.033293
0.023066
0.020458
0.020336
0.021953
0.020112
0.023581
0.021642
0.021410
0.021302
0.020282
0.021011
0.021356
0.021304
0.020241
0.021225
0.021761
0.020724
0.020706
0.021790
0.021593
0.020021
0.025296
0.021552
0.021911
0.021120
0.021194
0.021879
0.021312
0.020780
0.021472
0.019750
0.021023
0.020282
0.020607
0.020872
0.021598
0.021744
0.020821
0.022839
0.020157
0.021978
0.021894
0.020476
0.022072
0.020712
0.023917
0.020815
0.020867
0.021101
0.021306
0.019727
0.022186
0.021457
0.020453
0.021277
0.020657
0.021116
0.020507
0.019923
0.023811
0.020844
0.022136
0.022094
0.021933
0.021230
0.024614
0.020331
0.022294
0.021215
0.019571
0.023523
0.019726
0.024581
0.025836
0.019685
0.021113
0.021311
0.021733
0.020924
0.019602
0.024764
0.021414
0.020863
0.021449
0.019591
0.023832
0.020602
0.021762
0.020644
0.020727
0.024652
0.021283
0.019796
0.024121
0.021555
0.020770
0.025141
0.021305
0.021040
0.022105
0.021414
0.020882
0.021181
0.021467
0.021501
0.020457
0.024198
0.024524
0.021128
0.022091
0.020778
0.025052
0.021112
0.020247
0.021163
0.022210
0.022174
0.021222
0.020999
0.021286
0.020581
0.023028
0.020580
0.022334
0.021632
0.021213
0.021281
0.021659
0.020340
0.022066
0.021155
0.020795
0.021110
0.022161
0.021146
0.020775
0.020687
0.020981
0.020791
0.021483
0.020895
0.021465
0.020378
0.022400
0.021342
0.020995
0.021151
0.021251
0.022125
0.021917
0.021690
0.021144
0.021585
0.021652
0.021443
0.020611
0.022195
0.020824
0.021176
0.022362
0.020983
0.021851
0.020917
0.020551
0.020672
0.020316
0.019545
0.024896
0.020564
0.020511
0.020466
0.020293
0.020275
0.020296
0.020348
0.020416
0.020575
0.021185
0.021162
0.020888
0.020665
0.022243
0.021456
0.020665
0.022354
0.020324
0.021468
0.021502
0.021123
0.021065
0.020264
0.020424
0.020665
0.022353
0.021710
0.021362
0.020478
0.021143
0.021808
0.020420
0.021963
0.020357
0.022095
0.021074
0.020953
0.021410
0.021326
0.021317
0.022138
0.019938
0.021743
0.021688
0.020237
0.021467
0.021615
0.020787
0.021248
0.022053
0.021109
0.021308
0.020759
0.020461
0.021431
0.020199
0.021233
0.021448
0.020750
0.021840
0.020957
0.021872
0.021887
0.021286
0.022060
0.021820
0.021672
0.020951
0.021162
0.021156
0.021766
0.021674
0.027014
0.020784
0.021679
0.021732
0.021917
0.020658
0.024436
0.021322
0.021410
0.021487
0.021601
0.020478
0.021023
0.020522
0.022511
0.020886
0.020936
0.020997
0.021033
0.022364
0.021141
0.020758
0.021176
0.021041
0.021531
0.021181
0.020379
0.021130
0.022544
0.021908
0.021240
0.021809
0.020247
0.021429
0.020607
0.021657
0.020393
0.020172
0.021748
0.021040
0.021962
0.021872
0.021870
0.021196
0.021032
0.020357
0.020882
0.021708
0.020405
0.021251
0.022116
0.020501
0.022133
0.021996
0.021356
0.021196
0.021960
0.021888
0.020924
0.021409
0.021384
0.021591
0.020786
0.021714
0.021294
0.021815
0.024997
0.021946
0.021304
0.021419
0.020895
0.020271
0.020714
0.021092
0.020654
0.021199
0.022135
0.021783
0.020611
0.021878
0.022079
0.021912
0.020271
0.021940
0.020072
0.021112
0.021963
0.020241
0.021985
0.022079
0.021322
0.020915
0.021315
0.021358
0.022275
0.021005
0.021599
0.022665
0.021054
0.020872
0.022649
0.022021
0.019933
0.020803
0.020488
0.021049
0.020502
0.021993
0.021619
0.019690
0.021942
0.019600
0.020470
0.020000
0.020578
0.020958
0.021832
0.020160
0.020421
0.020512
0.022163
0.020393
0.021439
0.021344
0.020856
0.021659
0.021299
0.021693
0.022306
0.020984
0.020767
0.020913
0.021001
0.020684
0.020664
0.020799
0.020315
0.022774
0.021499
0.024884
0.026136
0.020627
0.019829
0.025315
0.021074
0.021326
0.021502
0.023716
0.021084
0.020691
0.024307
0.020216
0.021713
0.021452
0.022145
0.021313
0.020427
0.019529
0.020394
0.022266
0.020930
0.022032
0.021438
0.021107
0.020188
