0.035382
1.905485
0.062935
0.052736
0.040190
0.058338
0.029949
0.050869
0.058254
0.064186
0.048355
0.050839
0.057200
0.060550
0.055892
0.057938
0.064668
0.048688
0.046472
0.045836
0.051464
0.064502
0.070264
0.036372
0.066899
0.071544
0.051967
0.059705
0.030587
0.073884
0.569150
0.068774
0.052005
0.052184
0.056238
0.058523
0.057778
0.060098
0.039809
0.033422
0.054232
0.055483
0.042954
0.050807
0.072176
0.070624
0.077370
0.047598
0.058165
0.046494
0.061783
0.031407
0.038060
0.060318
0.036764
0.037927
0.050184
0.050184
0.120112
0.058426
0.064862
0.050776
0.041821
0.048523
0.053412
0.065455
0.077871
0.076345
0.072992
0.058266
0.082284
0.065333
0.047498
0.068356
0.050890
0.051524
0.046214
0.057539
0.067165
0.059741
0.068636
0.055707
0.053370
0.065061
0.064232
0.058922
0.052717
0.053588
0.058133
0.046110
0.045250
0.058752
0.056479
0.041419
0.050356
0.037035
0.060821
0.046799
0.047598
0.063456
0.046741
0.047419
0.051498
0.056936
0.061313
0.057469
0.055303
0.067792
0.033450
0.060427
0.058112
0.036514
0.079581
0.056285
0.049609
0.053526
0.053249
0.055991
0.047983
0.057993
0.040967
0.046961
0.051990
0.067682
0.067543
0.060959
0.065121
0.079772
0.061177
0.028685
0.062051
0.064326
0.064026
0.061326
0.055234
0.050353
0.048633
0.057956
0.049861
0.051946
0.051921
0.062680
0.053326
0.060989
0.031252
0.053221
0.057926
0.052259
0.060760
0.050079
0.049222
0.037114
0.039428
0.047088
0.046853
0.047027
0.035071
0.030805
0.036036
0.045242
0.030002
0.035636
0.034485
0.039894
0.028175
0.051086
0.043493
0.054929
0.070099
0.058945
0.052979
0.051217
0.045167
0.039111
0.046819
0.039480
0.047630
0.052470
0.058418
0.047505
0.071758
0.080210
0.050729
0.076016
0.068322
0.070005
0.081909
0.081941
0.070908
0.058083
0.070869
0.052781
0.077284
0.061816
0.066664
0.063125
0.070362
0.057684
0.059532
0.059203
0.049787
0.058463
0.064692
0.061301
0.063326
0.062328
0.067934
0.067971
0.062056
0.068162
0.069219
0.042407
0.058762
0.077554
0.079892
0.058847
0.070849
0.060599
0.067577
0.067452
0.068624
0.055903
0.062981
0.050292
0.060549
0.057708
0.043386
0.070094
0.054510
0.052862
0.049245
0.059078
0.054703
0.058562
0.058684
0.043682
0.054633
0.048493
0.052226
0.049752
0.053245
0.059368
0.057464
0.062232
0.090461
0.051586
0.051905
0.029830
0.077199
0.053471
0.069762
0.062401
0.055423
0.035681
0.054959
0.063096
0.063919
0.070307
0.077419
0.055108
0.056592
0.080224
0.077447
0.068130
0.084159
0.095238
0.045890
0.085435
0.081703
0.087098
0.065272
0.066429
0.036248
0.033029
0.052394
0.040804
0.028786
0.059147
0.034897
0.044276
0.063268
0.050564
0.062723
0.062050
0.062818
0.055473
0.049649
0.061729
0.038136
0.055170
0.050603
0.052842
0.025865
0.051211
0.044871
0.057340
0.062049
0.058376
0.041025
0.066131
0.055631
0.058189
0.055619
0.040775
0.049151
0.044240
0.051242
0.047480
0.046524
0.047606
0.048268
0.054512
0.029985
0.079802
0.065217
0.053514
0.051223
0.063485
0.043094
0.067513
0.052357
0.049170
0.056056
0.056463
0.052971
0.075662
0.062953
0.065206
0.060295
0.066670
0.058070
0.036975
0.047559
0.034845
0.046111
0.062766
0.033399
0.054879
0.042541
0.058417
0.053384
0.039543
0.048141
0.039074
0.055875
0.067979
0.074668
0.053046
0.037494
0.050627
0.060023
0.062274
0.050918
0.042242
0.054956
0.079201
0.035251
0.075497
0.062565
0.069885
0.049180
0.056359
0.061287
0.039286
0.061070
0.049904
0.025647
0.042200
0.044483
0.047375
0.048643
0.050594
0.051066
0.054073
0.063553
0.057922
0.059515
0.047142
0.058110
0.051269
0.054030
0.047605
0.059760
0.046402
0.056706
0.069369
0.028988
0.049744
0.051591
0.053760
0.066989
0.049791
0.055659
0.052422
0.059926
0.051648
0.038429
0.054989
0.048012
0.049137
0.058306
0.051698
0.059389
0.047823
0.051331
0.048797
0.027069
0.053243
0.044503
0.043516
0.065854
0.038958
0.045221
0.037042
0.036941
0.048018
0.048973
0.052916
0.059596
0.053453
0.060796
0.055367
0.043322
0.053639
0.049692
0.055945
0.074328
0.031598
0.039458
0.054641
0.049646
0.043004
0.046048
0.049554
0.057955
0.033792
0.039534
0.046419
0.052691
0.056821
0.052835
0.052931
0.061242
0.054062
0.052433
0.060683
0.044926
0.044109
0.054180
0.054205
0.067255
0.064740
0.056155
0.052412
0.056700
0.057503
0.062292
0.056012
0.050196
0.069491
0.035103
0.046267
0.047627
0.045164
0.029775
0.046804
0.033674
0.044801
0.059555
0.055219
0.049969
0.045362
0.044532
0.047479
0.051075
0.046064
0.046681
0.052454
0.063465
0.061310
0.066916
0.034879
0.026104
0.040393
0.034660
0.057569
0.054595
0.036703
0.052976
0.057447
0.055715
0.059379
0.059204
0.052769
0.049026
0.051937
0.047486
0.052340
0.072525
0.053545
0.049252
0.030614
0.036999
0.067515
0.043808
0.052889
0.057398
0.064158
0.062633
0.044164
0.068542
0.068419
0.062002
0.055054
0.053375
0.058053
0.044162
0.057711
0.049466
0.035695
0.041274
0.057093
0.065384
0.050487
0.070119
0.069146
0.042905
0.045688
0.057395
0.060064
0.057144
0.071364
0.039347
0.059141
0.067434
0.059809
0.052316
0.027776
0.052348
0.051941
0.029869
0.049495
0.059539
0.075608
0.067418
0.045022
0.058673
0.053054
0.036155
0.049272
0.047219
0.052758
0.061477
0.055840
0.069549
0.054251
0.060430
0.041158
0.046385
0.044163
0.046890
0.050426
0.048748
0.048168
0.052026
0.053077
0.030718
0.047205
0.051561
0.050436
0.047910
0.046977
0.041262
0.046325
0.046574
0.064713
0.062574
0.049630
0.055974
0.061546
0.056109
0.059041
0.040482
0.053332
0.049267
0.042833
0.038872
0.055977
0.050163
0.057444
0.045850
0.055640
0.046826
0.053049
0.053554
0.060966
0.047388
0.060101
0.052148
0.043357
0.043576
0.037521
0.054053
0.048342
0.052783
0.057055
0.040613
0.026073
0.045188
0.055283
0.055304
0.047365
0.044663
0.048249
0.055282
0.052060
0.064810
0.028711
0.043741
0.052633
0.052604
0.047381
0.044952
0.054070
0.053380
0.036869
0.046669
0.045763
0.044517
0.056769
0.038206
0.045334
0.056564
0.047202
0.056473
0.052370
0.046752
0.053994
0.066131
0.052552
0.047027
0.050911
0.048446
0.048968
0.053620
0.055701
0.056334
0.051933
0.030895
0.058115
0.043725
0.048351
0.039993
0.047190
0.045437
0.046540
0.041765
0.040297
0.037238
0.050064
0.035624
0.037789
0.043002
0.039039
0.032761
0.032002
0.033794
0.056632
0.050092
0.042814
0.056860
0.045861
0.036785
0.056663
0.050714
0.055032
0.057423
0.064316
0.050667
0.060354
0.057578
0.053956
0.048758
0.057631
0.032807
0.038884
0.046971
0.037463
0.047308
0.054349
0.055780
0.061697
0.060854
0.058057
0.043007
0.041614
0.038253
0.048987
0.050993
0.051681
0.044781
0.045031
0.040018
0.048572
0.055882
0.061583
0.060587
0.052819
0.054079
0.060858
0.063804
0.055418
0.055502
0.045345
0.061582
0.050627
0.044323
0.040143
0.045678
0.049753
0.054004
0.057985
0.052784
0.048031
0.061650
0.042680
0.054097
0.063375
0.046887
0.047131
0.058416
0.050997
0.049053
0.045503
0.051145
0.051211
0.048927
0.064562
0.065407
0.058634
0.058317
0.063170
0.065304
0.041878
0.052719
0.048088
0.052239
0.047474
0.056344
0.064169
0.066448
0.053404
0.063200
0.058807
0.053506
0.059128
0.036876
0.057772
0.049223
0.043496
0.041885
0.041929
0.067475
0.048693
0.036862
0.040742
0.068711
0.063859
0.049012
0.042266
0.050523
0.058084
0.046517
0.029226
0.050909
0.041776
0.053260
0.049599
0.051469
0.055668
0.056691
0.060085
0.050432
0.061201
0.050385
0.045086
0.051089
0.054987
0.066335
0.056081
0.032950
0.050761
0.051674
0.048788
0.046586
0.059986
0.074230
0.036650
0.056914
0.039374
0.063305
0.062052
0.068965
0.051334
0.052814
0.056113
0.052808
0.047699
0.044931
0.041126
0.052838
0.046052
0.026077
0.038711
0.065871
0.075447
0.049106
0.033781
0.030420
0.042152
0.034516
0.036643
0.031882
0.044743
0.025229
0.043415
0.043804
0.039670
0.043495
0.044658
0.039569
0.032284
0.031698
0.031049
0.036291
0.033761
0.032679
0.037581
0.041304
0.053032
0.043594
0.055134
0.034489
0.045289
0.040472
0.023144
0.050686
0.045034
0.059860
0.045904
0.047471
0.041896
0.032886
0.037246
0.043277
0.047315
0.043743
0.032973
0.044854
0.043430
0.049656
0.051681
0.045603
0.035747
0.039121
0.055953
0.046347
0.046964
0.052243
0.044024
0.050268
0.033099
0.035437
0.046678
0.044448
0.052277
0.040249
0.048695
0.035147
0.059108
0.052860
0.069651
0.065035
0.057642
0.063267
0.053943
0.046573
0.053895
0.055477
0.041806
0.050497
0.058618
0.039148
0.045888
0.054216
0.064513
0.059450
0.059007
0.057823
0.052094
0.049894
0.057752
0.066500
0.054315
0.054229
0.063673
0.040839
0.060696
0.049974
0.064237
0.052318
0.066446
0.061575
0.072736
0.055670
0.072221
0.071554
0.070888
0.047055
0.060471
0.066376
0.064401
0.069685
0.055892
0.065532
0.055930
0.059595
0.057462
0.044249
0.046822
0.064790
0.038720
0.062973
0.063596
0.061775
0.061780
0.060786
0.066839
0.073982
0.066321
0.058987
0.067871
0.063939
0.056951
0.060878
0.034504
0.059305
0.088145
0.073794
0.069896
0.050537
0.048269
0.055508
0.061809
0.052366
0.053597
0.055856
0.049707
0.059328
0.076048
0.065762
0.063994
0.053029
0.064371
0.065695
0.068333
0.080367
0.066244
0.069563
0.064955
0.067872
0.036247
0.043035
0.052676
0.051378
0.047738
0.045321
0.051664
0.044543
0.058593
0.041685
0.038099
0.050844
0.039533
0.050496
0.051126
0.054995
0.063648
0.047954
0.043447
0.075521
0.059856
0.059747
0.051792
0.051498
0.065571
0.054023
0.053839
0.056477
0.051870
0.055174
0.059692
0.062612
0.048037
0.050182
0.054675
0.057035
0.045769
0.046711
0.050922
0.043408
0.034189
0.047787
0.062520
0.062216
0.051404
0.049734
0.052242
0.034012
0.037368
0.066424
0.060409
0.049716
0.037417
0.049971
0.062998
0.059359
0.068259
0.059857
0.043561
0.063399
0.039868
0.031453
0.070177
0.052370
0.035866
0.061091
0.059073
0.062105
0.034950
0.032341
0.039742
0.055307
0.059051
0.075252
0.028326
0.040165
0.040877
0.046049
0.041485
0.050908
0.049920
0.037075
0.051608
0.046095
0.044482
0.042750
0.034220
0.050657
0.034756
0.039480
0.050022
0.057792
0.058337
0.055373
0.050932
0.056966
0.046127
0.060184
0.068356
0.056418
0.061827
0.074461
0.061302
0.060143
0.059154
0.053757
0.053549
0.045039
0.053337
0.037453
0.048315
0.030055
0.047761
0.058020
0.065660
0.053544
0.051105
0.052962
0.043176
0.050493
0.035957
0.036993
0.056172
0.058139
0.032036
0.048259
0.060101
0.056347
0.062887
0.047872
