0.034561
0.076490
0.063414
0.053255
0.036779
0.034014
0.054722
0.063279
0.036830
0.059737
0.062649
0.048890
0.050255
0.050472
0.055759
0.054300
0.053567
0.046968
0.063912
0.067950
0.047333
0.033941
0.044082
0.045849
0.050727
0.054430
0.055413
0.055704
0.051627
0.039763
0.042077
0.045324
0.051255
0.067158
0.053072
0.033946
0.083965
0.076377
0.043260
0.031655
0.038815
0.042494
0.035471
0.049024
0.072315
0.065543
0.037191
0.052689
0.056914
0.034050
0.031212
0.042238
0.043754
0.047922
0.045926
0.049305
0.053835
0.053855
0.063266
0.056081
0.061044
0.055359
0.058852
0.063934
0.063104
0.052419
0.052041
0.038886
0.040942
0.041120
0.047715
0.051246
0.041106
0.037307
0.054700
0.059000
0.064223
0.076055
0.059780
0.073485
0.062250
0.029750
0.073876
0.055364
0.055351
0.038543
0.051666
0.034384
0.036660
0.053494
0.050259
0.041891
0.046947
0.058465
0.045143
0.051637
0.050443
0.060699
0.056668
0.076630
0.060415
0.065091
0.053771
0.058847
0.054169
0.058772
0.063040
0.068912
0.065728
0.044389
0.040656
0.055499
0.046525
0.044769
0.034164
0.046733
0.057489
0.051582
0.074059
0.056101
0.062168
0.051355
0.056626
0.054396
0.045729
0.055132
0.057145
0.037751
0.052288
0.051500
0.058133
0.058627
0.037037
0.035207
0.049385
0.040009
0.052716
0.041846
0.042624
0.037224
0.050948
0.057900
0.062815
0.031915
0.066626
0.048591
0.039880
0.053268
0.038455
0.053574
0.040261
0.036250
0.044203
0.038119
0.052562
0.038130
0.032839
0.036025
0.045252
0.026986
0.030607
0.030165
0.056598
0.034560
0.045971
0.049582
0.041474
0.040694
0.039587
0.041772
0.038199
0.048015
0.040087
0.043852
0.038676
0.048237
0.048347
0.048627
0.081685
0.074789
0.047354
0.054340
0.050365
0.042980
0.051448
0.049353
0.040676
0.029240
0.037994
0.051340
0.037518
0.035398
0.037151
0.062032
0.041624
0.077434
0.061945
0.033159
0.048216
0.053507
0.068413
0.060327
0.079119
0.026859
0.046516
0.046764
0.044620
0.062001
0.044173
0.057417
0.050541
0.046952
0.035845
0.035403
0.031677
0.035387
0.039094
0.047263
0.036045
0.054814
0.049615
0.055602
0.060819
0.045187
0.082201
0.059127
0.044473
0.046268
0.043599
0.049203
0.053911
0.052075
0.055402
0.045326
0.054987
0.051201
0.045105
0.058796
0.040725
0.048937
0.047520
0.051637
0.075679
0.070709
0.097910
0.056826
0.056751
0.059797
0.093640
0.074632
0.076650
0.074995
0.102951
0.088761
0.073091
0.086488
0.086391
0.064549
0.039661
0.060464
0.041364
0.055732
0.064362
0.063823
0.066819
0.063168
0.054869
0.087034
0.056871
0.056872
0.056035
0.068993
0.042176
0.057168
0.062912
0.077993
0.084876
0.052588
0.055019
0.043850
0.050874
0.048340
0.059536
0.075652
0.067066
0.051744
0.045548
0.053761
0.039613
0.033507
0.027380
0.030316
0.041849
0.038392
0.042747
0.027521
0.038567
0.042130
0.051700
0.024100
0.046731
0.067582
0.046965
0.059117
0.049325
0.059094
0.047524
0.042355
0.049387
0.073233
0.098704
0.040475
0.047841
0.036674
0.057195
0.031348
0.031853
0.033172
0.035507
0.042344
0.035257
0.030725
0.038865
0.050696
0.067127
0.051215
0.051531
0.033589
0.067769
0.070879
0.060179
0.067197
0.053816
0.060777
0.060487
0.044938
0.040605
0.054785
0.052363
0.035018
0.038700
0.043337
0.042153
0.062125
0.059628
0.058153
0.061145
0.063528
0.054515
0.051504
0.051587
0.071940
0.029302
0.061407
0.044184
0.046230
0.030740
0.035418
0.055118
0.042488
0.055866
0.042525
0.039984
0.040466
0.045411
0.043077
0.043849
0.044381
0.050218
0.055573
0.054152
0.052538
0.044684
0.038944
0.042166
0.056256
0.057638
0.044070
0.042634
0.050174
0.039603
0.043938
0.058002
0.062317
0.092073
0.056804
0.061388
0.057703
0.056040
0.066170
0.053378
0.064616
0.062526
0.056102
0.054557
0.031757
0.044473
0.048262
0.053516
0.060944
0.047886
0.055717
0.053578
0.038858
0.050824
0.062440
0.072030
0.038559
0.048115
0.053299
0.041453
0.057512
0.050953
0.050646
0.049159
0.058666
0.028642
0.053960
0.021449
0.031385
0.044534
0.052700
0.040233
0.039547
0.035864
0.032350
0.047967
0.044777
0.040892
0.037258
0.038383
0.057988
0.062099
0.053878
0.056041
0.050423
0.054396
0.043879
0.031025
0.053101
0.043506
0.051901
0.061490
0.054232
0.047140
0.045995
0.035298
0.049788
0.043503
0.035271
0.066877
0.043717
0.059028
0.055562
0.057438
0.034669
0.044449
0.043734
0.040745
0.042366
0.044289
0.051363
0.043449
0.037471
0.039326
0.035687
0.048015
0.048068
0.041308
0.040660
0.034247
0.031554
0.047163
0.051587
0.060092
0.037661
0.040682
0.061497
0.049235
0.038291
0.042460
0.046996
0.041677
0.048265
0.043829
0.043918
0.030332
0.028302
0.041323
0.045487
0.048904
0.042315
0.032044
0.062717
0.043438
0.042116
0.048429
0.042585
0.047539
0.043290
0.057495
0.052128
0.050048
0.047324
0.051029
0.044651
0.059519
0.049346
0.040345
0.025494
0.040389
0.058196
0.056639
0.057572
0.036572
0.045317
0.049513
0.061995
0.033207
0.046347
0.042561
0.038122
0.049251
0.048001
0.042860
0.039603
0.035309
0.044493
0.056793
0.041273
0.038031
0.038847
0.043740
0.036860
0.038055
0.036348
0.039179
0.032357
0.041783
0.040298
0.028612
0.042878
0.044313
0.062443
0.047134
0.052019
0.052029
0.039138
0.048504
0.055270
0.058561
0.052958
0.053797
0.040479
0.048744
0.048664
0.049858
0.033789
0.029140
0.032255
0.034042
0.033051
0.037878
0.039741
0.031931
0.037261
0.025314
0.031587
0.036731
0.038311
0.040076
0.043743
0.045645
0.042176
0.033716
0.033983
0.035510
0.032695
0.031875
0.036312
0.035408
0.039885
0.034058
0.037149
0.047934
0.040055
0.045784
0.025520
0.036274
0.039718
0.036708
0.022351
0.028711
0.022602
0.043838
0.046463
0.035314
0.033623
0.041080
0.040906
0.041641
0.034286
0.030194
0.034849
0.039118
0.022761
0.025637
0.027929
0.024924
0.034335
0.033809
0.039213
0.036630
0.038561
0.043269
0.038762
0.051757
0.045753
0.057698
0.061092
0.077100
0.080878
0.074041
0.061368
0.069690
0.065008
0.068545
0.057021
0.064149
0.082708
0.062364
0.042662
0.069737
0.068431
0.043251
0.064550
0.071778
0.061792
0.065991
0.061049
0.047745
0.069458
0.054028
0.062251
0.066042
0.064455
0.084352
0.049048
0.065021
0.050602
0.077965
0.052494
0.041026
0.074844
0.055654
0.044478
0.037834
0.051716
0.042279
0.040395
0.053078
0.050424
0.041256
0.042885
0.051963
0.042004
0.045670
0.046896
0.044055
0.037002
0.064842
0.058716
0.057981
0.047851
0.077009
0.067147
0.063402
0.056816
0.048961
0.047610
0.073449
0.044824
0.050073
0.059366
0.059537
0.042298
0.040202
0.047034
0.043717
0.054370
0.053816
0.074700
0.055748
0.061558
0.034127
0.032997
0.041760
0.052744
0.049364
0.056334
0.051281
0.060525
0.043189
0.037324
0.062415
0.039456
0.060636
0.061370
0.061202
0.064424
0.034516
0.054779
0.058833
0.047410
0.054247
0.032021
0.040122
0.033874
0.029182
0.066072
0.053109
0.049815
0.049605
0.049318
0.038056
0.047493
0.028280
0.031889
0.032664
0.061002
0.027196
0.042613
0.038568
0.040967
0.037951
0.050222
0.048921
0.048955
0.058830
0.054799
0.036404
0.037665
0.060239
0.061648
0.074256
0.083644
0.058673
0.065941
0.055211
0.046074
0.062583
0.077621
0.041530
0.060941
0.061638
0.063952
0.063915
0.040344
0.065854
0.064987
0.056900
0.051897
0.032389
0.042095
0.044010
0.056842
0.064200
0.063593
0.067369
0.044232
0.056765
0.057518
0.059767
0.059722
0.046988
0.036176
0.044883
0.063480
0.068365
0.049591
0.081366
0.073335
0.064964
0.027915
0.029033
0.042693
0.033500
0.038452
0.043548
0.051291
0.049162
0.044619
0.032273
0.037677
0.050252
0.047480
0.040567
0.045831
0.043152
0.052775
0.058724
0.052405
0.051735
0.051655
0.061424
0.060408
0.064276
0.048892
0.056539
0.062449
0.059378
0.054110
0.028231
0.030173
0.041742
0.045984
0.063540
0.037868
0.042707
0.044580
0.049824
0.035085
0.086850
0.030080
0.055152
0.046429
0.066192
0.052809
0.078245
0.045712
0.065729
0.059543
0.056053
0.047444
0.063892
0.053687
0.078072
0.069133
0.078235
0.065585
0.074552
0.048357
0.046821
0.049931
0.049039
0.048980
0.054446
0.060989
0.051079
0.052615
0.057997
0.052480
0.033070
0.028125
0.037643
0.040678
0.044297
0.049517
0.038758
0.038217
0.042044
0.055863
0.064527
0.055123
0.053537
0.056882
0.059639
0.052588
0.068154
0.063055
0.059355
0.074624
0.068431
0.074767
0.066918
0.064105
0.065085
0.050372
0.024890
0.045279
0.036537
0.045082
0.053251
0.046550
0.046083
0.058373
0.052139
0.064532
0.054367
0.054621
0.062363
0.048824
0.061557
0.067486
0.081981
0.055737
0.054058
0.069031
0.061129
0.066814
0.086161
0.082127
0.093966
0.068619
0.050520
0.064888
0.061691
0.082048
0.077941
0.055001
0.089534
0.064101
0.041010
0.056016
0.045070
0.044908
0.050842
0.039894
0.054227
0.053173
0.057172
0.079426
0.051796
0.058833
0.064274
0.058385
0.052513
0.077300
0.071540
0.046815
0.055650
0.051096
0.063967
0.067034
0.082456
0.058185
0.075645
0.051345
0.067796
0.050792
0.065577
0.072470
0.047201
0.063302
0.048885
0.058750
0.069169
0.032865
0.058654
0.050847
0.073595
0.079172
0.075330
0.068542
0.067763
0.046705
0.036617
0.039943
0.062992
0.065460
0.056639
0.060957
0.061946
0.071863
0.071664
0.052214
0.062759
0.083061
0.063760
0.032027
0.101904
0.036563
0.033370
0.048837
0.051580
0.050152
0.062323
0.043623
0.073510
0.037658
0.032307
0.046659
0.052805
0.049398
0.076977
0.065453
0.075306
0.071166
0.070925
0.062311
0.053046
0.072889
0.044675
0.038657
0.038961
0.044616
0.033269
0.036999
0.039778
0.055180
0.048466
0.045774
0.032996
0.046210
0.034442
0.052933
0.055545
0.049942
0.042437
0.049153
0.062231
0.057665
0.054672
0.048686
0.026443
0.065236
0.060156
0.040152
0.039739
0.060252
0.049149
0.054735
0.049676
0.044960
0.054269
0.053306
0.065116
0.050685
0.058983
0.067089
0.069175
0.054804
0.033847
0.044187
0.030564
0.040479
0.042151
0.041377
0.032770
0.029291
0.040169
0.027085
0.057976
0.047798
0.050836
0.066649
0.043985
0.033131
0.037705
0.040675
0.036857
0.055803
0.070584
0.053347
0.054985
0.032685
0.046081
0.074570
0.053603
0.054278
0.032550
0.046191
0.028944
0.042162
0.056856
0.055339
0.055847
0.070229
0.049749
0.043964
0.058610
0.057232
0.068739
0.032196
0.039862
0.047504
0.057080
0.057461
0.037300
0.037435
0.046124
0.048649
0.054912
0.050339
0.043159
0.053110
0.059544
0.049845
0.056402
0.033493
0.040361
0.047417
0.055809
0.048840
0.078824
0.029290
0.045921
0.033518
0.047446
0.047917
0.046689
0.067029
0.064733
0.047402
0.043247
0.032284
0.037165
0.043709
0.041662
0.063844
0.053108
0.060152
0.054657
0.046035
0.036499
0.047436
0.046900
0.043093
0.046661
0.045210
0.054876
0.049924
0.058091
0.055650
0.041910
0.032431
0.053551
0.041105
0.059669
0.056974
0.064188
0.039459
0.056661
0.068675
0.056482
0.060493
0.051556
0.030069
0.039875
0.034481
0.037604
0.045673
0.052726
0.049475
0.050283
0.039044
0.056639
0.041361
0.040716
0.049531
0.062143
0.050817
0.038932
0.045829
0.061682
0.033252
0.034854
0.060065
0.054680
0.055515
0.062756
0.038457
0.050026
0.057816
0.038811
0.035962
0.037219
0.033559
0.036116
0.041584
0.047356
0.054932
0.043174
0.055773
0.051357
0.047858
0.040251
0.039300
0.040613
0.057664
0.047861
0.039295
0.040891
0.046084
0.044874
0.046210
0.033847
0.046212
0.047135
0.044384
0.024969
0.053904
0.033176
0.049848
0.043705
0.047776
0.026956
0.026924
0.052075
0.041844
0.041455
0.019747
0.073372
0.047980
0.054448
0.050066
0.041551
0.048809
0.028429
0.046770
0.060007
0.051655
0.041599
0.030659
0.057382
0.040700
0.053078
0.047961
0.050730
0.049948
0.046811
0.051786
0.072015
0.051410
0.043758
0.050297
0.052293
0.073753
0.051623
0.053890
0.044091
0.051571
0.056468
0.046484
0.038125
0.052078
0.037672
0.031828
0.029195
0.042325
0.045666
0.030614
0.062999
0.055768
0.040875
0.045689
0.041747
0.037042
0.050274
0.058238
0.047669
0.062393
0.064775
0.076053
0.059589
0.052299
0.039988
0.042213
0.046171
0.048671
0.061782
0.068495
0.064102
0.049733
0.063256
0.061986
0.078610
0.076863
0.072846
0.061903
0.075918
0.057993
0.040222
0.052137
0.050010
0.050000
0.063624
0.050373
0.058922
0.063109
0.076034
0.050973
0.046256
0.089726
0.040883
0.077179
0.046872
0.064597
0.082377
0.039222
0.046036
0.044130
0.061574
0.050542
0.051207
0.058826
0.048806
0.049245
0.047744
0.067073
0.051210
0.061259
0.088917
0.051083
0.056682
0.051447
0.052267
0.065472
0.072448
0.066603
0.046289
0.061260
0.065310
0.055547
0.057237
0.063081
0.056107
0.060336
0.051661
0.043365
0.061691
0.074026
0.040681
0.044937
0.048395
0.055618
0.049361
0.043421
0.054799
0.040030
0.051351
0.044103
0.058325
0.036248
0.052549
0.038250
0.084600
0.074301
0.040395
0.031159
0.043285
0.039110
0.047353
0.066583
0.059525
0.079899
0.057857
0.067076
0.041363
0.045081
0.026945
0.043365
0.052341
0.050408
0.040302
0.054091
0.060946
0.047094
0.054409
0.042094
0.037182
0.044469
0.034709
0.040078
0.032858
0.047283
0.039435
0.043704
0.058375
0.053594
0.046146
0.044983
0.054662
0.036489
0.030485
0.042279
0.038633
0.033464
0.045207
0.033086
0.033683
0.051568
0.061861
0.059586
0.046772
0.049044
0.055453
0.049635
0.047462
0.048022
0.048045
0.039654
0.051965
0.048956
0.048682
0.064070
0.062306
0.037607
0.047458
0.045345
0.046530
0.028648
0.058309
0.046918
0.045325
0.049736
0.057096
0.062988
0.053113
0.061409
0.047144
0.039682
0.038599
0.041147
0.042243
0.036789
0.041764
0.042372
0.044685
0.028073
0.035419
0.029465
0.021677
0.025952
0.051388
0.052640
0.034523
0.031520
0.054340
0.035734
0.038840
0.058649
0.048090
0.034330
0.059654
0.025064
0.023761
0.031349
0.033540
0.032312
0.023382
0.023561
0.044788
0.032504
0.027943
0.035434
0.035609
0.027451
0.028608
0.034951
0.026237
0.035377
0.049093
0.023545
0.038821
0.038986
0.051583
0.039427
0.054208
0.035252
0.032697
0.035926
0.035693
0.035093
0.041919
0.036825
0.034083
0.034981
0.038207
0.039325
0.039615
0.043239
0.039291
0.036462
0.028558
0.038722
0.038690
0.035784
0.040724
0.037371
0.038778
0.038624
0.040976
0.025089
0.052014
0.030499
0.025787
0.031711
0.037596
0.041980
0.038590
0.033796
0.042732
0.042130
0.030442
0.034280
0.040678
0.037559
0.011740
0.034685
0.037391
0.037414
0.034390
0.037669
0.033005
0.027888
0.031484
0.040329
0.024373
0.025570
0.034258
0.030141
0.033238
0.039588
0.043245
0.030539
0.030782
0.037321
0.025959
0.024941
0.029656
0.023989
0.033376
0.024898
0.044105
0.033899
0.015363
0.032819
0.041164
0.033905
0.034940
0.032726
0.030257
0.028233
0.018998
0.028923
0.032437
0.022494
0.024632
0.036296
0.022367
0.034357
0.039825
0.032915
0.027171
0.040082
0.043227
0.035950
0.028850
0.040337
0.040351
0.035937
0.034912
0.030881
0.027125
0.035144
0.027396
0.025520
0.032550
0.024755
0.041317
0.041645
0.041099
0.054097
0.050741
0.056853
0.050300
0.042880
0.033380
0.030495
0.037691
0.035439
0.040967
0.053745
0.052330
0.056770
0.059273
0.049603
0.029312
0.046865
0.045414
0.061918
0.035882
0.062124
0.046341
0.032050
0.028877
0.055598
0.032706
0.044123
0.050272
0.058629
0.051253
0.060025
0.054391
0.067194
0.044987
0.049164
0.052298
0.060312
0.054901
0.062167
0.030452
0.044718
0.042878
0.065155
0.064473
0.049026
0.050819
0.055330
0.057516
0.060346
0.058686
0.063120
0.058929
0.059815
0.048847
0.047954
0.048816
0.062570
0.072017
0.048625
0.052622
0.067555
0.063833
0.037617
0.063912
0.077514
0.048744
0.053053
0.068933
0.062424
0.064788
0.059395
0.045792
0.060365
0.061563
0.071039
0.065223
0.060769
0.052962
0.050530
0.048950
0.034049
0.047448
0.047698
0.051805
0.072532
0.056458
0.043820
0.051116
0.060966
0.055522
0.045930
0.050618
0.036578
0.047019
0.030000
0.064445
0.048807
0.092289
0.053766
0.049525
0.058494
0.060709
0.070134
0.056720
0.057566
0.031376
0.063911
0.043637
0.045419
0.050035
0.048960
0.041684
0.042511
0.048619
0.039134
0.028053
0.025905
0.047382
0.049533
0.050445
0.051019
0.053128
0.056600
0.031001
0.052840
0.044384
0.031466
0.028636
0.033012
0.019796
0.042828
0.042798
0.042705
0.042165
0.052713
0.033822
0.053372
0.038254
0.060322
0.057554
0.056818
0.046383
0.056589
0.058359
0.045186
0.047223
0.051026
0.060863
0.047258
0.043262
0.042816
0.040191
0.040141
0.038973
0.036839
0.047039
0.062177
0.071948
0.053007
0.055424
0.053005
0.043681
0.056179
0.045117
0.048879
0.042144
0.054389
0.034342
0.036656
0.047656
0.037160
0.049536
0.027898
0.029845
0.032001
0.032354
0.044601
0.048262
0.052726
0.063317
0.066895
0.060887
0.053429
0.051327
0.053625
0.064991
0.054151
0.054998
0.038825
0.058574
0.034897
0.035251
0.041660
0.046184
0.035028
0.038797
0.047512
0.045645
0.052845
0.049087
0.047050
0.036343
0.031844
0.044652
0.043736
0.052952
0.033686
0.049828
0.045692
0.051955
0.057789
0.057500
0.046385
0.042329
0.036456
0.067693
0.039770
0.049874
0.049228
0.068739
0.051360
0.032740
0.041429
0.060503
0.022913
0.053954
0.053434
0.059369
0.046042
0.055645
0.061683
0.031269
0.050552
0.030869
0.034102
0.056266
0.047095
0.053042
0.053529
0.049586
0.049099
0.056302
0.056564
0.052802
0.049814
0.053916
0.052047
0.050984
0.061403
0.030905
0.040614
0.054123
0.039666
0.054250
0.058067
0.046101
0.048527
0.046050
0.055234
0.052311
0.054783
0.040303
0.053037
0.028161
0.040525
0.057275
0.052104
0.053527
0.065229
0.062312
0.058588
0.053585
0.060058
0.044221
0.042521
0.046920
0.051818
0.057738
0.047687
0.058359
0.040871
0.050548
0.042384
0.047882
0.050941
0.035181
0.056148
0.052166
0.047055
0.036290
0.041994
0.039551
0.045340
0.053377
0.045308
0.057134
0.064142
0.060343
0.031177
0.072587
0.063104
0.048337
0.031783
0.048277
0.027951
0.075227
0.043738
0.033804
0.034906
0.041712
0.049036
0.057434
0.050317
0.039746
0.039857
0.035480
0.047860
0.052783
0.041682
0.038008
0.040463
0.040170
0.042700
0.041579
0.037780
0.054082
0.036780
0.039636
0.060065
0.029959
0.056479
0.054962
0.050361
0.035460
0.041755
0.050785
0.042237
0.052459
0.047678
0.048570
0.041142
0.056439
0.035828
0.045538
0.064646
0.036806
0.053891
0.050616
0.043691
0.052830
0.047566
0.044976
0.046646
0.047283
0.048392
0.048394
0.059075
0.074522
0.075207
0.058455
0.061594
0.051928
0.063136
0.062149
0.048926
0.038070
0.044046
0.055116
0.043149
0.060425
0.062990
0.056111
0.059400
0.058095
0.045602
0.051729
0.036174
0.055130
0.050559
0.059570
0.053775
0.056901
0.042712
0.059753
0.079764
