0.019109
0.074149
0.052288
0.051006
0.057281
0.058079
0.041540
0.058652
0.041754
0.040922
0.025954
0.035231
0.041328
0.042744
0.031487
0.034770
0.052470
0.036810
0.050244
0.025177
0.037518
0.045938
0.037309
0.037916
0.039248
0.044493
0.033917
0.033919
0.058609
0.032343
0.039347
0.036573
0.031944
0.039072
0.031768
0.048351
0.044766
0.039616
0.044694
0.044188
0.036355
0.042754
0.036187
0.054545
0.045128
0.042914
0.039895
0.054527
0.047072
0.038904
0.033783
0.036582
0.033931
0.021120
0.031073
0.038944
0.030742
0.027882
0.041470
0.041898
0.025107
0.024911
0.026535
0.039266
0.035224
0.033163
0.039029
0.045201
0.033235
0.041468
0.039366
0.030299
0.038890
0.032817
0.021491
0.031250
0.032143
0.024769
0.020079
0.035688
0.033581
0.036054
0.033452
0.033389
0.028222
0.044925
0.035349
0.037403
0.042796
0.027431
0.038970
0.035927
0.036148
0.035544
0.034897
0.030354
0.031722
0.035332
0.024153
0.043568
0.035274
0.032282
0.033843
0.036725
0.044902
0.035827
0.026021
0.038991
0.044986
0.046595
0.044301
0.039083
0.032764
0.030746
0.036577
0.055876
0.045594
0.038274
0.042422
0.046406
0.030022
0.034788
0.040576
0.045607
0.034696
0.045850
0.037125
0.041214
0.041418
0.040154
0.036666
0.056153
0.036924
0.031024
0.037251
0.043271
0.026338
0.027292
0.048668
0.040516
0.033530
0.037916
0.040685
0.036796
0.032215
0.048486
0.042605
0.050021
0.040381
0.038114
0.041059
0.045644
0.028176
0.020150
0.025033
0.031702
0.034069
0.035575
0.023044
0.031620
0.015547
0.026999
0.027766
0.022150
0.021161
0.017312
0.019116
0.027413
0.024641
0.022717
0.021402
0.021040
0.030268
0.029342
0.036538
0.025442
0.021742
0.031852
0.021307
0.026229
0.032278
0.037138
0.024972
0.027730
0.024770
0.031500
0.023661
0.030373
0.027781
0.030170
0.036924
0.023573
0.034137
0.041263
0.031256
0.033911
0.020671
0.027458
0.022019
0.024865
0.027413
0.018379
0.035602
0.021026
0.035487
0.033096
0.029244
0.029313
0.034690
0.028299
0.037287
0.036503
0.026568
0.029426
0.026639
0.043267
0.048513
0.040512
0.040486
0.028323
0.028045
0.024239
0.033641
0.033726
0.034502
0.032773
0.029521
0.032681
0.035109
0.029852
0.021330
0.022898
0.020357
0.028369
0.016723
0.036696
0.019655
0.022183
0.036889
0.021101
0.031514
0.029028
0.029132
0.023031
0.039639
0.030414
0.029214
0.022433
0.034468
0.036632
0.031867
0.015336
0.028842
0.016690
0.024004
0.029438
0.035969
0.027823
0.034475
0.033460
0.029092
0.025514
0.020171
0.027533
0.037210
0.024523
0.026578
0.031095
0.036387
0.032487
0.028040
0.026603
0.024286
0.025286
0.024462
0.026765
0.026573
0.026510
0.034027
0.023558
0.028773
0.043357
0.027508
0.036376
0.028830
0.018953
0.031381
0.020038
0.023152
0.024974
0.025567
0.018574
0.026093
0.029035
0.016056
0.022161
0.024715
0.027199
0.026204
0.025848
0.026304
0.026127
0.021261
0.028450
0.022841
0.025040
0.028145
0.033622
0.030442
0.023313
0.032318
0.020757
0.040484
0.022092
0.033641
0.026502
0.030407
0.022656
0.030988
0.025764
0.032437
0.042193
0.029574
0.039019
0.029799
0.035373
0.029929
0.025753
0.026981
0.029124
0.022801
0.036294
0.026877
0.024798
0.028701
0.023496
0.015799
0.021659
0.016674
0.017913
0.024083
0.022644
0.017478
0.018850
0.017112
0.017993
0.017323
0.017811
0.021306
0.025488
0.025241
0.018053
0.021518
0.020049
0.017816
0.015201
0.014090
0.019463
0.016816
0.014452
0.016484
0.021183
0.016529
0.019035
0.014746
0.015926
0.017093
0.014378
0.015240
0.015364
0.013338
0.016724
0.012890
0.022480
0.015336
0.015107
0.019129
0.013902
0.014665
0.012487
0.013349
0.015498
0.016665
0.012662
0.014709
0.014753
0.017410
0.013812
0.012875
0.016054
0.017177
0.015085
0.018372
0.023013
0.015795
0.018820
0.016595
0.017977
0.013315
0.017316
0.017102
0.017789
0.014323
0.015891
0.014531
0.012697
0.016594
0.013270
0.022622
0.050946
0.041757
0.053878
0.017429
0.033060
0.033350
0.027273
0.024441
0.025495
0.027292
0.053849
0.037323
0.036894
0.045719
0.020509
0.028561
0.034391
0.029246
0.030926
0.023585
0.024247
0.026916
0.026003
0.023953
0.042466
0.039065
0.040557
0.054368
0.061536
0.040992
0.069049
0.027731
0.058810
0.049270
0.025830
0.022815
0.020036
0.018510
0.023152
0.018476
0.025960
0.022604
0.027049
0.020885
0.018770
0.027384
0.026474
0.030535
0.027869
0.031036
0.023240
0.024350
0.036621
0.040872
0.032606
0.037338
0.043057
0.031110
0.028958
0.036000
0.031690
0.026213
0.024120
0.029180
0.024723
0.031204
0.019782
0.032039
0.037864
0.025955
0.041588
0.020386
0.023636
0.022934
0.017689
0.020214
0.024720
0.020165
0.023277
0.022460
0.021145
0.031722
0.023637
0.024647
0.030651
0.020043
0.032398
0.028702
0.031241
0.033679
0.039303
0.017386
0.022249
0.033042
0.031499
0.031173
0.028952
0.025056
0.023550
0.032426
0.022430
0.037719
0.020399
0.029673
0.022165
0.028037
0.027385
0.017471
0.026211
0.024659
0.026362
0.036148
0.037725
0.038162
0.020917
0.023237
0.024505
0.029981
0.026769
0.027401
0.031084
0.031588
0.034631
0.024362
0.021657
0.030416
0.039774
0.020725
0.035353
0.032596
0.044322
0.036294
0.035935
0.043967
0.020631
0.033602
0.044269
0.040612
0.023545
0.028957
0.030736
0.025224
0.040560
0.024739
0.033092
0.020504
0.025188
0.020708
0.031106
0.036543
0.035786
0.036006
0.035882
0.029722
0.016868
0.019165
0.015015
0.024698
0.020312
0.025406
0.023799
0.031681
0.029365
0.034928
0.029339
0.033489
0.025726
0.033042
0.025561
0.037621
0.037654
0.035464
0.024992
0.032560
0.035161
0.024268
0.028948
0.024829
0.027066
0.031633
0.030670
0.029720
0.047866
0.031376
0.036361
0.036064
0.039696
0.026892
0.032869
0.031051
0.023914
0.042601
0.031292
0.036572
0.047144
0.017738
0.041370
0.027516
0.039550
0.029420
0.031467
0.026487
0.031117
0.042914
0.025481
0.028231
0.032542
0.020817
0.032324
0.036797
0.029698
0.030255
0.031602
0.036304
0.024223
0.026448
0.028854
0.030280
0.029412
0.032066
0.025228
0.029186
0.029975
0.036909
0.024873
0.021665
0.033175
0.023273
0.029482
0.034251
0.025788
0.020397
0.028306
0.024673
0.017398
0.016618
0.017939
0.016671
0.017377
0.018846
0.025702
0.033161
0.025163
0.026028
0.022569
0.019392
0.023485
0.017157
0.026861
0.020908
0.021903
0.023916
0.030693
0.028980
0.028912
0.029799
0.037758
0.038927
0.034175
0.042311
0.036540
0.041984
0.029673
0.028698
0.024358
0.035146
0.023703
0.026924
0.017397
0.026484
0.021518
0.019300
0.027744
0.029295
0.038015
0.028855
0.028482
0.041162
0.039521
0.035553
0.027686
0.021706
0.034602
0.025575
0.033899
0.043549
0.050856
0.027820
0.036804
0.033161
0.015570
0.032351
0.025037
0.021487
0.031264
0.036340
0.031772
0.041945
0.033410
0.023575
0.030291
0.023573
0.019841
0.027941
0.025015
0.030485
0.026212
0.040274
0.038710
0.042158
0.040984
0.038152
0.035797
0.047286
0.048084
0.033162
0.031971
0.045791
0.042397
0.043724
0.043500
0.028489
0.038889
0.028680
0.039134
0.033341
0.031898
0.029725
0.027250
0.028418
0.034854
0.035353
0.026482
0.025417
0.042139
0.031421
0.028555
0.032919
0.026619
0.022397
0.019624
0.025757
0.037063
0.026281
0.027939
0.037138
0.031048
0.053679
0.027350
0.028475
0.025974
0.036881
0.031942
0.041803
0.032080
0.024953
0.030690
0.018831
0.027975
0.023689
0.025683
0.024492
0.035237
0.028185
0.030988
0.025662
0.027085
0.028099
0.027481
0.034044
0.027138
0.029191
0.028609
0.024773
0.023802
0.032097
0.022857
0.030947
0.035786
0.022639
0.032622
0.028473
0.040066
0.038863
0.029193
0.034884
0.034062
0.043350
0.043402
0.021107
0.035429
0.023228
0.031914
0.027402
0.032380
0.024078
0.023303
0.023992
0.028275
0.030506
0.036578
0.025422
0.025618
0.027911
0.029773
0.020643
0.028382
0.034211
0.028536
0.034754
0.022908
0.031065
0.029972
0.030356
0.021111
0.028146
0.031438
0.017759
0.031666
0.022182
0.018744
0.036806
0.027907
0.027054
0.025780
0.025294
0.024564
0.023111
0.022540
0.048067
0.037126
0.025659
0.041213
0.037950
0.044052
0.022951
0.033669
0.025864
0.030073
0.030307
0.022047
0.031033
0.037139
0.029868
0.034631
0.035455
0.047829
0.037554
0.031700
0.029013
0.045181
0.028267
0.038344
0.034144
0.031016
0.034983
0.035053
0.030210
0.025658
0.030553
0.026119
0.027552
0.016771
0.024828
0.020532
0.022131
0.026711
0.020349
0.021188
0.029531
0.025265
0.021594
0.023812
0.024651
0.028676
0.030807
0.020838
0.025144
0.017120
0.031094
0.023937
0.023053
0.018391
0.016566
0.024415
0.021568
0.020766
0.022461
0.030765
0.026825
0.020962
0.019226
0.021383
0.015519
0.016444
0.024481
0.022094
0.016667
0.019816
0.020694
0.026963
0.017406
0.022842
0.022025
0.015862
0.016905
0.020936
0.020611
0.017533
0.023201
0.016897
0.025674
0.027995
0.021445
0.035101
0.028268
0.038108
0.025600
0.034924
0.031852
0.027232
0.026267
0.015704
0.020327
0.025819
0.018742
0.020694
0.015293
0.022048
0.015736
0.022365
0.024197
0.023707
0.016591
0.022925
0.023072
0.015340
0.027242
0.026874
0.017184
0.024584
0.016458
0.017288
0.018938
0.022213
0.019250
0.014853
0.020473
0.014913
0.017528
0.021496
0.018890
0.020232
0.015552
0.019886
0.016484
0.029612
0.022066
0.026134
0.018343
0.021594
0.019684
0.016317
0.012706
0.022153
0.021804
0.012983
0.023315
0.017895
0.020898
0.022014
0.025329
0.022078
0.019098
0.017716
0.015312
0.022562
0.019230
0.017834
0.016633
0.016595
0.016552
0.021394
0.019180
0.020901
0.021651
0.015402
0.017891
0.023090
0.025947
0.015285
0.021841
0.026786
0.020743
0.021053
0.023046
0.022080
0.020365
0.027179
0.021418
0.026140
0.021436
0.018599
0.014633
0.018387
0.016934
0.022862
0.017618
0.020305
0.014745
0.019419
0.016699
0.014573
0.018298
0.019198
0.021884
0.020540
0.027187
0.033257
0.025742
0.029557
0.022086
0.022971
0.027249
0.023877
0.029422
0.021095
0.024607
0.026086
0.020751
0.024261
0.018816
0.016517
0.024570
0.019120
0.017369
0.019407
0.024163
0.022723
0.018307
0.020391
0.020749
0.020728
0.017254
0.016397
0.019401
0.021743
0.021610
0.023463
0.019472
0.027043
0.020847
0.029836
0.020564
0.024266
0.022580
0.017872
0.020286
0.026737
0.026169
0.017714
0.033963
0.015994
0.019716
0.020628
0.025408
0.019129
0.021905
0.023398
0.023453
0.018293
0.024482
0.016738
0.019806
0.024572
0.016562
0.014247
0.021212
0.022596
0.028591
0.023574
0.019825
0.030221
0.025639
0.022055
0.026459
0.017435
0.017560
0.019341
0.022076
0.017527
0.023075
0.023244
0.021599
0.021220
0.021327
0.022587
0.026541
0.033292
0.029849
0.022403
0.032882
0.026801
0.020536
0.018163
0.022492
0.019167
0.024798
0.023746
0.020854
0.016860
0.019303
0.021093
0.024086
0.018002
0.016070
0.017381
0.018010
0.018499
0.021269
0.016060
0.025732
0.020961
0.018713
0.016877
0.018677
0.016827
0.022552
0.029783
0.019513
0.029140
0.020050
0.025213
0.026798
0.016830
0.030317
0.014045
0.022458
0.018871
0.016250
0.022388
0.016025
0.019257
0.020790
0.021200
0.023355
0.022482
0.015982
0.020634
0.018965
0.019176
0.020615
0.020503
0.028239
0.030719
0.034173
0.030614
0.017904
0.016670
0.018418
0.026074
0.019163
0.015270
0.026319
0.015159
0.016893
0.021467
0.028805
0.016464
0.023592
0.024487
0.018911
0.027733
0.016780
0.017158
0.018938
0.015989
0.013598
0.025160
0.021613
0.018577
0.024183
0.022732
0.031284
0.019564
0.018035
0.018462
0.022564
0.018662
0.027426
0.017652
0.020852
0.028575
0.027025
0.025127
0.025707
0.017630
0.027054
0.025113
0.024352
0.027959
0.018413
0.021900
0.022968
0.017769
0.018940
0.026067
0.019871
0.016272
0.025803
0.023170
0.028486
0.015861
0.017804
0.022274
0.013984
0.015778
0.022604
0.021340
0.026819
0.026818
0.016767
0.019392
0.019938
0.024004
0.018280
0.022964
0.029158
0.019517
0.024784
0.021413
0.017857
0.017238
0.022110
0.017590
0.024381
0.016267
0.014472
0.019673
0.017593
0.023111
0.019749
0.024389
0.021060
0.019389
0.030280
0.025072
0.016047
0.016973
0.020299
0.016829
0.019776
0.026020
0.022821
0.021925
0.025596
0.034514
0.020706
0.019007
0.016612
0.019799
0.015525
0.025144
0.022491
0.015777
0.015771
0.015919
0.023739
0.017965
0.023779
0.021282
0.016790
0.020328
0.021265
0.023330
0.017673
0.017831
0.019795
0.018263
0.014271
0.023224
0.023207
0.019217
0.013469
0.018108
0.019722
0.016804
0.019419
0.017119
0.017027
0.019526
0.016594
0.017549
0.018737
0.015397
0.023143
0.017230
0.015669
0.013891
0.015811
0.013847
0.016155
0.015325
0.023856
0.024029
0.038766
0.023732
0.026380
0.021255
0.019275
0.017785
0.017545
0.020963
0.020766
0.029317
0.024404
0.017924
0.018531
0.021927
0.019019
0.025286
0.027618
0.024991
0.021723
0.015877
0.023164
0.014874
0.023086
0.019343
0.017625
0.018132
0.017666
0.022935
0.028494
0.021818
0.023664
0.018900
0.018046
0.026345
0.017903
0.016438
0.023823
0.016503
0.022632
0.023399
0.025164
0.024054
0.017395
0.020738
0.017408
0.024764
0.029022
0.022703
0.015646
0.015634
0.017478
0.015615
0.021872
0.015151
0.026037
0.029203
0.028201
0.016658
0.025665
0.023627
0.017224
0.027519
0.018042
0.015946
0.022882
0.018852
0.020170
0.017414
0.028676
0.022910
0.021623
0.016349
0.019931
0.028782
0.018680
0.025813
0.023022
0.034760
0.031946
0.020042
0.022913
0.019676
0.020877
0.018951
0.018561
0.023402
0.021005
0.019911
0.027838
0.015958
0.016755
0.020436
0.015570
0.021354
0.019231
0.022510
0.019705
0.022834
0.019209
0.025926
0.020233
0.025534
0.018544
0.021069
0.020371
0.022650
0.031469
0.029759
0.016020
0.019525
0.018227
0.024503
0.030479
0.026712
0.021555
0.015145
0.019714
0.017092
0.019264
0.015641
0.024734
0.020293
0.015527
0.016319
0.019183
0.018652
0.024904
0.020448
0.021380
0.020459
0.019981
0.016720
0.021755
0.023534
0.025424
0.021090
0.021544
0.017577
0.019945
0.015217
0.021653
0.015681
0.019264
0.026199
0.021615
0.014600
0.016844
0.016892
0.018683
0.015396
0.027825
0.022184
0.019061
0.020849
0.017601
0.017565
0.016853
0.015500
0.014968
0.022575
0.015529
0.016855
0.016037
0.017789
0.023002
0.017358
0.021968
0.021721
0.027265
0.021512
0.016510
0.017828
0.020030
0.023901
0.016500
0.023990
0.021525
0.020637
0.019464
0.020965
0.024173
0.019719
0.022708
0.028488
0.014895
0.023195
0.026148
0.022941
0.025641
0.018867
0.027803
0.025213
0.025494
0.027751
0.024233
0.018684
0.014568
0.018390
0.021842
0.018472
0.024847
0.018593
0.018676
0.018694
0.020674
0.021413
0.015960
0.023922
0.022409
0.016615
0.019896
0.019813
0.019128
0.019053
0.015577
0.025207
0.021644
0.018942
0.020979
0.021420
0.018865
0.017561
0.019229
0.017143
0.014660
0.012564
0.018673
0.016629
0.022750
0.018432
0.024134
0.016095
0.023348
0.019734
0.019538
0.016025
0.024617
0.015318
0.018835
0.022266
0.016635
0.020333
0.017793
0.019619
0.021477
0.016097
0.017092
0.023215
0.013892
0.024156
0.024377
0.016345
0.017697
0.025727
0.018145
0.018715
0.027454
0.028902
0.030549
0.031865
0.023548
0.021742
0.027071
0.016323
0.026818
0.022263
0.020461
0.017697
0.031080
0.023169
0.029528
0.017319
0.015885
0.017347
0.027860
0.018804
0.015466
0.020107
0.020262
0.023801
0.020533
0.019125
0.023777
0.022917
0.018950
0.019299
0.023627
0.021770
0.018245
0.020803
0.015708
0.021228
0.018946
0.019600
0.021114
0.017610
0.017281
0.026065
0.021515
0.025629
0.021786
0.018069
0.017682
0.020923
0.019940
0.018095
0.029281
0.026343
0.021843
0.022234
0.026870
0.031512
0.022280
0.021904
0.020998
0.016089
0.016702
0.017127
0.022723
0.020512
0.020709
0.020919
0.016976
0.014950
0.021352
0.015117
0.019341
0.019370
0.022312
0.019215
0.019436
0.019366
0.017116
0.019068
0.023663
0.021559
0.017753
0.024738
0.019983
0.024651
0.019382
0.022610
0.019950
0.019706
0.021024
0.023347
0.023591
0.017086
0.018097
0.027196
0.016384
0.026878
0.020408
0.019656
0.020181
0.027232
0.025201
0.020434
0.022321
0.018886
0.022045
0.020611
0.019797
0.022815
0.016424
0.022234
0.014957
0.017886
0.014241
0.019706
0.025606
0.030048
0.026431
0.022681
0.021011
0.019980
0.019286
0.022710
0.015233
0.015973
0.022374
0.026704
0.017881
0.021384
0.022781
0.016016
0.020002
0.023149
0.019345
0.030728
0.024526
0.022700
0.021052
0.019613
0.018460
0.020911
0.018004
0.015437
0.019337
0.015430
0.016255
0.021892
0.019612
0.016810
0.021715
0.021611
0.030092
0.025548
0.021514
0.017144
0.027823
0.024215
0.026356
0.030376
0.019008
0.022013
0.024078
0.031395
0.035333
0.026870
0.023813
0.026735
0.028685
0.027741
0.014983
0.032045
0.050644
0.024624
0.024074
0.018322
0.013637
0.017751
0.016022
0.021317
0.015340
0.016784
0.022785
0.018108
0.014725
0.013383
0.012868
0.014151
0.014148
0.013956
0.013415
0.015215
0.014169
0.017654
0.016134
0.015227
0.015486
0.015081
0.014068
0.015330
0.017417
0.013385
0.016414
0.016773
0.015844
0.012548
0.015824
0.014577
0.014828
0.014309
0.012480
0.016224
0.019729
0.012787
0.016944
0.017117
0.012675
0.016746
0.013299
0.013470
0.012419
0.012861
0.013075
0.012938
0.013401
0.012935
0.012686
0.012273
0.012966
0.012207
0.013477
0.014310
0.014786
0.012776
0.012973
0.013484
0.013046
0.012878
0.014234
0.012658
0.013075
0.013031
0.012943
0.013170
0.012845
0.013021
0.013850
0.012887
0.013283
0.015075
0.016385
0.013412
0.013154
0.015884
0.015587
0.017566
0.016044
0.016768
0.016724
0.015161
0.014666
0.014472
0.014605
0.014685
0.014521
0.017692
0.015262
0.018672
0.014810
0.016999
0.016560
0.019520
0.014957
0.013852
0.013793
0.018512
0.022849
0.025968
0.045069
0.031945
0.020120
0.023520
0.034910
0.028946
0.040807
0.039675
0.025893
0.015800
0.024453
0.018416
0.029361
0.020832
0.023554
0.019332
0.028860
0.028126
0.019188
0.018194
0.018249
0.026471
0.020151
0.027179
0.026015
0.020805
0.022370
0.020550
0.020594
0.020031
0.024736
0.019346
0.021583
0.029365
0.018033
0.024665
0.022192
0.017924
0.019610
0.022108
0.024432
0.027631
0.027058
0.018361
0.016950
0.020079
0.018048
0.021436
0.020005
0.037338
0.024813
0.024375
0.023319
0.028458
0.026327
0.025491
0.032929
0.017304
0.024066
0.019325
0.027978
0.022093
0.028258
0.023352
0.016292
0.015762
0.015434
0.024430
0.021220
0.026022
0.026997
0.017742
0.032745
0.027141
0.028169
0.025448
0.018047
0.023454
0.020661
0.025610
0.032358
0.026395
0.024332
0.020384
0.019061
0.019259
0.019228
