0.043354
0.127829
0.095252
0.079502
0.087775
0.086080
0.132791
0.114071
0.112960
0.110640
0.121917
0.110723
0.115050
0.115328
0.131624
0.126093
0.071639
0.094002
0.095877
0.131729
0.119267
0.111037
0.106139
0.085632
0.096241
0.086514
0.085309
0.086459
0.095457
0.081285
0.091105
0.105835
0.105275
0.082925
0.085535
0.102627
0.081843
0.081233
0.070106
0.055342
0.100861
0.076179
0.070857
0.098982
0.109681
0.083602
0.080437
0.088345
0.083039
0.089253
0.120102
0.124290
0.097221
0.115593
0.091910
0.113702
0.048481
0.131698
0.114050
0.055923
0.108377
0.075075
0.104232
0.139360
0.093205
0.084214
0.099099
0.094643
0.131437
0.100761
0.067131
0.086833
0.083456
0.096141
0.083456
0.074409
0.081530
0.086491
0.074685
0.078892
0.087255
0.090426
0.079590
0.087694
0.096822
0.109831
0.164795
0.063052
0.191795
0.155220
0.137999
0.134031
0.114883
0.153204
0.190040
0.163261
0.139153
0.127410
0.118846
0.050572
0.074517
0.104266
0.100227
0.118042
0.087260
0.086244
0.049675
0.082887
0.094683
0.064796
0.094274
0.112927
0.123692
0.082513
0.086215
0.098401
0.096274
0.111964
0.085788
0.077533
0.064740
0.060905
0.063553
0.084623
0.084556
0.083155
0.087904
0.067758
0.084570
0.087510
0.102643
0.097467
0.095122
0.083393
0.085295
0.068636
0.112176
0.092286
0.069795
0.090298
0.107905
0.082768
0.075395
0.089679
0.065924
0.071799
0.088859
0.041522
0.074806
0.088388
0.084858
0.093725
0.101028
0.121135
0.115721
0.099063
0.060776
0.057351
0.089505
0.124998
0.065179
0.082285
0.083091
0.096756
0.056158
0.052011
0.054281
0.059335
0.052536
0.066200
0.050934
0.044095
0.057223
0.049215
0.055939
0.043383
0.040116
0.084428
0.070841
0.070742
0.063871
0.047816
0.079128
0.058758
0.064035
0.066715
0.071253
0.037950
0.076806
0.075115
0.077586
0.104719
0.078900
0.083027
0.071860
0.072095
0.065904
0.048540
0.071050
0.073835
0.074817
0.067823
0.075133
0.062429
0.038650
0.128152
0.097420
0.103304
0.098489
0.094679
0.076096
0.082773
0.071566
0.085504
0.066634
0.080561
0.089377
0.093909
0.092688
0.077697
0.083784
0.030520
0.088015
0.084107
0.102673
0.084036
0.097305
0.122366
0.101866
0.055485
0.086906
0.074510
0.048026
0.049484
0.057821
0.055821
0.058251
0.065511
0.057584
0.086734
0.087843
0.134590
0.145185
0.079685
0.071864
0.047544
0.069397
0.057797
0.035129
0.062965
0.065323
0.081164
0.057914
0.060761
0.080166
0.075182
0.064215
0.063399
0.076807
0.066027
0.068221
0.060733
0.078325
0.049812
0.088737
0.060767
0.059991
0.056772
0.060332
0.044289
0.061751
0.065632
0.077194
0.081619
0.060152
0.081129
0.043086
0.086433
0.080432
0.073132
0.058586
0.090136
0.062732
0.054208
0.083939
0.089488
0.061524
0.093875
0.100036
0.093109
0.085278
0.103457
0.089938
0.092610
0.065426
0.070118
0.061585
0.095465
0.085438
0.099726
0.111997
0.054986
0.144050
0.063045
0.097116
0.080739
0.084176
0.086792
0.093653
0.084425
0.075011
0.066950
0.079942
0.082278
0.066670
0.068783
0.052462
0.042655
0.051155
0.054330
0.061397
0.051566
0.082807
0.069334
0.106533
0.117791
0.093524
0.088276
0.103250
0.106807
0.099872
0.105692
0.090378
0.073313
0.084284
0.069331
0.073934
0.084487
0.060289
0.069365
0.074380
0.082066
0.073756
0.078827
0.080228
0.077477
0.046757
0.068412
0.054048
0.075389
0.087648
0.053360
0.066888
0.051139
0.053693
0.075511
0.069271
0.069177
0.094067
0.059689
0.072620
0.060874
0.077574
0.070124
0.079452
0.072614
0.098033
0.096215
0.064251
0.073549
0.065236
0.054056
0.073761
0.078515
0.064243
0.052798
0.064065
0.080681
0.084229
0.085396
0.070151
0.080387
0.078789
0.062837
0.089866
0.085969
0.097414
0.129928
0.062788
0.100338
0.076616
0.072370
0.084908
0.073749
0.088284
0.100317
0.071991
0.076213
0.080025
0.047426
0.047341
0.076224
0.067045
0.074874
0.085095
0.077408
0.046917
0.063751
0.067486
0.096777
0.096459
0.037697
0.056389
0.069053
0.063298
0.048378
0.070417
0.047084
0.042842
0.034800
0.055690
0.059871
0.071211
0.073882
0.066727
0.063121
0.061786
0.065644
0.076079
0.077286
0.113759
0.086385
0.098880
0.097206
0.069967
0.073847
0.074781
0.073013
0.065645
0.050094
0.050817
0.108339
0.113697
0.079633
0.086200
0.108571
0.077735
0.074278
0.074495
0.072564
0.063980
0.081558
0.077351
0.069752
0.075713
0.086074
0.075293
0.077386
0.037019
0.072951
0.081458
0.100510
0.050669
0.132702
0.062746
0.096930
0.082023
0.071481
0.084409
0.095540
0.079461
0.084351
0.084018
0.067929
0.083882
0.086576
0.082296
0.069629
0.060709
0.064036
0.078488
0.090950
0.073564
0.071759
0.077387
0.062602
0.082011
0.036311
0.072359
0.053387
0.061780
0.063230
0.055863
0.030334
0.089544
0.057414
0.068018
0.047602
0.052842
0.089310
0.079908
0.087895
0.085578
0.071283
0.073156
0.088010
0.091561
0.099767
0.068408
0.059279
0.060644
0.134275
0.098210
0.074194
0.050513
0.104823
0.074575
0.110741
0.126224
0.124352
0.144097
0.089458
0.103904
0.107953
0.085464
0.093443
0.107102
0.096320
0.105511
0.075031
0.086950
0.046378
0.080698
0.074796
0.069313
0.076885
0.084925
0.071699
0.062212
0.093108
0.073196
0.074757
0.080236
0.095088
0.063193
0.058359
0.063238
0.063417
0.084459
0.041296
0.086664
0.081265
0.066380
0.071297
0.049709
0.067188
0.060345
0.043784
0.050927
0.042601
0.044334
0.057234
0.050149
0.044930
0.034891
0.042610
0.047343
0.051653
0.055206
0.047601
0.039779
0.046348
0.031152
0.034302
0.058131
0.060626
0.025172
0.059610
0.039459
0.054809
0.068869
0.058656
0.046312
0.067942
0.076312
0.068876
0.062118
0.058336
0.048544
0.052979
0.063448
0.063476
0.089493
0.065956
0.070635
0.070676
0.082702
0.071429
0.107583
0.094620
0.095350
0.092756
0.049252
0.067069
0.075197
0.067217
0.090825
0.103464
0.082834
0.064095
0.058940
0.061810
0.100436
0.055815
0.100754
0.079470
0.073748
0.071954
0.073872
0.068949
0.073159
0.076558
0.055298
0.099654
0.090828
0.084951
0.087025
0.084852
0.088124
0.110719
0.097975
0.073232
0.089328
0.074961
0.096255
0.102780
0.100173
0.095329
0.062727
0.072322
0.088389
0.099976
0.089150
0.088247
0.101419
0.094929
0.093620
0.103500
0.101392
0.088463
0.103062
0.104121
0.095795
0.096009
0.088909
0.080847
0.079711
0.077950
0.079437
0.072548
0.058876
0.083536
0.095596
0.082160
0.097857
0.077502
0.082299
0.038872
0.080186
0.063771
0.071409
0.059783
0.096451
0.087077
0.084164
0.096563
0.086557
0.082926
0.076170
0.075718
0.062473
0.059171
0.069488
0.075420
0.079280
0.104580
0.090621
0.079628
0.095046
0.098875
0.086599
0.075022
0.105709
0.090956
0.071855
0.050436
0.052279
0.063378
0.058849
0.075861
0.072255
0.108104
0.096381
0.089997
0.082253
0.068962
0.056872
0.064464
0.083304
0.094415
0.076727
0.078921
0.089707
0.081898
0.040971
0.052708
0.101614
0.068210
0.071252
0.068316
0.050226
0.047120
0.061580
0.069830
0.043186
0.049730
0.054079
0.045562
0.032981
0.034589
0.050428
0.036682
0.077655
0.067300
0.057601
0.051584
0.066752
0.058998
0.064587
0.082590
0.040775
0.062730
0.073418
0.073840
0.067923
0.031398
0.102489
0.046959
0.057008
0.070046
0.060188
0.051576
0.048662
0.048584
0.057989
0.060080
0.066400
0.041661
0.068554
0.038291
0.073637
0.050700
0.044001
0.068814
0.079365
0.080659
0.065590
0.088539
0.059903
0.069001
0.071481
0.050971
0.047725
0.084330
0.064544
0.068222
0.081737
0.096276
0.090736
0.071185
0.115423
0.089647
0.086729
0.102618
0.091027
0.097033
0.089313
0.080752
0.078437
0.082471
0.087982
0.094882
0.083319
0.110766
0.092587
0.076220
0.087543
0.083796
0.074373
0.072365
0.071816
0.073366
0.085863
0.076180
0.096989
0.095055
0.106269
0.053518
0.083098
0.096859
0.092230
0.055022
0.077053
0.085529
0.095618
0.088337
0.045887
0.075301
0.085152
0.098199
0.084724
0.077378
0.074781
0.076515
0.090100
0.103851
0.070079
0.044137
0.068443
0.072531
0.070976
0.076459
0.062668
0.087703
0.060963
0.076489
0.076630
0.064734
0.072573
0.077677
0.076388
0.078970
0.096248
0.084678
0.101885
0.074600
0.084326
0.086760
0.054710
0.087226
0.072907
0.071109
0.064804
0.077597
0.066541
0.078177
0.093309
0.086596
0.087552
0.070264
0.053091
0.072913
0.076050
0.066427
0.112616
0.078231
0.087265
0.103900
0.118306
0.072276
0.105569
0.123227
0.089684
0.091466
0.087273
0.053273
0.043783
0.052353
0.047886
0.063512
0.051258
0.061924
0.069597
0.059222
0.078502
0.053000
0.046422
0.056685
0.056342
0.070718
0.063092
0.060282
0.060785
0.065138
0.068209
0.060877
0.076118
0.057656
0.064981
0.070393
0.098121
0.039473
0.088795
0.091176
0.088841
0.087869
0.104184
0.103717
0.098271
0.113516
0.094379
0.091285
0.076385
0.077628
0.095625
0.095956
0.094193
0.100115
0.087021
0.051205
0.138780
0.110208
0.115961
0.097406
0.082961
0.083710
0.127272
0.103640
0.070276
0.100519
0.101727
0.093096
0.087229
0.078598
0.086322
0.095063
0.088153
0.088213
0.110799
0.108460
0.099885
0.091021
0.103914
0.115081
0.063238
0.152054
0.116684
0.124930
0.084620
0.134557
0.167406
0.087957
0.067020
0.067143
0.093339
0.084691
0.084551
0.042783
0.111175
0.097377
0.093429
0.089837
0.068733
0.063470
0.076449
0.088547
0.131799
0.079345
0.082126
0.064230
0.087861
0.095047
0.097448
0.105387
0.057787
0.094593
0.068763
0.080339
0.053120
0.074957
0.081720
0.079195
0.071519
0.086089
0.075388
0.061687
0.075076
0.111251
0.073968
0.035783
0.086311
0.072229
0.083854
0.076254
0.065345
0.054853
0.069678
0.065126
0.120204
0.114925
0.109987
0.089591
0.099996
0.092607
0.078051
0.103547
0.107150
0.052648
0.090262
0.061625
0.072173
0.081831
0.069394
0.116491
0.081818
0.073115
0.039549
0.089942
0.086343
0.108787
0.092204
0.060331
0.059080
0.047144
0.051853
0.085660
0.061133
0.081509
0.077689
0.082251
0.077016
0.072933
0.064283
0.058195
0.039485
0.050107
0.058614
0.058948
0.040747
0.050111
0.069098
0.054971
0.052543
0.073312
0.060382
0.058102
0.091089
0.059577
0.063009
0.033982
0.045783
0.050081
0.045930
0.057621
0.072582
0.061762
0.070528
0.054525
0.072215
0.075181
0.077459
0.083798
0.099375
0.094289
0.110368
0.063320
0.081724
0.068391
0.082665
0.107547
0.073414
0.061607
0.073697
0.063169
0.062950
0.050470
0.044869
0.049048
0.050233
0.057013
0.056776
0.066898
0.066133
0.043693
0.077356
0.066785
0.079909
0.093593
0.062163
0.056233
0.084380
0.098076
0.075042
0.085671
0.074546
0.096153
0.042418
0.069460
0.061648
0.102067
0.071172
0.092504
0.084745
0.081177
0.064765
0.072358
0.059197
0.080452
0.081981
0.068397
0.051439
0.070740
0.061384
0.076445
0.092059
0.072417
0.067307
0.041416
0.082470
0.065427
0.055253
0.065915
0.082546
0.075735
0.090433
0.046182
0.060491
0.099582
0.070649
0.075687
0.066393
0.057986
0.081122
0.071774
0.133721
0.077827
0.107273
0.055526
0.080302
0.102498
0.073238
0.077869
0.080075
0.076126
0.050728
0.047875
0.057591
0.063473
0.044213
0.063133
0.063180
0.070773
0.069890
0.040791
0.050330
0.059483
0.077310
0.071801
0.104893
0.080409
0.085840
0.075870
0.105242
0.072657
0.036708
0.050028
0.095658
0.072609
0.085005
0.069898
0.085928
0.061236
0.050786
0.042140
0.054115
0.064370
0.056812
0.066869
0.072368
0.062762
0.057646
0.057183
0.061795
0.072882
0.065055
0.076804
0.067910
0.082422
0.070084
0.043837
0.071409
0.051618
0.083442
0.070447
0.063822
0.079612
0.031853
0.036506
0.058893
0.053680
0.045569
0.046043
0.044545
0.032961
0.042362
0.040145
0.044294
0.051514
0.054534
0.058808
0.047221
0.045338
0.074288
0.051750
0.038555
0.058638
0.060816
0.061179
0.063960
0.050636
0.046076
0.038512
0.043560
0.050752
0.075346
0.041952
0.061141
0.045117
0.063408
0.050115
0.050256
0.055793
0.059455
0.046288
0.073888
0.070406
0.043333
0.044245
0.051476
0.059836
0.044292
0.058698
0.056492
0.065532
0.053754
0.046745
0.048120
0.063061
0.064166
0.072729
0.066906
0.062070
0.058661
0.050661
0.057528
0.078034
0.078290
0.084196
0.091307
0.055352
0.052675
0.040125
0.071482
0.066891
0.068496
0.063063
0.037731
0.077728
0.038937
0.059332
0.094460
0.069150
0.061785
0.068601
0.068475
0.077035
0.070733
0.079392
0.086737
0.073447
0.089251
0.134831
0.130163
0.070473
0.067135
0.108814
0.105636
0.066701
0.082633
0.098416
0.090644
0.090244
0.084237
0.100066
0.098670
0.094267
0.090872
0.111165
0.081011
0.109768
0.068000
0.058096
0.060330
0.084935
0.062761
0.089092
0.095398
0.120278
0.126877
0.106923
0.045287
0.079549
0.059495
0.060452
0.060443
0.066870
0.068065
0.077563
0.084555
0.078948
0.079156
0.089143
0.082438
0.070987
0.082326
0.081699
0.080132
0.088491
0.041413
0.074859
0.062350
0.099933
0.068568
0.083879
0.094450
0.072660
0.092774
0.121282
0.052652
0.123973
0.088601
0.096035
0.123525
0.127972
0.113221
0.090435
0.098169
0.099090
0.091625
0.109189
0.068161
0.071046
0.058959
0.057950
0.073225
0.063578
0.058292
0.035467
0.083975
0.056150
0.073932
0.075130
0.054819
0.072819
0.070444
0.063292
0.060369
0.067302
0.065511
0.095698
0.043968
0.077589
0.079450
0.081267
0.076459
0.080557
0.076894
0.102059
0.098631
0.071666
0.103795
0.104783
0.111015
0.130373
0.119513
0.160646
0.105104
0.138341
0.096964
0.106524
0.093994
0.094446
0.058055
0.102794
0.075840
0.087674
0.100214
0.118111
0.111151
0.102947
0.077243
0.108280
0.112085
0.087227
0.098208
0.087942
0.083123
0.118630
0.115344
0.100528
0.091239
0.084905
0.078540
0.089493
0.096672
0.128195
0.090571
0.088454
0.105207
0.152797
0.120723
0.100580
0.068337
0.093830
0.093623
0.096018
0.090115
0.084049
0.080653
0.076977
0.087180
0.083536
0.061844
0.079448
0.060704
0.065295
0.067402
0.057707
0.089367
0.109225
0.051086
0.061244
0.072683
0.102181
0.110918
0.046355
0.074783
0.085467
0.057279
0.088699
0.083840
0.079092
0.133336
0.100360
0.089834
0.098554
0.122180
0.097372
0.139794
0.080778
0.099082
0.097639
0.106474
0.097080
0.078258
0.093761
0.088452
0.046458
0.079600
0.087018
0.067741
0.070288
0.093947
0.102614
0.085249
0.106355
0.111081
0.076377
0.105695
0.061940
0.065405
0.057734
0.083759
0.077461
0.094994
0.094968
0.055065
0.057884
0.062732
0.062560
0.045257
0.045363
0.075581
0.066133
0.078989
0.067539
0.071382
0.053129
0.057453
0.052538
0.055446
0.053087
0.061450
0.069042
0.046690
0.048409
0.039175
0.034260
0.044946
0.040093
0.041119
0.045377
0.075830
0.079280
0.075667
0.057249
0.066195
0.060797
0.066485
0.060821
0.058527
0.058484
0.076901
0.076360
0.050638
0.069654
0.078728
0.103549
0.087395
0.045146
0.102342
0.039555
0.097293
0.069451
0.102582
0.074256
0.042298
0.067842
0.073817
0.075551
0.078981
0.050967
0.054908
0.090945
0.069391
0.078203
0.087908
0.102674
0.088705
0.071316
0.044132
0.062864
0.078417
0.075922
0.064568
0.060575
0.100550
0.052081
0.067671
0.080728
0.076153
0.077567
0.077921
0.075167
0.079609
0.078309
0.064190
0.075667
0.037362
0.048930
0.074043
0.099531
0.073286
0.080147
0.060029
0.070100
0.073687
0.052028
0.091234
0.071310
0.057061
0.073872
0.065051
0.055711
0.077603
0.084591
0.076383
0.057563
0.065445
0.074464
0.070154
0.035399
0.072845
0.062631
0.068388
0.075117
0.058631
0.067541
0.047004
0.052304
0.034594
0.050706
0.054735
0.041069
0.081132
0.063189
0.044470
0.063857
0.038427
0.053513
0.054513
0.056894
0.047856
0.050847
0.062054
0.064804
0.054650
0.042742
0.038718
0.052334
0.060788
0.066517
0.042123
0.037544
0.039797
0.032677
0.039167
0.022346
0.038829
0.027311
0.031986
0.031253
0.035743
0.036240
0.033733
0.032661
0.027524
0.033555
0.036912
0.025946
0.028303
0.028862
0.024258
0.020097
0.027292
0.029682
0.030771
0.032913
0.026160
0.040980
0.035756
0.023937
0.039285
0.026534
0.058985
0.047526
0.046025
0.057161
0.036373
0.051306
0.059098
0.039526
0.051585
0.040789
0.038309
0.043478
0.062750
0.077447
0.026215
0.048177
0.061098
0.058242
0.065473
0.061585
0.054312
0.099393
0.081287
0.065076
0.034433
0.039705
0.034372
0.027479
0.081188
0.056994
0.050009
0.069599
0.064531
0.068430
0.051281
0.036236
0.042835
0.039046
0.041980
0.068244
0.059312
0.052293
0.058427
0.068957
0.046558
0.063739
0.080500
0.063884
0.064057
0.054085
0.059478
0.063003
0.050132
0.036881
0.064753
0.070637
0.053886
0.084927
0.086007
0.085374
0.070477
0.034119
0.067785
0.103343
0.076407
0.082159
0.063589
0.092094
0.045028
0.083329
0.077212
0.107504
0.092083
0.071802
0.091641
0.077585
0.076365
0.064689
0.091444
0.064935
0.058139
0.096651
0.079081
0.081870
0.095722
0.094586
0.073249
0.068447
0.039783
0.072557
0.063830
0.091378
0.092562
0.091091
0.078139
0.095305
0.045012
0.067014
0.067719
0.074740
0.094839
0.087848
0.084685
0.071588
0.090237
0.085191
0.083497
0.077492
0.052502
0.083265
0.079780
0.045028
0.071864
0.039409
0.049167
0.062197
0.039718
0.034528
0.043048
0.054373
0.043133
0.038679
0.055272
0.054169
0.030977
0.022043
0.058904
0.057165
0.046367
0.041968
0.049902
0.052997
0.066916
0.067034
0.054853
0.060447
0.059778
0.067714
0.070199
0.044506
0.065137
0.070813
0.037221
0.071075
0.030789
0.060698
0.054404
0.050295
0.052822
0.056425
0.053224
0.038260
0.051071
0.055600
0.044442
0.063496
0.044582
0.052460
0.051234
0.039832
0.054044
0.031516
0.039684
0.032084
0.049803
0.038085
0.047555
0.044553
0.056834
0.057494
0.050042
0.036929
0.041573
0.039056
0.040419
0.039490
0.029727
0.017218
0.036576
0.031560
0.029407
0.020305
0.035503
0.031743
0.025899
0.025405
0.046915
0.056288
0.055405
0.040384
0.035686
0.032541
0.038492
0.049951
0.063863
0.031740
0.019622
0.044222
0.038393
0.040627
0.017957
0.023363
0.034170
0.042077
0.033701
0.030523
0.043617
0.032756
0.035774
0.029767
0.037063
0.029760
0.032294
0.031156
0.025464
0.033654
0.022171
0.037835
0.039192
0.031298
0.044624
0.034412
0.040722
0.032601
0.025083
0.034123
0.033446
0.033334
0.048285
0.033794
0.031324
0.049183
0.043375
0.038870
0.030041
0.054519
0.046014
0.049279
0.042236
0.048012
0.039649
0.047621
0.041072
0.041533
0.044540
0.051843
0.075726
0.066024
0.053223
0.045997
0.042930
0.047640
0.055019
0.047982
0.052142
0.043802
0.043370
0.069576
0.060642
0.063410
0.055187
0.055126
0.046198
0.037395
0.045305
0.056232
0.050822
0.059457
0.039883
0.032012
0.056569
0.059102
0.042634
0.031694
0.045557
0.041062
0.054190
0.055625
0.063685
0.051642
0.056683
0.056784
0.059761
0.059815
0.047468
0.058674
0.061411
0.058385
0.049668
0.053758
0.054030
0.052932
0.062502
0.054043
0.057805
0.068743
0.077912
0.048185
0.054946
0.045693
0.036695
0.053025
0.042794
0.067155
0.086139
0.069310
0.059640
0.052110
0.065264
0.074652
0.094848
0.080328
0.089742
0.080032
0.083726
0.070621
0.063768
0.063725
0.080052
0.073760
0.071496
0.039637
0.076333
0.088194
0.078591
0.067608
0.070053
0.063489
0.077902
0.060249
0.069855
0.088292
0.034369
0.084058
0.078888
0.083073
0.045796
0.046421
0.035586
0.057252
0.059432
0.050100
0.048489
0.053728
0.053715
0.057196
0.060871
0.073317
0.062769
0.066204
0.051162
0.062669
0.052133
0.036914
0.056686
0.050642
0.042513
0.057658
0.059323
0.050142
0.038694
0.049109
0.061046
0.049371
0.049529
0.053009
0.046308
0.017466
0.034428
0.037373
0.038240
0.047093
0.032942
0.032970
0.037640
0.034957
0.033602
0.038710
0.030733
0.031864
0.032070
0.023026
0.034034
0.032854
0.040069
0.032873
0.037696
0.030779
0.029320
0.035327
0.030172
0.036636
0.018542
0.025726
0.031376
0.037710
0.042004
0.025045
0.019480
0.049700
0.046520
0.036027
0.043522
0.032359
0.037017
0.045156
0.041981
0.050870
0.038509
0.042737
0.026825
0.028386
0.041196
0.043489
0.040069
0.055344
0.049311
0.064292
0.064543
0.036369
0.052641
0.047239
0.049291
0.057824
0.067785
0.062003
0.062174
0.063137
0.046164
0.039865
0.041414
0.043708
0.046329
0.051852
0.043508
0.042407
0.048766
0.035734
0.060211
0.042941
0.062313
0.076052
0.063995
0.064804
0.054978
0.056450
0.053334
0.057516
0.048595
0.048051
0.069906
0.079639
0.044830
0.046206
0.050429
0.044023
0.045525
0.031797
0.041864
0.056917
0.063073
0.047488
0.062191
0.064518
0.058038
0.050444
0.036335
0.046566
0.062969
0.059863
0.056566
0.055571
0.046994
0.047969
0.059191
0.068025
0.048415
0.033772
0.038848
0.057942
0.052589
0.058319
0.061654
0.058815
0.050769
0.048135
0.026226
0.019589
0.028882
0.025617
0.021465
0.030216
0.028209
0.033085
0.027942
0.030607
0.029256
0.018585
0.036887
0.034327
0.024256
0.029406
0.027939
0.040837
0.025321
0.036358
0.025481
0.034013
0.028389
0.034670
0.025330
0.037457
0.042187
0.045645
0.032344
0.058017
0.047117
0.050898
0.037211
0.044305
0.067848
0.059545
0.035770
0.036318
0.043225
0.033878
0.046780
0.041511
0.041359
0.045833
0.042536
0.042835
0.035440
0.037462
0.046933
0.046552
0.060852
0.029929
0.043682
0.038225
0.041084
0.025562
0.036899
0.040187
0.040231
0.044478
0.041544
0.031241
0.036408
0.032293
0.039999
0.025755
0.033667
0.030234
0.044406
0.037495
0.040356
0.042591
0.036946
0.044539
0.044259
0.026002
0.048313
0.028143
0.043219
0.054903
0.045294
0.047962
0.043478
0.048591
0.045678
0.046715
0.038059
0.041652
0.033504
0.029001
0.032344
0.030653
0.038199
0.040496
0.029559
0.036906
0.048510
0.057465
0.045994
0.043776
0.037329
0.037564
0.028278
0.045852
0.053893
0.041588
0.046887
0.033488
0.034154
0.042076
0.031464
0.033248
0.031705
0.040777
0.032491
0.028147
0.028459
0.029982
0.032939
0.039182
0.051624
0.037021
0.045616
0.036616
0.033783
0.032795
0.025845
0.037148
0.029809
0.032138
0.036456
0.028627
0.031245
0.031627
0.030510
0.029951
0.041948
0.046463
0.049102
0.045594
0.035758
0.043301
0.026332
0.026125
0.029187
0.035474
0.031349
0.034471
0.025113
0.027725
0.024868
0.035577
0.033312
0.031676
0.031701
0.025557
0.033002
0.031441
0.024617
0.042475
0.033220
0.026687
0.064753
0.034147
0.041672
0.036823
0.038808
0.059005
0.047360
0.036335
0.042458
0.070643
0.042118
0.040491
0.033999
0.034818
0.042381
0.049542
0.069980
0.045515
0.033549
0.038391
0.050109
0.057534
0.066011
0.063943
0.084642
0.047011
0.069931
0.074501
0.069925
0.058324
0.061683
0.074175
0.039907
0.032862
0.053997
0.054096
0.054259
0.052718
0.063122
0.053172
0.045241
0.053479
0.062093
0.056729
0.061203
0.040624
0.045318
0.069255
0.074641
0.051626
0.035554
0.052675
0.051423
0.054990
0.044159
0.033363
0.059494
0.078010
0.060276
0.062190
0.061674
0.058912
0.043451
0.100447
0.113523
0.097540
0.054481
0.040044
0.062821
0.066150
0.066660
0.055822
0.061500
0.064185
0.057708
0.063755
0.042577
0.054469
0.062159
0.069826
0.064874
0.053367
0.057731
0.067756
0.040251
0.047661
0.050206
0.062889
0.057626
0.066363
0.070535
0.051548
0.055415
0.059060
0.074172
0.074529
0.083394
0.056488
0.048513
0.051988
0.054650
0.037930
0.081689
0.059812
0.061943
0.048537
0.047787
0.053323
0.061541
0.068539
0.025990
0.067360
0.067631
0.054483
0.067634
0.049114
0.078419
0.046567
0.041634
0.050618
0.062816
0.087446
0.055146
0.050234
0.044995
0.078975
0.061073
0.055146
0.049831
0.063135
0.093646
0.056535
0.032643
0.061935
0.038968
0.071711
0.039942
0.065274
0.057789
0.055933
0.057858
0.056717
0.041242
0.048962
0.080478
0.069954
0.049697
0.057815
0.072163
0.048257
0.070592
0.085111
0.034641
0.031950
0.060381
0.050046
0.056329
0.083115
0.092242
0.059672
0.053940
0.037728
0.058400
0.038121
0.050898
0.049345
0.030037
0.044571
0.045487
0.058751
0.072694
0.034737
0.047565
0.063047
0.076055
0.057665
0.055396
0.076221
0.072053
0.029954
0.066081
0.056090
0.060325
0.066896
0.039411
0.038924
0.048212
0.080611
0.061809
0.038947
0.030159
0.061831
0.048620
0.056514
0.054638
0.055381
0.023999
0.034792
0.034045
0.049194
0.037500
0.046103
0.048995
0.049000
0.061108
0.057881
0.055910
0.062648
0.069903
0.058611
0.042508
0.053985
0.039891
0.088356
0.086089
0.075546
0.064491
0.057208
0.061405
0.054497
0.066881
0.078440
0.060510
0.044272
0.069122
0.048350
0.039174
0.055604
0.043123
0.045214
0.059021
0.061977
0.064159
0.063862
0.075339
0.086164
0.071804
0.071265
0.040846
0.065376
0.060446
0.049615
0.042381
0.078842
0.040639
0.055669
0.059728
0.041232
0.055380
0.051914
0.075418
0.046884
0.071129
0.081133
0.052986
0.058034
0.068457
0.036463
0.062735
0.059319
0.060603
0.040982
0.050605
0.076867
0.048654
0.076227
0.056136
0.063335
0.033840
0.062607
0.044038
0.030636
0.072094
0.050026
0.066721
0.064769
0.052651
0.071198
0.066043
0.056155
0.051184
0.049069
0.061320
0.058628
0.077130
0.069865
0.066607
0.066201
0.062896
0.067902
0.066404
0.042401
0.061015
0.060130
0.037794
0.087537
0.038595
0.057647
0.061870
0.074955
0.053135
0.066061
0.066953
0.063986
0.053887
0.057539
0.097351
0.109883
0.061942
0.057014
0.067708
0.076883
0.069975
0.070559
0.093385
0.037936
0.132124
0.091609
0.070270
0.064733
0.063120
0.063670
0.062350
0.057817
0.039975
0.101150
0.051989
0.085038
0.085886
0.076422
0.036657
0.066615
0.071166
0.067599
0.059931
0.067382
0.090147
0.067761
0.068266
0.056342
0.044454
0.053454
0.065738
0.042085
0.054237
0.059513
0.040022
0.059262
0.059016
0.068050
0.030554
0.050169
0.050328
0.028078
0.050929
0.030887
0.051111
0.060558
0.035467
0.037478
0.042334
0.052476
0.060807
0.074308
0.067633
0.067304
0.059198
0.057389
0.042388
0.074414
0.065559
0.032018
0.038509
0.051429
0.049065
0.047317
0.052287
0.040130
0.049314
0.049232
0.043530
0.059949
0.046398
0.061907
0.078408
0.064553
0.041643
0.040519
0.042167
0.062242
0.068624
0.070397
0.079640
0.078783
0.075151
0.051874
0.069375
0.059803
0.059955
0.074590
0.059742
0.047438
0.059952
0.041912
0.070375
0.059052
0.047355
0.058757
0.055538
0.043651
0.041433
0.034730
0.050595
0.060656
0.071240
0.028651
0.049282
0.041120
0.054560
0.031778
0.027291
0.048387
0.053889
0.054883
0.044205
0.054637
0.057169
0.073236
0.066729
0.084983
0.066257
0.075013
0.055450
0.060096
0.057033
0.039638
0.028373
0.054042
0.037317
0.030372
0.060544
0.045254
0.041314
0.062966
0.063920
0.032525
0.045068
0.055184
0.038790
0.035108
0.025642
0.051233
0.053753
0.065982
0.081871
0.053225
0.057647
0.046365
0.046145
0.054168
0.034478
0.037225
0.037456
0.028796
0.057005
0.055095
0.034096
0.054348
0.044814
0.049064
0.036745
0.053165
0.063444
0.062097
0.061042
0.079105
0.050110
0.038665
0.060452
0.062140
0.057883
0.065043
0.065038
0.062637
0.060583
0.074014
