0.022150
0.058252
0.048063
0.051723
0.042548
0.034492
0.044652
0.036758
0.050680
0.046778
0.036757
0.042290
0.042542
0.036412
0.041120
0.049656
0.061392
0.051652
0.069761
0.050109
0.067144
0.060037
0.048458
0.054021
0.047631
0.041056
0.042095
0.043965
0.027172
0.044786
0.048553
0.036126
0.038134
0.049683
0.043354
0.042511
0.046481
0.064426
0.053197
0.051602
0.060056
0.058363
0.033494
0.024789
0.085484
0.053712
0.071299
0.046271
0.053810
0.052976
0.055899
0.051096
0.052612
0.073107
0.058107
0.049376
0.025613
0.045033
0.049783
0.050698
0.032640
0.051536
0.072229
0.062084
0.066086
0.071044
0.045831
0.063438
0.062138
0.047130
0.050431
0.043404
0.037933
0.086729
0.050912
0.041816
0.039070
0.054326
0.061439
0.059062
0.036984
0.056691
0.060773
0.053698
0.052876
0.050697
0.048412
0.044910
0.051316
0.052561
0.049081
0.047260
0.048057
0.056159
0.052186
0.044077
0.027997
0.034763
0.042490
0.045998
0.034721
0.037297
0.040796
0.046313
0.051006
0.031627
0.045000
0.024129
0.033146
0.041836
0.049744
0.049351
0.043502
0.042307
0.043383
0.050729
0.029252
0.083500
0.051862
0.053868
0.051549
0.055348
0.075604
0.060326
0.064742
0.057339
0.054391
0.043781
0.045090
0.047901
0.043464
0.060762
0.071834
0.044286
0.030402
0.044353
0.056878
0.047180
0.048501
0.045695
0.042148
0.034154
0.025254
0.049153
0.052011
0.051602
0.034341
0.053828
0.042758
0.049757
0.037709
0.042489
0.051339
0.052582
0.020552
0.062705
0.050402
0.052713
0.028764
0.042416
0.041016
0.033379
0.043216
0.028340
0.032961
0.038345
0.044365
0.051752
0.033758
0.024985
0.027266
0.033005
0.025339
0.033085
0.029271
0.024276
0.025626
0.044484
0.027910
0.035556
0.033606
0.030271
0.035719
0.021138
0.026403
0.036414
0.040004
0.032237
0.022684
0.025451
0.030067
0.036592
0.039993
0.031479
0.034246
0.025754
0.037816
0.042629
0.042770
0.035111
0.021415
0.027686
0.029461
0.036597
0.035815
0.038266
0.027819
0.041844
0.043437
0.017895
0.029916
0.032410
0.021239
0.028241
0.038126
0.036695
0.028135
0.030874
0.035547
0.028133
0.019295
0.035027
0.022167
0.025393
0.022768
0.028473
0.027411
0.025082
0.028212
0.028483
0.026076
0.022071
0.038044
0.030908
0.032810
0.026537
0.016046
0.030441
0.021897
0.028914
0.018570
0.041012
0.031342
0.041068
0.029643
0.028614
0.038927
0.024878
0.039230
0.027076
0.035336
0.027521
0.044647
0.033511
0.036858
0.024765
0.028175
0.022027
0.024667
0.032909
0.029336
0.032547
0.028660
0.024369
0.022515
0.019528
0.022909
0.021206
0.029523
0.024372
0.020037
0.019657
0.027209
0.024135
0.032122
0.021534
0.037552
0.026276
0.025610
0.026306
0.031050
0.038448
0.017137
0.034441
0.033894
0.045236
0.030022
0.030918
0.025591
0.019562
0.028641
0.027615
0.028572
0.027138
0.026371
0.033723
0.024366
0.046745
0.030618
0.024494
0.021158
0.022377
0.035041
0.032543
0.026631
0.035199
0.028565
0.033385
0.034917
0.034398
0.030873
0.042006
0.024179
0.039759
0.038493
0.027374
0.024922
0.021096
0.029591
0.037202
0.041396
0.022186
0.035200
0.036910
0.021755
0.026913
0.026897
0.017309
0.025072
0.035730
0.024433
0.022857
0.032524
0.024665
0.026980
0.025416
0.021122
0.029995
0.027004
0.041881
0.033431
0.029706
0.022552
0.023973
0.027357
0.029032
0.031905
0.028586
0.032558
0.026502
0.017653
0.028385
0.023097
0.023674
0.026687
0.030476
0.041305
0.027955
0.025676
0.026236
0.020939
0.026905
0.029830
0.025461
0.019392
0.015095
0.025407
0.027102
0.028710
0.034902
0.023312
0.013837
0.023152
0.023796
0.028187
0.040946
0.022439
0.025167
0.028614
0.025890
0.041131
0.027579
0.039588
0.038508
0.031308
0.022101
0.035241
0.019578
0.035613
0.024340
0.019336
0.023922
0.023715
0.025773
0.016191
0.018173
0.037810
0.025416
0.023179
0.034078
0.026613
0.031561
0.038963
0.028644
0.028264
0.029492
0.033671
0.033192
0.024202
0.030018
0.033668
0.024522
0.047308
0.044886
0.048242
0.025928
0.028894
0.025690
0.022164
0.034976
0.026143
0.025660
0.031735
0.025892
0.024552
0.020178
0.044927
0.030852
0.029501
0.031973
0.032850
0.029587
0.034610
0.022541
0.045978
0.027993
0.048072
0.034949
0.036669
0.026034
0.033552
0.036943
0.041068
0.056640
0.037414
0.031457
0.027257
0.030869
0.035998
0.036590
0.035708
0.026203
0.028882
0.025059
0.032712
0.024019
0.025473
0.022894
0.026393
0.016324
0.045169
0.033170
0.028806
0.026339
0.038151
0.030572
0.022419
0.015939
0.049746
0.053413
0.044319
0.030241
0.024708
0.024634
0.022017
0.027663
0.025568
0.026397
0.034322
0.025629
0.029533
0.026025
0.035533
0.023781
0.022813
0.020667
0.019169
0.020590
0.021476
0.016999
0.027647
0.032105
0.026841
0.031462
0.024419
0.031106
0.019220
0.022834
0.030902
0.034116
0.030567
0.028141
0.024205
0.025197
0.028099
0.029557
0.034030
0.039184
0.031816
0.026041
0.029385
0.023304
0.039393
0.026568
0.030917
0.030901
0.032022
0.018991
0.037789
0.049345
0.049398
0.020872
0.051603
0.036748
0.050387
0.021014
0.038373
0.040818
0.051780
0.026577
0.036807
0.038909
0.042140
0.043086
0.037417
0.036522
0.047326
0.027269
0.042935
0.051495
0.021978
0.022356
0.035821
0.038471
0.036209
0.037533
0.026942
0.029979
0.028179
0.047888
0.028605
0.041816
0.025172
0.029677
0.036454
0.036897
0.039064
0.038455
0.055502
0.039403
0.050561
0.030044
0.026649
0.026913
0.027462
0.051641
0.034171
0.035087
0.045297
0.045170
0.032941
0.024763
0.042102
0.023881
0.026112
0.025018
0.024823
0.030807
0.027037
0.027061
0.027250
0.027666
0.017998
0.026695
0.020856
0.030130
0.026568
0.031937
0.025994
0.029413
0.025739
0.022754
0.020855
0.022985
0.021028
0.020927
0.021556
0.018596
0.015687
0.025704
0.028407
0.019557
0.017603
0.020655
0.029166
0.033821
0.013972
0.030733
0.020530
0.023567
0.018198
0.023620
0.023184
0.017770
0.018783
0.016799
0.019573
0.028797
0.021320
0.018858
0.025283
0.024475
0.026677
0.023918
0.023404
0.025690
0.019882
0.030948
0.027744
0.035380
0.033521
0.031092
0.021455
0.022213
0.015903
0.019953
0.019516
0.021447
0.024532
0.016471
0.026224
0.026869
0.021318
0.024153
0.023324
0.020495
0.016595
0.029026
0.019120
0.024356
0.024199
0.021869
0.016930
0.017155
0.015198
0.021615
0.014596
0.015857
0.021852
0.024755
0.020898
0.015933
0.021321
0.026951
0.018945
0.023354
0.021964
0.023090
0.017584
0.028559
0.023900
0.021786
0.019514
0.023321
0.027392
0.020156
0.016540
0.020650
0.017740
0.019034
0.024887
0.019798
0.015337
0.022036
0.015707
0.017574
0.019663
0.019369
0.025681
0.015335
0.023417
0.022163
0.015819
0.021093
0.020033
0.022193
0.022935
0.025572
0.026380
0.021055
0.017567
0.022840
0.030393
0.022638
0.021987
0.031467
0.024548
0.023317
0.027997
0.029168
0.024625
0.022513
0.017764
0.017233
0.020901
0.016508
0.015389
0.018705
0.017231
0.025945
0.014376
0.019567
0.035074
0.023530
0.023720
0.034402
0.016078
0.030566
0.024510
0.019973
0.028815
0.025583
0.021824
0.022843
0.024822
0.028064
0.017453
0.019542
0.015458
0.024565
0.016794
0.019380
0.017265
0.015476
0.017380
0.022244
0.015015
0.017713
0.015678
0.017238
0.023099
0.023561
0.022546
0.020974
0.020579
0.022325
0.021692
0.018487
0.026991
0.019242
0.016583
0.029307
0.031036
0.026613
0.030698
0.036523
0.029858
0.029064
0.024521
0.019315
0.023726
0.024676
0.019455
0.020679
0.024380
0.028916
0.033972
0.019861
0.020328
0.020618
0.015836
0.025365
0.022871
0.017690
0.023088
0.023272
0.017686
0.019984
0.017248
0.022912
0.022243
0.015558
0.023647
0.023682
0.021243
0.027573
0.022930
0.016659
0.022563
0.023596
0.028282
0.020970
0.021777
0.015795
0.024182
0.017840
0.027905
0.019046
0.033496
0.015601
0.018078
0.025198
0.019508
0.017150
0.022075
0.018117
0.021315
0.018032
0.026905
0.018166
0.029822
0.016781
0.027517
0.027412
0.021312
0.016070
0.019226
0.026471
0.019135
0.021264
0.021359
0.024129
0.023325
0.021938
0.028076
0.022920
0.022554
0.029673
0.015587
0.025309
0.023685
0.026068
0.025761
0.023968
0.024233
0.020732
0.027114
0.020598
0.020013
0.020845
0.026901
0.016175
0.018056
0.021459
0.020105
0.027106
0.027772
0.018729
0.017951
0.018198
0.020212
0.015192
0.020145
0.020135
0.014300
0.018188
0.017632
0.027107
0.022470
0.017021
0.025837
0.017438
0.016320
0.030633
0.021819
0.029545
0.030005
0.020022
0.016366
0.021950
0.020775
0.020208
0.018616
0.013588
0.017808
0.026635
0.018686
0.020219
0.027251
0.024545
0.022743
0.025189
0.016043
0.020139
0.023860
0.027682
0.038278
0.030190
0.021343
0.037867
0.028656
0.021190
0.039458
0.034038
0.038176
0.017495
0.018752
0.033370
0.031967
0.021872
0.026323
0.029703
0.023617
0.016570
0.029556
0.026137
0.026210
0.020843
0.020578
0.033634
0.035451
0.036252
0.031284
0.027270
0.022625
0.033810
0.029927
0.036559
0.019608
0.022700
0.021798
0.021123
0.022526
0.020509
0.029464
0.018540
0.021291
0.027534
0.018354
0.021512
0.021191
0.025753
0.013678
0.016939
0.025408
0.020850
0.021884
0.026173
0.022456
0.018393
0.020023
0.017983
0.020220
0.015000
0.014470
0.015142
0.016840
0.016475
0.014704
0.015798
0.019399
0.015496
0.016763
0.015251
0.013410
0.017979
0.016034
0.022135
0.020527
0.018879
0.015752
0.013114
0.019285
0.013736
0.015429
0.018741
0.013803
0.023578
0.015727
0.012636
0.014665
0.013076
0.013329
0.013644
0.014720
0.020151
0.014661
0.013596
0.018490
0.019516
0.017663
0.012586
0.014756
0.016750
0.015171
0.013628
0.015184
0.017745
0.017951
0.016357
0.014865
0.014509
0.012661
0.013128
0.014071
0.013084
0.013137
0.012833
0.015843
0.017448
0.017191
0.019206
0.015424
0.017259
0.017084
0.016082
0.018328
0.016028
0.015074
0.015446
0.014539
0.016131
0.017121
0.017066
0.013114
0.015198
0.013067
0.013996
0.013716
0.014351
0.016049
0.019972
0.019727
0.021854
0.017949
0.017057
0.015862
0.024737
0.022946
0.015596
0.017799
0.023355
0.022583
0.019082
0.023246
0.021719
0.024719
0.023166
0.021474
0.017990
0.021963
0.026791
0.027948
0.020696
0.015996
0.018401
0.017593
0.017474
0.017241
0.013788
0.015124
0.012964
0.019603
0.014927
0.013355
0.012652
0.016259
0.013036
0.015844
0.017008
0.015807
0.013420
0.022083
0.014806
0.017589
0.015069
0.017170
0.017614
0.013513
0.017108
0.017905
0.013633
0.017381
0.019156
0.017879
0.020632
0.027267
0.015484
0.020303
0.015723
0.018744
0.015488
0.018428
0.014943
0.019902
0.019459
0.027113
0.020319
0.015404
0.018644
0.017543
0.015058
0.015107
0.018239
0.017133
0.015265
0.016315
0.013455
0.013260
0.014701
0.015771
0.013112
0.021443
0.019880
0.023096
0.025197
0.021332
0.018389
0.016354
0.018979
0.018051
0.022708
0.025076
0.029703
0.036989
0.022948
0.035439
0.020599
0.019331
0.023274
0.026834
0.026213
0.021795
0.029318
0.032240
0.035928
0.027980
0.032086
0.027063
0.021616
0.026283
0.027212
0.026103
0.016650
0.022042
0.023758
0.022791
0.017089
0.017196
0.017833
0.020674
0.019801
0.025518
0.022269
0.020180
0.015246
0.015508
0.028050
0.027034
0.017454
0.018152
0.018260
0.020240
0.014849
0.023782
0.019428
0.022511
0.016613
0.020366
0.036037
0.024585
0.018675
0.018175
0.031925
0.056473
0.029058
0.036757
0.026488
0.036594
0.025345
0.019284
0.021295
0.023644
0.022991
0.013524
0.027005
0.021301
0.015783
0.022498
0.027247
0.025524
0.020677
0.025439
0.020163
0.021289
0.022465
0.022255
0.019628
0.026673
0.017931
0.025607
0.016116
0.019829
0.017968
0.016145
0.018260
0.023105
0.016228
0.020717
0.021859
0.020478
0.019699
0.022786
0.020675
0.025122
0.024374
0.028336
0.026916
0.016391
0.018567
0.015793
0.029940
0.020574
0.027106
0.021666
0.018686
0.021472
0.016874
0.022025
0.017241
0.021501
0.022076
0.028634
0.025334
0.022125
0.024704
0.020204
0.021055
0.025749
0.022398
0.030765
0.029663
0.019774
0.019071
0.017716
0.023046
0.020465
0.028495
0.021366
0.024558
0.025449
0.030767
0.019292
0.017630
0.019699
0.022476
0.017445
0.021989
0.019855
0.022682
0.018941
0.019884
0.018871
0.029764
0.022867
0.020797
0.019699
0.024109
0.023880
0.022279
0.022858
0.025064
0.030046
0.028176
0.027408
0.030413
0.035071
0.036229
0.028585
0.029138
0.034092
0.026966
0.034706
0.020848
0.032117
0.019914
0.028957
0.031170
0.018309
0.028254
0.021884
0.015788
0.028718
0.021955
0.022057
0.016854
0.027127
0.018600
0.019078
0.019081
0.019753
0.021515
0.027644
0.023956
0.027260
0.020377
0.021760
0.023081
0.019671
0.027465
0.023382
0.015525
0.024980
0.019768
0.024053
0.018120
0.021723
0.029209
0.030131
0.025901
0.023077
0.018340
0.021561
0.025706
0.016488
0.025034
0.014247
0.027447
0.023652
0.022446
0.022049
0.017560
0.022434
0.020887
0.025157
0.025408
0.023661
0.021789
0.023980
0.020127
0.021534
0.015325
0.020951
0.027181
0.031737
0.017248
0.024574
0.026677
0.019055
0.022163
0.017881
0.018612
0.018626
0.024732
0.028924
0.027430
0.020627
0.021829
0.018398
0.019725
0.027500
0.020672
0.020193
0.025554
0.039546
0.025101
0.029363
0.026939
0.020870
0.037568
0.023508
0.024496
0.028219
0.031770
0.027818
0.032105
0.029267
0.025360
0.020343
0.025446
0.024614
0.023187
0.019739
0.021915
0.017025
0.019343
0.022583
0.018215
0.014353
0.022340
0.020632
0.020718
0.021983
0.023755
0.030169
0.026242
0.022883
0.015939
0.016354
0.019455
0.016964
0.015200
0.017392
0.017661
0.017042
0.017881
0.017557
0.017892
0.034736
0.015893
0.023005
0.024670
0.019509
0.017915
0.016801
0.018754
0.032452
0.027981
0.024652
0.024214
0.017686
0.024901
0.016933
0.022810
0.019473
0.032515
0.025518
0.023768
0.023696
0.023099
0.026360
0.035331
0.021294
0.026445
0.031740
0.028857
0.021132
0.021255
0.033705
0.032721
0.038792
0.045851
0.036166
0.026217
0.024075
0.025198
0.021235
0.029843
0.018558
0.028366
0.023004
0.019384
0.018655
0.015901
0.016723
0.016464
0.019635
0.015747
0.021939
0.015535
0.020251
0.019828
0.019086
0.021051
0.021529
0.021450
0.020812
0.022475
0.021550
0.020491
0.023858
0.015708
0.027302
0.025913
0.033212
0.032122
0.018488
0.024157
0.018522
0.030348
0.022789
0.018967
0.019735
0.015385
0.022012
0.021555
0.018211
0.017075
0.035885
0.024910
0.022274
0.036201
0.020741
0.024986
0.024086
0.026236
0.018062
0.028216
0.024016
0.025944
0.016881
0.021607
0.025534
0.021612
0.016851
0.019046
0.015730
0.021361
0.020625
0.019638
0.025763
0.027684
0.015330
0.028499
0.025665
0.020396
0.015456
0.026500
0.015067
0.024032
0.027086
0.021848
0.018266
0.019846
0.021452
0.022896
0.023412
0.028307
0.024644
0.021241
0.018158
0.027198
0.016197
0.019442
0.026670
0.014645
0.022166
0.018149
0.018737
0.019377
0.017104
0.021064
0.017187
0.015429
0.020502
0.015799
0.030182
0.018525
0.025530
0.014437
0.021509
0.017744
0.022913
0.019415
0.016850
0.026345
0.019906
0.021867
0.014995
0.017155
0.019318
0.015363
0.021329
0.017835
0.015341
0.022247
0.024774
0.019417
0.019248
0.015146
0.020121
0.019172
0.022465
0.023041
0.023666
0.020715
0.021084
0.020340
0.021421
0.019626
0.016903
0.015874
0.014880
0.025515
0.015786
0.022578
0.017130
0.016647
0.014872
0.027049
0.025105
0.016776
0.019833
0.027881
0.017903
0.019825
0.020179
0.019689
0.019467
0.017796
0.018827
0.024297
0.019425
0.020735
0.023099
0.020010
0.027344
0.013239
0.025606
0.020956
0.018546
0.030499
0.016305
0.017013
0.023926
0.019560
0.018655
0.019007
0.024528
0.020972
0.022934
0.018056
0.027504
0.029465
0.018642
0.032949
0.034194
0.016160
0.032181
0.016704
0.039395
0.025462
0.033385
0.043000
0.025849
0.032313
0.022555
0.039750
0.023594
0.036873
0.029653
0.022517
0.033268
0.042103
0.038280
0.033649
0.024898
0.020195
0.036938
0.041493
0.033265
0.036270
0.021239
0.034570
0.028333
0.022966
0.035536
0.036398
0.048819
0.026037
0.020942
0.053831
0.041687
0.055329
0.051994
0.045522
0.035010
0.022499
0.020855
0.034648
0.038456
0.029574
0.032892
0.019017
0.054157
0.028167
0.051484
0.038327
0.040525
0.029416
0.034455
0.039869
0.025985
0.043507
0.034344
0.023913
0.040879
0.041388
0.056789
0.050305
0.050875
0.044349
0.038481
0.025082
0.024963
0.029280
0.036862
0.040042
0.040571
0.034809
0.033682
0.035666
0.025561
0.051447
0.034116
0.040185
0.048261
0.023528
0.037742
0.033256
0.028944
0.040654
0.026646
0.044342
0.036025
0.037581
0.028560
0.031835
0.031190
0.046089
0.041569
0.038540
0.041874
0.026618
0.035047
0.030566
0.029895
0.025110
0.042601
0.026047
0.047348
0.034532
0.036166
0.035533
0.026061
0.027996
0.042526
0.047245
0.037501
0.042431
0.034718
0.053580
0.025179
0.034678
0.025493
0.043586
0.036578
0.029278
0.036041
0.027277
0.048682
0.051941
0.046225
0.024246
0.040097
0.043654
0.043379
0.036665
0.038998
0.035556
0.035241
0.036407
0.023754
0.044635
0.041007
0.034135
0.028038
0.034941
0.034866
0.021652
0.044845
0.032165
0.041346
0.019692
0.027565
0.024186
0.026453
0.028130
0.036329
0.023146
0.028376
0.043622
0.033054
0.021356
0.029122
0.027770
0.023144
0.041159
0.039318
0.022744
0.042674
0.038136
0.042660
0.040378
0.039528
0.043236
0.046362
0.039520
0.032519
0.029903
0.032664
0.038530
0.027300
0.035584
0.039362
0.049512
0.048144
0.025868
0.031839
0.040513
0.036870
0.044043
0.036064
0.041145
0.048090
0.032681
0.040765
0.032645
0.047835
0.027610
0.025670
0.033932
0.029210
0.055780
0.036229
0.051019
0.040872
0.054804
0.039342
0.030530
0.031443
0.051734
0.033272
0.040681
0.046150
0.038444
0.049974
0.039406
0.048803
0.045649
0.060742
0.056234
0.039920
0.048511
0.057636
0.035127
0.026963
0.053414
0.029905
0.032334
0.031032
0.037631
0.043498
0.027577
0.031039
0.049927
0.048214
0.027754
0.042570
0.041272
0.038335
0.044040
0.032819
0.027474
0.042251
0.024766
0.030168
0.030230
0.027647
0.043836
0.029801
0.029660
0.029909
0.019238
0.035164
0.030419
0.039640
0.041294
0.019398
0.022474
0.039248
0.036568
0.031060
0.031824
0.020965
0.040089
0.033504
0.032384
0.026760
0.035193
0.028333
0.022093
0.025446
0.029323
0.022511
0.045369
0.039483
0.036870
0.021790
0.036209
0.034369
0.042271
0.034866
0.041401
0.038567
0.038357
0.035065
0.036524
0.032808
0.058847
0.034856
0.039552
0.048143
0.064024
0.049102
0.026767
0.035801
0.031488
0.034587
0.026507
0.031352
0.030684
0.018652
0.026061
0.033442
0.029156
0.020274
0.034772
0.049455
0.023107
0.021843
0.035881
0.037820
0.029855
0.034254
0.030818
0.040755
0.026788
0.026534
0.027640
0.025132
0.024353
0.036233
0.031815
0.031308
0.032237
0.033863
0.050666
0.036267
0.024213
0.034538
0.038594
0.037436
0.047989
0.047410
0.034453
0.028896
0.028477
0.036604
0.029721
0.030396
0.032300
0.021786
0.033814
0.046825
0.031255
0.024004
0.043193
0.022374
0.024136
0.031467
0.044776
0.039648
0.035684
0.024693
0.033181
0.033590
0.035222
0.027471
0.020730
0.031530
0.032258
0.031588
0.035860
0.028653
0.035470
0.068806
0.057447
0.034633
0.024604
0.036855
0.025698
0.030667
0.021161
0.047395
0.023270
0.028684
0.028613
0.031370
0.028434
0.030851
0.016592
0.031739
0.034123
0.021456
0.029827
0.032304
0.035505
0.029471
0.016551
0.048322
0.035065
0.036875
0.047380
0.057571
0.018569
0.030973
0.046128
0.034589
0.039417
0.029587
0.031337
0.044572
0.019014
0.031875
0.043178
0.029704
0.035019
0.039189
0.044064
0.034284
0.048930
0.031834
0.035704
0.031260
0.037432
