0.024539
0.027805
0.030803
0.028662
0.025768
0.027977
0.023748
0.024425
0.020658
0.028209
0.029130
0.017607
0.021265
0.020943
0.018456
0.021610
0.022978
0.020594
0.025146
0.029600
0.021478
0.026194
0.027858
0.030078
0.022557
0.024076
0.026043
0.030010
0.025780
0.023210
0.037120
0.025446
0.036215
0.038567
0.023444
0.029814
0.029203
0.039698
0.031112
0.030965
0.041883
0.037220
0.041926
0.045595
0.027342
0.033036
0.046903
0.034674
0.036002
0.032176
0.033986
0.055851
0.047671
0.038759
0.039446
0.021838
0.045511
0.043324
0.036667
0.063221
0.051425
0.035496
0.038723
0.029393
0.031458
0.039053
0.042256
0.042556
0.038695
0.023647
0.032943
0.029225
0.031424
0.040536
0.035287
0.038708
0.038954
0.035875
0.052797
0.033935
0.052317
0.057241
0.034306
0.035291
0.050812
0.040407
0.037346
0.041313
0.049304
0.050748
0.042710
0.034967
0.048569
0.055490
0.074363
0.035150
0.042324
0.043965
0.047347
0.039813
0.046941
0.050282
0.037994
0.048021
0.044029
0.036581
0.034029
0.040261
0.031919
0.037626
0.030262
0.024446
0.036248
0.034216
0.039984
0.033398
0.025170
0.023302
0.027711
0.018680
0.028787
0.032859
0.029680
0.022313
0.030762
0.027843
0.031272
0.038572
0.010622
0.024953
0.032534
0.044325
0.029928
0.026472
0.026426
0.029438
0.032456
0.027956
0.029049
0.022240
0.029837
0.029904
0.032043
0.024679
0.024953
0.029335
0.028338
0.030050
0.030963
0.039489
0.031003
0.035982
0.026117
0.024917
0.031655
0.025090
0.020564
0.030314
0.030828
0.024848
0.034469
0.036858
0.036862
0.027820
0.045047
0.032141
0.036914
0.029928
0.026977
0.032328
0.045128
0.036551
0.032172
0.036657
0.030750
0.024552
0.023054
0.035363
0.035128
0.026047
0.034177
0.028893
0.020684
0.019284
0.023365
0.027854
0.023892
0.027892
0.031750
0.032314
0.029629
0.033191
0.046724
0.026593
0.044183
0.040751
0.036853
0.034453
0.035807
0.023572
0.028876
0.026715
0.021181
0.028808
0.029593
0.035789
0.035717
0.037465
0.033492
0.049780
0.037018
0.029574
0.035873
0.034437
0.037816
0.039610
0.027115
0.028779
0.023858
0.030272
0.035399
0.039732
0.034141
0.043931
0.043563
0.038022
0.032799
0.030750
0.023132
0.030843
0.025659
0.028244
0.014943
0.022928
0.019749
0.022972
0.024062
0.021671
0.021638
0.017641
0.020050
0.024634
0.027169
0.024102
0.019104
0.023208
0.022583
0.019580
0.023473
0.014297
0.026124
0.028719
0.016097
0.023546
0.015511
0.022150
0.023962
0.020742
0.016212
0.033288
0.026637
0.022656
0.028724
0.020675
0.020374
0.019274
0.015990
0.023844
0.026837
0.019752
0.029313
0.021516
0.015406
0.019557
0.021008
0.017945
0.031970
0.030893
0.027043
0.026737
0.024288
0.014533
0.026225
0.023483
0.022599
0.024499
0.020728
0.022718
0.029726
0.032257
0.028593
0.038767
0.039847
0.035300
0.028106
0.034306
0.031326
0.030092
0.035302
0.035528
0.032936
0.013259
0.032197
0.031811
0.025353
0.023628
0.031546
0.025581
0.020414
0.029623
0.019520
0.033187
0.038447
0.038406
0.026760
0.018330
0.029401
0.028967
0.033718
0.027797
0.036233
0.028964
0.043831
0.031864
0.039063
0.036174
0.032195
0.037222
0.039467
0.036953
0.034103
0.027963
0.031462
0.040734
0.026481
0.029771
0.030355
0.033509
0.034147
0.038149
0.029299
0.025961
0.036793
0.027718
0.033546
0.025533
0.025186
0.031421
0.030676
0.029257
0.025041
0.031870
0.028749
0.032879
0.026270
0.029375
0.027150
0.026423
0.035258
0.029764
0.029596
0.027312
0.028315
0.024612
0.033635
0.028736
0.025297
0.020719
0.036355
0.044095
0.047802
0.041198
0.020044
0.029600
0.032298
0.027833
0.032938
0.027031
0.028771
0.027514
0.031825
0.032738
0.038470
0.028227
0.024910
0.024911
0.029059
0.024457
0.032743
0.022619
0.033094
0.034538
0.018574
0.030863
0.025826
0.025619
0.023343
0.035455
0.030230
0.032804
0.040385
0.041091
0.025811
0.047208
0.020491
0.018603
0.029755
0.022366
0.029456
0.027153
0.020013
0.016834
0.038209
0.031850
0.024438
0.028296
0.035052
0.021636
0.030038
0.030260
0.023385
0.028089
0.028628
0.037641
0.046570
0.035166
0.031457
0.033736
0.027498
0.035079
0.039057
0.023034
0.016725
0.025938
0.016542
0.020917
0.014442
0.020238
0.015449
0.018942
0.019489
0.020466
0.015594
0.025317
0.024753
0.023276
0.021068
0.026586
0.024214
0.025974
0.022861
0.017678
0.021693
0.028118
0.029359
0.020077
0.017204
0.023306
0.028516
0.019526
0.024619
0.025835
0.025811
0.028825
0.021468
0.019081
0.019732
0.016764
0.018979
0.016648
0.020356
0.029686
0.029447
0.018247
0.018313
0.018184
0.019903
0.028947
0.017782
0.014885
0.020064
0.020651
0.016499
0.016763
0.018917
0.023342
0.021419
0.029128
0.029194
0.017224
0.015388
0.020262
0.012550
0.019099
0.024002
0.024619
0.020866
0.020508
0.020301
0.034890
0.017579
0.023524
0.012615
0.030753
0.018654
0.022153
0.017591
0.013389
0.025062
0.032868
0.027695
0.026067
0.027002
0.028414
0.024134
0.029650
0.022890
0.016949
0.018242
0.017550
0.019022
0.014577
0.021441
0.020108
0.026170
0.026753
0.011388
0.022257
0.020327
0.024077
0.023767
0.019349
0.017647
0.015776
0.021464
0.022236
0.022598
0.017112
0.021529
0.010580
0.027491
0.016426
0.015345
0.027378
0.025947
0.032488
0.027026
0.024868
0.018539
0.017559
0.028124
0.023508
0.015019
0.019331
0.021705
0.018992
0.019951
0.023718
0.027473
0.025626
0.017162
0.023555
0.031277
0.021575
0.020163
0.018544
0.021084
0.028532
0.024513
0.022490
0.025967
0.021878
0.013597
0.024751
0.024403
0.025840
0.027229
0.025174
0.017712
0.029109
0.028685
0.014542
0.018028
0.027515
0.025034
0.023132
0.021792
0.024858
0.015817
0.017336
0.028846
0.028880
0.032113
0.033497
0.039371
0.035740
0.031307
0.032167
0.034357
0.031796
0.033723
0.040136
0.044909
0.040543
0.031168
0.039063
0.052591
0.036590
0.028762
0.037229
0.036050
0.032322
0.041751
0.039377
0.029469
0.022883
0.036140
0.032578
0.030817
0.038758
0.031627
0.038609
0.037616
0.032893
0.029947
0.037968
0.027340
0.034830
0.036940
0.034155
0.032652
0.024150
0.033941
0.034040
0.019907
0.033926
0.028393
0.031789
0.023498
0.033391
0.035203
0.040993
0.040686
0.045535
0.039187
0.035307
0.036551
0.029005
0.033103
0.028036
0.031880
0.024582
0.022859
0.015891
0.024900
0.023525
0.023249
0.022661
0.022128
0.019877
0.026891
0.022347
0.020251
0.025983
0.025097
0.026790
0.016649
0.013808
0.029731
0.022360
0.010235
0.020984
0.020060
0.020001
0.023044
0.023690
0.018377
0.023010
0.025819
0.029154
0.025258
0.022287
0.011570
0.027004
0.026432
0.018696
0.015836
0.018075
0.016470
0.016011
0.013853
0.028098
0.015311
0.021741
0.022236
0.028321
0.022092
0.023665
0.013087
0.027250
0.019480
0.025267
0.021986
0.018401
0.024841
0.026614
0.033115
0.024385
0.029238
0.026848
0.035635
0.037711
0.030273
0.034698
0.026114
0.031178
0.031131
0.033540
0.033189
0.038333
0.043775
0.039673
0.035573
0.039783
0.031672
0.029016
0.044724
0.040548
0.035439
0.030154
0.038639
0.035830
0.038876
0.035249
0.043564
0.028262
0.027860
0.032487
0.031569
0.026249
0.040521
0.030771
0.035898
0.033684
0.028201
0.028464
0.031031
0.034053
0.029855
0.025409
0.036443
0.030269
0.032410
0.035415
0.036164
0.034907
0.037593
0.023962
0.039554
0.046695
0.039361
0.031613
0.029428
0.024657
0.034226
0.031307
0.039490
0.038636
0.029328
0.019649
0.022726
0.017421
0.014266
0.022063
0.009669
0.031157
0.027154
0.018541
0.022265
0.021627
0.020355
0.023990
0.015689
0.016162
0.026042
0.019541
0.020590
0.021944
0.018021
0.024191
0.028356
0.021686
0.025667
0.035342
0.029779
0.032004
0.025331
0.033092
0.030423
0.022187
0.022159
0.029344
0.040843
0.033459
0.029380
0.020322
0.029017
0.034198
0.025933
0.029063
0.033755
0.032494
0.034052
0.022887
0.024890
0.030971
0.026742
0.031389
0.032379
0.036356
0.022754
0.026236
0.018766
0.018314
0.029963
0.029991
0.024010
0.020473
0.020050
0.016447
0.021983
0.025921
0.028643
0.029503
0.032386
0.027307
0.030890
0.015556
0.025361
0.024988
0.020821
0.023460
0.032679
0.029735
0.031035
0.023306
0.029281
0.032658
0.028110
0.022389
0.040884
0.047352
0.030552
0.034488
0.042148
0.036673
0.016383
0.019191
0.020810
0.034725
0.023055
0.017881
0.022647
0.021157
0.023127
0.023916
0.016353
0.020963
0.022801
0.023362
0.017086
0.012431
0.025194
0.017313
0.020189
0.015492
0.021389
0.017109
0.020645
0.024799
0.031571
0.029758
0.021345
0.012268
0.025764
0.019887
0.020407
0.019746
0.028494
0.024925
0.024073
0.027771
0.026697
0.031936
0.019536
0.032613
0.026017
0.025248
0.023007
0.013350
0.027818
0.033633
0.026160
0.019978
0.030254
0.024279
0.022360
0.028430
0.018769
0.029610
0.028020
0.035134
0.019388
0.027289
0.022634
0.022707
0.027791
0.026860
0.027245
0.033723
0.023427
0.032435
0.041945
0.038509
0.036200
0.034288
0.030871
0.037287
0.022257
0.036375
0.033878
0.027228
0.028666
0.032171
0.025486
0.027366
0.036532
0.030984
0.043089
0.031677
0.025221
0.030180
0.022337
0.039341
0.027806
0.031835
0.034187
0.033978
0.036736
0.027133
0.024137
0.024585
0.023840
0.026823
0.031200
0.025496
0.017159
0.027736
0.031476
0.022011
0.024702
0.029949
0.035148
0.035152
0.035620
0.025434
0.033064
0.028312
0.027339
0.037354
0.031289
0.024587
0.030685
0.032264
0.034487
0.025743
0.017033
0.026587
0.048911
0.021920
0.026371
0.028237
0.029065
0.020631
0.033022
0.030911
0.029087
0.029915
0.019385
0.026303
0.033710
0.033108
0.026287
0.030595
0.031220
0.023036
0.023295
0.028849
0.026125
0.030794
0.035012
0.027878
0.025139
0.022887
0.026097
0.028450
0.013166
0.031633
0.029898
0.030086
0.042727
0.030810
0.023175
0.031247
0.023645
0.027044
0.024175
0.026392
0.020216
0.022294
0.036893
0.031426
0.020642
0.029491
0.029610
0.025828
0.030258
0.017314
0.032789
0.020684
0.032724
0.041163
0.022195
0.026528
0.024694
0.024476
0.028454
0.027017
0.022585
0.027277
0.030131
0.043345
0.025475
0.039622
0.030204
0.023688
0.020261
0.041908
0.047455
0.031932
0.030423
0.040162
0.022492
0.027917
0.035089
0.034428
0.031563
0.030821
0.028478
0.016561
0.019485
0.024743
0.021563
0.020918
0.028169
0.033554
0.021613
0.023134
0.019098
0.022878
0.020215
0.021160
0.018187
0.016844
0.021892
0.019721
0.022100
0.023582
0.020724
0.021660
0.016428
0.019693
0.023968
0.032689
0.018000
0.019570
0.016753
0.021584
0.024742
0.018739
0.024681
0.031142
0.026900
0.022308
0.025860
0.018951
0.021497
0.021619
0.017392
0.025722
0.022055
0.020621
0.035878
0.024759
0.026570
0.030074
0.032148
0.018665
0.029681
0.025526
0.031469
0.020829
0.017155
0.023832
0.023082
0.033274
0.036165
0.033978
0.028276
0.026783
0.018916
0.025399
0.024232
0.036882
0.020788
0.016033
0.034450
0.030344
0.025825
0.018749
0.023298
0.023526
0.019396
0.022817
0.033902
0.033128
0.025315
0.016909
0.023036
0.021785
0.032499
0.019309
0.027770
0.021500
0.021449
0.017859
0.020735
0.024071
0.021364
0.022528
0.017719
0.016282
0.021524
0.017192
0.027112
0.009064
0.026530
0.015812
0.017354
0.033417
0.019197
0.020023
0.023397
0.012546
0.022547
0.022545
0.020441
0.015872
0.026605
0.024665
0.024180
0.022701
0.023267
0.025760
0.022364
0.022691
0.017565
0.018878
0.009766
0.025807
0.024052
0.018867
0.022137
0.026020
0.025096
0.023662
0.019362
0.029478
0.028939
0.029269
0.027318
0.028024
0.011356
0.020140
0.026389
0.025832
0.027898
0.023426
0.038626
0.026664
0.024642
0.011538
0.023640
0.023288
0.017281
0.023983
0.026560
0.019451
0.021652
0.017903
0.013906
0.020144
0.030810
0.027560
0.021875
0.020153
0.018796
0.024551
0.021211
0.023108
0.028089
0.033651
0.022932
0.018759
0.031298
0.024451
0.019215
0.013911
0.024234
0.026642
0.027528
0.028068
0.022600
0.039351
0.020355
0.017909
0.018212
0.024841
0.042561
0.030861
0.018204
0.032002
0.031211
0.035144
0.036066
0.032562
0.044537
0.046858
0.039398
0.044794
0.024809
0.028359
0.035022
0.045877
0.035564
0.040380
0.032169
0.032954
0.032236
0.022578
0.021382
0.029284
0.037084
0.037052
0.039510
0.034592
0.030121
0.032126
0.037579
0.033059
0.028446
0.025589
0.033111
0.041605
0.040477
0.041829
0.025253
0.037037
0.050777
0.043151
0.044521
0.047142
0.039731
0.049547
0.029114
0.032214
0.039241
0.036720
0.045527
0.044253
0.048502
0.033450
0.038842
0.042684
0.071143
0.054321
0.040646
0.027248
0.045301
0.056254
0.054049
0.049227
0.050043
0.040669
0.024738
0.036758
0.035120
0.029963
0.037842
0.037280
0.039555
0.035249
0.052866
0.050093
0.045431
0.042709
0.040087
0.044153
0.052320
0.058775
0.045306
0.026832
0.039780
0.035548
0.043791
0.035882
0.039509
0.041851
0.042615
0.027393
0.023720
0.025542
0.019731
0.027525
0.016618
0.023957
0.025778
0.023295
0.024884
0.021537
0.015315
0.027018
0.023544
0.031442
0.029972
0.025681
0.020809
0.016930
0.020219
0.019093
0.018528
0.028377
0.014119
0.016208
0.021578
0.022678
0.026556
0.026943
0.030962
0.028950
0.015646
0.016786
0.019746
0.023514
0.012439
0.020911
0.020950
0.021795
0.022640
0.014780
0.014660
0.026141
0.030231
0.025420
0.041960
0.029091
0.027117
0.025979
0.027896
0.020762
0.024113
0.028602
0.027515
0.022153
0.030950
0.017175
0.018733
0.022729
0.018045
0.026277
0.017179
0.025485
0.026321
0.026641
0.022753
0.042483
0.038832
0.025291
0.026232
0.023160
0.032911
0.022182
0.040188
0.034091
0.020273
0.036275
0.019078
0.027870
0.022967
0.018446
0.021378
0.024001
0.021253
0.033984
0.036045
0.029468
0.040662
0.037480
0.025261
0.026143
0.029068
0.027996
0.021069
0.021863
0.021411
0.024402
0.024531
0.022220
0.022606
0.022372
0.025716
0.022912
0.025329
0.022650
0.019639
0.015838
0.016763
0.033045
0.018477
0.020098
0.027430
0.018644
0.031321
0.027065
0.022139
0.020208
0.013584
0.030878
0.023825
0.040395
0.025414
0.038926
0.020756
0.021655
0.032248
0.025672
0.018849
0.033128
0.026003
0.034293
0.044758
0.024777
0.017156
0.027122
0.032697
0.032119
0.043249
0.042834
0.040906
0.039653
0.028609
0.032368
0.033640
0.030906
0.045829
0.046316
0.029089
0.022732
0.024295
0.026326
0.028672
0.024497
0.022643
0.021883
0.024282
0.027131
0.024226
0.086896
0.031699
0.026525
0.015091
0.014150
0.027436
0.012600
0.018262
0.018192
0.012825
0.019291
0.016879
0.020516
0.020470
0.022727
0.015708
0.016521
0.012863
0.019449
0.019695
0.017705
0.010288
0.013352
0.017699
0.012677
0.024464
0.017943
0.011018
0.016549
0.021699
0.020470
0.015385
0.017006
0.018323
0.020313
0.021916
0.025449
0.018268
0.028268
0.028199
0.020636
0.023356
0.030515
0.024497
0.030367
0.033446
0.028139
0.026264
0.013608
0.029927
0.030718
0.021933
0.017449
0.021605
0.021541
0.024174
0.021001
0.022829
0.020723
0.014170
0.017187
0.022125
0.019050
0.027921
0.021810
0.033685
0.026665
0.035327
0.033577
0.046654
0.023561
0.024094
0.036673
0.023007
0.019977
0.013563
0.025256
0.029813
0.021539
0.028625
0.025446
0.026786
0.032083
0.022826
0.020697
0.030743
0.041122
0.026073
0.016426
0.025315
0.031154
0.021759
0.027066
0.048488
0.028465
0.036741
0.034310
0.046873
0.030951
0.019310
0.019307
0.017643
0.028705
0.024667
0.047048
0.031228
0.028108
0.029806
0.023212
0.024107
0.019436
0.029454
0.028989
0.027158
0.026124
0.021370
0.033011
0.025913
0.031519
0.018774
0.034625
0.029625
0.029191
0.019848
0.020733
0.026465
0.026040
0.018860
0.017245
0.017367
0.020795
0.021569
0.020643
0.015389
0.022291
0.015377
0.016166
0.015504
0.019612
0.030063
0.034558
0.032406
0.031515
0.033927
0.023217
0.014670
0.020802
0.023831
0.024702
0.019119
0.019736
0.023409
0.021248
0.028499
0.026808
0.029538
0.023784
0.017980
0.013981
0.016645
0.020228
0.017637
0.016310
0.021940
0.024279
0.023105
0.012841
0.017186
0.010027
0.022146
0.019675
0.017373
0.022778
0.017678
0.020535
0.013271
0.014568
0.017387
0.032972
0.032180
0.024578
0.035376
0.036492
0.019007
0.025993
0.045171
0.029314
0.027313
0.027393
0.023849
0.021921
0.037808
0.023429
0.029576
0.016970
0.014781
0.022853
0.016416
0.024985
0.023588
0.021186
0.015781
0.015773
0.036336
0.040170
0.020174
0.032089
0.028363
0.012887
0.018880
0.023623
0.027012
0.025153
0.030560
0.025579
0.021878
0.029930
0.028545
0.032507
0.020033
0.025874
0.040520
0.023536
0.017775
0.025200
0.026928
0.022581
0.025373
0.024736
0.021243
0.032014
0.018845
0.029420
0.021534
0.022018
0.039007
0.027937
0.018759
0.029504
0.022941
0.025384
0.024780
0.021088
0.022069
0.010568
0.026059
0.025253
0.025352
0.020650
0.013329
0.020000
0.030389
0.030196
0.022039
0.031851
0.022508
0.020922
0.026652
0.021315
0.024281
0.019947
0.024466
0.020583
0.015411
0.017605
0.019026
0.033413
0.018205
0.020436
0.009434
0.020196
0.012883
0.020817
0.017292
0.009890
0.017928
0.021862
0.020890
0.019681
0.022530
0.010794
0.019449
0.018737
0.014082
0.009565
0.019311
0.014421
0.014424
0.009927
0.017476
0.015730
0.010081
0.022583
0.019542
0.018167
0.015586
0.019158
0.013759
0.016529
0.019695
0.017644
0.012777
0.016689
0.027958
0.014469
0.027264
0.026162
0.025909
0.032261
0.029912
0.022160
0.021452
0.024303
0.028186
0.011868
0.018160
0.018174
0.021131
0.014918
0.013261
0.027592
0.019306
0.015690
0.018000
0.020008
0.014798
0.020575
0.015507
0.012478
0.024197
0.024329
0.029196
0.020889
0.022720
0.028250
0.019466
0.018478
0.016197
0.016172
0.018703
0.018785
0.013242
0.019869
0.018992
0.014622
0.016735
0.014059
0.020030
0.023110
0.020119
0.019481
0.017888
0.020928
0.016557
0.020584
0.014835
0.020882
0.023029
0.028651
0.026510
0.030153
0.025597
0.018641
0.022623
0.020449
0.014866
0.019094
0.011855
0.014864
0.020329
0.022186
0.028940
0.029765
0.016995
0.018373
0.017730
0.017392
0.021999
0.015659
0.016315
0.017540
0.018522
0.017494
0.016954
0.012740
0.016841
0.019558
0.022535
0.023207
0.015562
0.013670
0.016848
0.012356
0.017136
0.021189
0.019664
0.024537
0.015458
0.019556
0.026210
0.025589
0.013518
0.020322
0.018001
0.020556
0.019847
0.024738
0.014174
0.017878
0.013069
0.015777
0.014926
0.025458
0.021821
0.030844
0.015261
0.027462
0.026359
0.023237
0.021361
0.027178
0.033228
0.024958
0.026768
0.028110
0.029441
0.017332
0.021509
0.022186
0.027987
0.021592
0.013297
0.018135
0.019999
0.020959
0.021247
0.026468
0.012996
0.027014
0.022827
0.034087
0.026660
0.014787
0.017358
0.027533
0.024827
0.024698
0.021846
0.022729
0.023691
0.017395
0.019538
0.021331
0.019199
0.021599
0.018220
0.013908
0.015085
0.026220
0.023445
0.027267
0.013536
0.020678
0.019159
0.022107
0.024953
0.011958
0.013484
0.018163
0.017312
0.012900
0.032371
0.016742
0.011417
0.018506
0.019999
0.020463
0.012505
0.019583
0.016959
0.017977
0.018541
0.015673
0.024061
0.022750
0.013637
0.022992
0.026185
0.015640
0.019768
0.033176
0.029246
0.015663
0.020105
0.024040
0.016774
0.028892
0.015093
0.020486
0.019388
0.017043
0.024567
0.013228
0.019063
0.013349
0.018113
0.014679
0.021747
0.022296
0.023708
0.016770
0.015993
0.016421
0.017072
0.015439
0.016996
0.017298
0.015158
0.016113
0.022799
0.015620
0.020509
0.015900
0.018329
0.019375
0.015017
0.016393
0.022771
0.018549
0.014328
0.020266
0.019805
0.018949
0.021058
0.015352
0.018117
0.019793
0.018394
0.020158
0.024765
0.023494
0.018358
0.014988
0.016829
0.020196
0.026450
0.031951
0.029130
0.033829
0.035029
0.031660
0.038193
0.025711
0.022245
0.048062
0.038788
0.032553
0.031401
0.032837
0.033689
0.038179
0.037249
0.032237
0.031801
0.039059
0.030230
0.036466
0.038415
0.032258
0.034704
0.034126
0.023037
0.035803
0.036280
0.043321
0.025742
0.026955
0.028685
0.030200
0.038511
0.028249
0.039672
0.030302
0.029819
0.033918
0.036494
0.039914
0.037440
0.037428
0.038477
0.043167
0.055853
0.041869
0.026628
0.020899
0.035234
0.043294
0.026284
0.030996
0.031552
0.032158
0.032022
0.023508
0.017601
0.021334
0.027283
0.021754
0.011088
0.017367
0.038055
0.035091
0.024532
0.016609
0.026696
0.023046
0.026275
0.021143
0.025967
0.024813
0.020872
0.027493
0.011393
0.019300
0.017420
0.020821
0.026278
0.019196
0.023992
0.019631
0.029096
0.024905
0.021683
0.027192
0.024757
0.032232
0.022293
0.030404
0.022863
0.014637
0.024386
0.024627
0.021167
0.026141
0.013275
0.021347
0.021756
0.022574
0.026404
0.034484
0.031684
0.031462
0.027470
0.029946
0.024599
0.023510
0.016813
0.025023
0.025663
0.013763
0.015208
0.021442
0.021954
0.030523
0.024187
0.030026
0.037298
0.039081
0.040685
0.028446
0.033898
0.039859
0.037501
0.032964
0.031987
0.042840
0.017083
0.024522
0.033563
0.029530
0.035596
0.031192
0.027366
0.031732
0.032902
