218	61	33	87
225	56	38	36
219	57	28	51
219	57	30	71
217	57	29	79
215	54	33	81
214	60	35	92
212	61	38	94
212	60	37	96
208	59	41	98
210	62	40	94
208	62	42	94
192	44	47	47
210	61	41	90
205	69	51	95
208	68	48	98
210	72	41	95
209	71	42	103
213	76	41	94
211	87	45	97
214	89	43	92
211	105	45	84
216	100	43	89
216	113	44	82
219	107	43	87
220	120	45	80
224	118	42	82
226	119	42	81
229	122	40	77
231	123	38	76
234	127	35	71
241	126	30	70
244	128	30	63
247	127	31	61
249	123	32	63
254	120	30	62
256	120	29	59
259	117	27	58
264	113	23	57
266	111	24	58
269	109	22	55
272	107	20	54
275	105	18	53
277	103	19	54
278	104	18	51
280	104	18	49
281	102	19	47
281	92	18	52
281	90	20	51
281	85	21	54
280	82	24	54
280	80	24	54
279	78	26	55
278	76	25	55
276	74	26	55
274	71	27	56
272	72	27	56
269	68	28	57
265	68	28	60
261	67	31	60
257	70	33	61
254	67	31	65
252	65	26	66
246	65	30	70
241	64	30	70
238	64	28	73
231	61	32	76
228	63	29	70
222	60	29	74
217	125	29	34
207	126	39	30
197	126	38	27
188	125	39	24
182	101	37	36
173	96	39	40
161	94	42	37
156	56	42	74
148	33	49	90
136	29	54	93
130	21	55	97
121	17	59	95
116	12	63	93
90	18	78	85
88	18	88	83
86	17	87	85
82	15	90	84
96	16	83	86
86	17	95	84
90	21	92	85
98	23	86	83
109	25	81	89
109	33	82	85
121	31	70	95
128	32	70	94
140	30	64	94
145	40	60	94
154	44	54	98
165	49	52	95
175	51	45	95
185	56	40	94
193	67	42	85
202	63	33	88
209	75	28	77
215	70	27	83
222	73	27	78
227	75	27	78
230	78	27	76
235	80	27	74
239	85	24	71
242	86	26	69
246	91	25	65
248	92	26	63
251	91	23	63
254	94	21	59
257	101	19	54
258	98	21	55
262	100	18	53
261	99	21	54
266	108	19	48
264	106	21	51
265	109	22	50
265	112	23	52
266	119	22	49
267	116	22	53
267	120	21	52
266	125	21	52
265	127	22	53
266	131	20	51
266	135	20	51
266	137	21	53
264	143	22	52
262	150	21	52
262	153	22	52
260	159	22	52
259	161	20	49
258	165	19	45
257	170	17	39
256	174	16	33
255	176	19	29
252	179	21	23
246	181	23	23
245	184	21	20
239	186	18	19
235	187	22	18
232	186	22	19
227	186	21	20
223	184	24	21
222	181	24	24
216	178	26	26
214	176	26	30
211	171	26	31
210	167	26	40
206	162	29	47
201	146	34	62
196	139	34	68
193	137	33	66
193	136	36	68
188	122	38	74
186	121	38	70
183	139	34	47
182	132	31	43
178	133	35	40
179	110	39	49
179	91	37	58
179	94	36	48
178	94	36	38
179	91	37	35
175	97	34	23
176	96	33	22
175	92	33	18
174	90	36	18
176	87	32	21
178	84	32	19
179	85	28	19
179	85	30	18
179	88	29	17
178	90	29	16
180	91	29	20
181	94	28	18
181	96	27	20
179	103	29	18
178	106	30	16
177	105	29	22
179	117	27	21
180	126	41	30
174	127	59	32
179	76	31	72
178	86	47	72
177	82	55	81
178	88	54	80
182	91	48	77
181	95	44	74
183	99	38	74
186	104	34	71
184	110	38	68
186	112	32	67
187	119	32	66
188	120	31	67
190	124	30	65
191	125	31	64
193	126	29	65
195	128	29	62
197	129	28	61
198	127	26	61
201	123	24	62
204	122	22	63
206	121	24	61
207	118	27	60
207	116	31	57
206	116	38	59
208	110	38	58
208	107	39	60
206	105	38	59
206	101	40	61
205	100	36	58
204	98	39	58
204	96	37	59
205	94	34	61
202	92	34	58
203	90	34	59
202	90	33	58
204	89	30	60
202	91	34	60
198	88	36	59
198	90	34	59
196	90	26	56
194	91	26	56
192	92	28	56
192	91	29	57
187	93	32	56
186	96	33	56
185	96	33	58
185	97	34	60
186	97	33	60
187	99	37	61
187	98	35	62
190	99	33	62
190	99	33	64
192	101	33	64
194	103	31	65
197	102	39	67
200	101	38	70
208	104	31	67
209	109	32	65
215	109	27	66
218	108	28	72
222	107	26	73
227	106	29	75
233	103	27	76
238	104	28	73
243	101	33	78
243	98	40	77
253	97	35	77
259	90	37	81
261	85	38	84
266	80	40	84
270	75	39	85
275	71	37	84
278	68	38	84
281	63	39	86
285	59	37	84
285	54	39	85
286	50	40	84
288	49	35	80
291	48	33	76
290	45	33	76
291	30	30	78
290	26	30	78
289	26	30	77
286	22	29	76
283	20	29	72
282	21	27	71
280	16	27	75
276	12	26	73
275	8	26	72
273	7	25	73
270	7	26	73
269	5	26	73
264	3	28	74
261	2	28	74
258	4	31	72
254	4	30	74
250	5	29	74
245	6	32	73
241	7	33	71
236	9	33	71
231	12	33	71
229	14	33	73
226	17	32	67
220	14	32	76
216	19	31	75
213	22	30	70
206	34	35	70
207	27	27	62
203	27	30	54
165	42	63	72
168	44	55	76
172	46	44	81
167	51	47	84
167	64	44	73
142	50	62	63
161	69	48	84
163	73	49	86
162	73	52	90
167	80	44	89
168	84	45	88
168	90	62	78
174	92	47	81
178	93	50	79
178	97	42	80
180	109	42	77
183	104	42	81
188	109	37	79
190	110	41	81
195	115	36	78
198	120	36	77
200	122	38	74
202	124	39	74
208	126	29	74
212	127	26	72
215	129	25	70
218	131	26	66
222	130	24	65
223	129	24	65
227	129	23	62
230	131	24	61
231	133	24	58
233	126	21	59
234	125	24	56
236	126	22	57
237	127	21	51
237	125	21	50
239	124	21	49
238	117	21	53
238	114	22	54
238	114	22	54
237	112	22	53
234	104	23	55
234	106	24	56
231	106	22	57
227	101	24	57
225	103	28	60
220	97	31	63
217	97	30	64
213	97	37	65
205	94	44	66
204	92	34	68
199	93	34	69
194	95	38	69
189	92	36	74
181	95	35	74
177	94	34	77
167	91	36	81
159	93	37	83
148	89	38	88
136	86	40	91
125	86	44	88
112	86	49	93
104	86	50	90
97	86	50	89
88	80	53	95
84	83	54	88
77	40	57	65
72	33	59	68
72	62	58	81
69	44	59	89
65	46	57	97
63	66	55	91
61	63	54	94
58	48	60	93
57	51	57	86
53	52	62	83
56	46	64	91
58	44	64	89
81	63	49	94
86	63	47	101
89	68	48	98
95	79	45	89
98	77	51	94
107	80	47	92
111	85	45	87
121	82	46	92
130	84	35	88
136	88	34	88
143	88	34	89
150	92	30	86
155	93	38	84
160	95	38	79
168	96	44	81
164	95	70	79
178	97	62	76
180	96	70	77
183	95	66	74
187	95	58	70
193	94	54	67
196	93	54	66
198	93	55	63
201	93	46	62
205	91	47	63
208	89	47	66
210	87	43	68
212	88	43	69
214	89	43	69
216	87	41	66
214	85	41	60
216	84	33	60
217	85	33	64
216	84	38	71
216	82	41	75
215	82	41	72
213	75	29	61
213	72	23	56
211	70	22	55
210	70	20	54
208	68	20	56
205	68	24	59
202	69	23	59
199	69	25	61
196	71	25	60
192	71	30	64
186	69	29	68
177	67	37	70
150	51	56	75
144	46	51	61
145	49	50	74
141	48	51	80
134	45	52	86
130	41	52	66
125	36	51	66
118	40	56	64
113	37	59	74
114	38	57	92
108	38	60	87
101	41	63	83
91	42	67	91
67	32	80	109
64	39	60	77
54	33	62	71
55	29	78	78
45	25	60	68
32	18	55	65
26	15	50	66
25	14	47	63
21	14	42	65
17	11	38	68
11	12	38	64
9	12	35	62
0	15	40	62
0	13	38	63
0	14	36	61
0	19	36	56
0	21	35	55
0	22	35	53
0	20	35	56
0	30	37	49
0	23	38	56
0	25	36	53
0	33	39	54
0	33	40	55
3	37	40	54
4	40	42	53
12	39	37	54
15	41	39	53
25	44	32	49
22	44	41	49
33	41	35	53
37	41	37	52
39	44	39	53
45	47	37	52
51	50	35	50
59	50	31	50
65	53	30	49
72	57	25	47
77	58	24	47
84	58	23	47
89	58	23	46
94	59	25	44
99	58	26	43
103	56	26	43
109	56	23	42
115	55	22	42
120	54	20	42
125	53	18	42
130	53	18	42
133	53	17	43
137	52	17	45
141	52	18	46
144	54	19	44
147	55	22	44
149	55	22	43
153	52	23	45
170	52	38	55
168	52	46	71
166	51	42	69
166	50	37	70
158	49	46	71
159	52	41	68
152	54	49	66
150	56	49	65
133	53	63	68
141	57	54	70
140	50	51	80
139	55	47	70
138	51	45	80
137	51	42	80
139	55	35	81
139	59	32	84
133	58	36	84
131	73	36	74
129	69	34	81
128	70	36	85
128	79	35	77
125	84	35	79
124	86	36	78
119	98	41	79
115	96	42	83
112	97	47	88
111	119	47	69
110	117	49	77
115	115	49	78
113	129	51	70
117	124	53	79
117	131	56	76
125	128	54	83
128	133	52	81
134	139	43	79
138	144	39	77
143	149	34	72
147	152	31	70
151	157	30	67
157	160	27	61
161	164	25	57
165	168	24	54
171	170	23	47
174	173	23	44
179	175	22	40
184	175	21	39
188	176	22	35
194	174	22	33
196	175	20	33
199	172	19	37
200	170	21	36
205	166	21	38
208	166	23	31
212	160	23	39
214	156	23	44
216	149	23	51
213	146	26	54
215	144	23	55
215	141	35	55
220	138	30	55
216	134	39	51
220	128	37	55
219	125	35	53
222	121	30	55
219	117	33	56
218	110	34	56
217	104	34	60
216	99	34	61
215	96	33	61
214	89	31	61
214	85	30	62
216	82	28	60
211	75	33	67
211	72	30	62
209	70	26	61
207	66	26	58
204	62	28	58
200	59	30	59
187	46	36	63
170	43	51	61
169	42	55	58
167	36	51	62
163	34	53	62
161	27	50	69
161	23	49	73
164	10	45	82
161	16	42	76
167	7	45	64
160	4	38	73
162	7	48	66
157	7	45	66
152	2	42	77
145	3	47	74
139	2	52	79
120	20	53	75
117	8	60	91
120	13	61	78
108	18	65	73
106	23	69	63
103	23	67	65
98	29	68	60
99	28	66	65
121	27	53	72
119	31	54	74
120	33	54	72
126	38	49	72
129	34	46	88
132	49	45	78
138	44	39	87
141	46	39	89
143	62	36	81
147	62	33	84
150	76	34	77
156	77	31	83
160	89	30	78
163	99	28	72
168	104	30	75
171	110	28	73
172	109	29	78
176	114	28	74
181	124	27	70
179	132	30	70
185	131	29	70
190	133	25	71
194	136	26	67
195	140	27	66
200	142	28	65
203	143	33	63
201	145	38	63
206	143	38	62
211	148	34	59
214	148	28	56
215	148	28	57
216	149	24	54
217	149	25	55
218	151	24	53
221	151	23	52
223	151	26	53
222	152	25	52
222	147	26	53
219	151	29	51
219	152	26	50
220	152	27	50
216	148	31	53
216	151	28	51
216	152	23	50
215	150	22	52
213	148	21	53
214	145	21	54
209	143	23	56
208	140	24	56
205	141	25	54
203	134	26	55
200	128	28	57
199	126	30	58
192	118	64	58
193	115	34	58
191	112	35	61
189	108	37	61
185	104	38	62
183	98	34	65
182	93	31	61
180	88	29	67
176	84	29	70
172	72	32	78
170	79	30	71
168	81	31	67
164	51	25	54
161	52	28	57
158	49	29	61
154	49	30	60
154	48	28	73
149	46	31	69
145	48	31	70
141	47	33	72
136	45	35	75
128	44	42	80
123	46	40	73
121	46	32	60
113	52	30	55
104	52	33	54
97	51	35	56
92	52	32	55
85	47	31	58
80	45	30	61
75	44	27	60
70	44	25	59
63	44	24	57
57	43	23	58
48	43	26	57
42	41	28	61
34	39	30	60
32	36	28	60
24	35	31	63
21	33	30	63
18	30	27	60
17	30	26	58
14	29	25	59
9	30	26	57
7	29	26	57
6	31	26	54
5	30	25	55
2	29	28	56
0	31	31	57
3	30	27	56
4	31	27	54
8	37	25	52
10	37	23	52
12	34	23	54
14	36	25	55
17	32	27	58
19	32	29	60
22	34	30	61
27	34	29	60
31	37	28	59
36	39	25	58
41	40	24	59
47	44	23	57
51	41	23	58
56	43	24	57
63	43	24	59
69	46	25	57
75	49	26	55
79	50	29	53
86	49	30	56
92	49	30	54
97	51	31	52
103	51	31	55
110	51	28	54
118	52	25	53
123	51	25	52
128	49	24	54
134	49	24	55
139	49	25	52
143	49	26	51
148	48	26	51
153	48	28	51
157	47	28	50
159	48	31	49
191	11	48	66
186	8	52	64
182	8	51	64
178	4	50	69
169	9	49	82
167	9	44	76
161	11	49	76
158	16	51	66
158	18	43	80
154	18	44	75
149	26	48	79
148	27	45	78
146	32	46	74
145	33	44	81
134	39	49	83
133	44	50	80
131	52	49	72
128	50	53	71
129	51	47	68
124	51	47	89
122	40	45	79
121	35	45	86
119	45	43	67
117	45	43	92
118	41	37	86
103	79	38	85
99	82	40	85
94	87	43	81
95	94	43	75
92	96	41	83
86	114	39	67
86	111	36	71
83	117	38	71
83	119	35	72
81	121	34	69
84	122	32	67
83	123	31	68
85	126	30	66
87	125	28	66
88	126	26	66
90	126	25	65
92	128	24	64
93	130	26	66
95	132	26	66
98	132	24	68
101	135	24	66
103	135	24	68
106	139	24	66
108	139	24	67
110	141	24	66
112	143	25	66
115	144	24	66
118	144	27	67
121	145	25	66
124	144	25	65
129	144	25	65
131	143	26	66
134	136	29	71
137	137	30	66
143	133	29	67
148	132	28	65
154	125	26	67
159	119	28	68
162	117	30	67
164	109	43	69
165	103	63	69
172	97	73	75
170	93	67	75
179	83	68	82
177	78	64	80
187	79	62	80
184	70	60	85
170	47	58	89
169	43	57	84
170	43	54	77
168	42	57	73
168	41	60	69
166	41	64	66
165	37	62	69
163	38	64	69
161	41	64	63
158	43	62	64
155	39	67	68
151	40	67	68
147	39	67	66
144	35	64	69
141	41	61	64
138	39	59	67
135	40	63	74
129	42	66	74
128	44	63	78
127	45	60	78
123	47	61	77
119	49	61	83
111	52	58	88
106	60	55	76
100	54	57	92
96	61	56	84
90	57	59	95
89	56	53	101
91	79	44	93
87	79	40	97
82	79	41	107
77	90	38	98
70	91	43	106
64	97	42	102
58	107	45	95
52	110	48	99
48	132	47	80
50	137	47	71
46	139	47	72
43	149	51	72
46	147	48	73
50	145	45	75
53	143	41	76
57	142	40	79
60	143	40	77
65	142	41	75
70	141	40	77
74	140	40	77
80	142	39	74
82	144	41	70
87	141	39	73
96	139	37	72
102	135	37	72
109	137	38	71
116	127	35	76
125	126	34	72
132	124	31	70
137	121	34	69
144	112	32	73
150	113	31	69
159	103	30	73
165	104	31	65
171	102	35	63
180	92	27	66
179	88	38	68
191	81	44	74
195	79	56	77
196	77	51	77
204	66	42	74
205	62	26	64
210	56	23	62
212	52	27	61
213	50	27	60
213	47	27	58
215	44	28	59
217	43	26	60
217	42	27	58
217	41	26	62
217	39	28	62
218	39	28	60
218	38	28	62
216	35	29	65
213	37	31	64
211	41	34	62
210	41	34	63
207	42	39	62
202	40	41	66
200	45	42	67
197	43	42	69
193	48	42	65
188	40	44	77
185	40	44	80
178	33	40	69
172	37	46	88
159	29	53	94
154	29	49	93
146	28	50	100
135	25	51	96
126	9	61	68
109	9	55	103
85	13	68	102
74	5	74	103
55	1	81	99
46	0	81	99
16	1	102	91
10	0	98	88
17	0	86	85
17	0	76	81
18	0	72	79
14	2	68	77
13	0	67	77
13	4	66	74
14	3	68	74
18	4	66	78
19	6	71	77
22	8	71	76
28	6	75	82
28	5	79	89
32	9	79	87
39	11	77	85
45	12	71	89
57	12	69	91
51	12	80	95
58	21	78	87
60	25	84	84
65	26	78	80
84	30	69	81
85	35	73	77
92	38	72	73
109	40	63	75
108	42	65	74
113	43	66	73
119	44	64	72
123	48	66	68
132	51	54	67
166	55	32	70
169	60	28	67
178	64	27	66
178	72	28	61
185	71	25	62
185	72	28	63
188	77	28	61
190	79	28	62
193	83	28	60
197	88	40	66
198	91	35	59
202	94	31	59
202	95	43	59
204	96	40	57
209	96	44	58
208	100	43	57
210	103	36	55
208	102	38	55
211	106	39	53
213	109	36	54
213	111	32	52
214	113	30	53
217	115	26	52
217	120	23	50
215	123	32	49
216	126	25	52
217	129	26	53
218	130	27	53
216	132	29	52
216	133	27	55
216	135	28	57
214	137	25	58
214	140	24	57
214	139	25	60
213	143	23	58
211	144	23	58
207	146	24	58
205	146	24	60
202	146	26	60
200	146	26	62
197	145	27	63
195	143	31	66
193	141	35	65
190	141	41	66
185	138	44	66
183	138	44	65
185	139	32	62
182	134	35	61
185	132	33	61
185	128	29	64
186	124	27	63
184	123	27	62
187	119	25	63
180	122	56	58
182	119	53	60
184	116	27	63
181	112	24	63
182	111	22	64
182	109	23	62
181	107	24	62
180	106	23	60
180	104	23	61
178	101	24	61
179	99	22	61
178	99	23	60
176	97	23	59
176	95	22	58
174	93	22	60
173	92	23	60
171	92	24	58
169	88	22	58
167	86	24	61
167	85	23	59
164	84	24	59
162	84	25	59
160	87	25	58
159	87	25	61
157	88	25	58
155	90	25	60
154	91	26	58
153	92	27	57
149	98	28	57
146	97	29	60
145	106	28	55
143	107	30	57
143	112	29	56
141	112	29	57
140	116	28	56
138	119	29	58
137	121	29	58
136	124	30	60
137	126	30	61
137	129	29	62
137	133	30	61
137	137	31	61
137	140	31	60
139	143	32	61
138	148	33	61
141	150	33	60
142	154	35	60
145	157	35	59
147	161	36	59
149	163	37	59
152	165	37	58
156	167	36	57
161	170	35	55
166	171	34	53
174	172	29	50
178	172	29	48
183	176	29	43
191	175	28	37
199	175	25	31
201	176	28	25
209	163	28	34
216	148	32	50
217	139	35	59
223	153	29	52
227	155	25	52
230	154	26	50
229	148	28	56
235	145	30	62
230	140	36	64
229	137	44	62
244	132	34	63
248	127	34	61
249	123	35	59
260	119	26	57
265	112	24	59
267	104	22	60
268	102	23	57
271	93	21	60
270	88	21	57
272	83	21	57
271	79	23	59
269	73	25	57
267	68	26	59
267	64	26	60
264	57	26	59
262	54	26	59
261	50	26	62
259	46	25	63
257	47	25	63
253	45	28	61
249	36	27	65
246	35	28	66
241	32	29	65
238	31	28	66
233	29	29	69
229	31	30	69
226	33	27	67
221	32	25	62
213	35	28	43
201	37	31	39
193	36	31	38
193	47	28	31
190	46	27	38
184	47	27	46
176	51	29	46
165	70	30	65
153	79	37	71
144	83	36	72
138	82	37	73
132	78	38	80
127	68	37	73
