0.020663
0.047106
0.033297
0.039068
0.028293
0.034200
0.045211
0.038573
0.045609
0.034050
0.033048
0.036849
0.035562
0.029865
0.040411
0.039955
0.029522
0.031801
0.032884
0.020154
0.048527
0.035816
0.037724
0.033951
0.040273
0.034678
0.019903
0.031369
0.032358
0.035287
0.025522
0.040437
0.033531
0.036169
0.019264
0.037839
0.028225
0.035557
0.019974
0.038018
0.031422
0.023758
0.026532
0.019941
0.024148
0.024249
0.030605
0.025366
0.032817
0.030038
0.038585
0.033141
0.029869
0.033264
0.043247
0.033433
0.033472
0.023861
0.026323
0.024436
0.039143
0.037871
0.031574
0.035594
0.037516
0.030225
0.022526
0.026201
0.030887
0.028036
0.015957
0.019791
0.027686
0.029752
0.023119
0.022988
0.033860
0.026154
0.033627
0.019432
0.033762
0.030744
0.022792
0.029129
0.027175
0.037770
0.045160
0.027152
0.033911
0.038127
0.034892
0.030091
0.031886
0.029863
0.032929
0.034689
0.035459
0.036427
0.022098
0.037843
0.041478
0.028123
0.025821
0.037005
0.023397
0.034434
0.030621
0.037186
0.021705
0.037432
0.023981
0.042142
0.037896
0.033898
0.039222
0.032251
0.025148
0.036760
0.023980
0.018381
0.030382
0.034193
0.030271
0.025967
0.032510
0.036689
0.032181
0.028762
0.046103
0.046358
0.068676
0.054650
0.044424
0.042050
0.041970
0.057343
0.044802
0.058363
0.062163
0.034889
0.038520
0.047128
0.062373
0.046624
0.040392
0.042253
0.064413
0.034086
0.025641
0.061594
0.035505
0.044191
0.047369
0.050082
0.033425
0.037415
0.037418
0.045655
0.028731
0.032648
0.045356
0.037996
0.051775
0.043044
0.043139
0.026727
0.042041
0.050344
0.034256
0.025182
0.023859
0.030687
0.029263
0.040820
0.023645
0.020802
0.022351
0.024482
0.022273
0.017858
0.025641
0.026277
0.017146
0.027315
0.021518
0.025902
0.025609
0.030962
0.020423
0.031569
0.025383
0.023387
0.020680
0.030933
0.033614
0.027108
0.042361
0.031869
0.029915
0.032278
0.031680
0.016540
0.041050
0.024318
0.028687
0.025360
0.020121
0.027725
0.022399
0.024873
0.022974
0.023015
0.028736
0.018981
0.030779
0.026328
0.028667
0.025360
0.036008
0.023964
0.035273
0.037450
0.030778
0.032180
0.038141
0.030483
0.033774
0.038876
0.021523
0.028651
0.039265
0.029714
0.034168
0.029119
0.028056
0.031848
0.034960
0.027997
0.023617
0.027739
0.024866
0.025400
0.030287
0.026543
0.035601
0.041933
0.025944
0.041528
0.037170
0.025829
0.025259
0.031844
0.028965
0.034744
0.039858
0.033528
0.032889
0.034075
0.031794
0.016674
0.035768
0.029454
0.031017
0.033002
0.023900
0.035068
0.025419
0.034490
0.032583
0.031946
0.025876
0.032832
0.035368
0.037608
0.035623
0.034154
0.035382
0.028010
0.031027
0.033116
0.020636
0.029408
0.027169
0.021431
0.022552
0.016943
0.033084
0.027298
0.028167
0.029484
0.027245
0.027767
0.020303
0.028714
0.026273
0.025319
0.022337
0.025220
0.019923
0.027917
0.026787
0.035164
0.027182
0.027899
0.015753
0.022565
0.016121
0.025492
0.019207
0.024116
0.024474
0.017430
0.027440
0.026390
0.023864
0.022705
0.034513
0.042555
0.031557
0.025308
0.044020
0.022149
0.022508
0.022888
0.031143
0.022813
0.029917
0.028873
0.029662
0.034283
0.046118
0.043597
0.034007
0.034926
0.032588
0.032597
0.027823
0.032330
0.027862
0.024517
0.018970
0.032661
0.023394
0.035447
0.023723
0.029333
0.029041
0.027704
0.022995
0.021563
0.029203
0.025143
0.021113
0.028059
0.026639
0.018984
0.020465
0.020926
0.021738
0.025960
0.031025
0.026615
0.023528
0.026794
0.032692
0.020467
0.024913
0.026322
0.036007
0.034055
0.032376
0.017445
0.030205
0.029078
0.024837
0.035777
0.023695
0.034029
0.035616
0.029633
0.024136
0.028690
0.024989
0.018445
0.022814
0.033420
0.035319
0.031165
0.030752
0.024708
0.048668
0.025953
0.026716
0.039072
0.039931
0.018384
0.038278
0.033070
0.037699
0.029226
0.032980
0.024641
0.033193
0.036151
0.036092
0.030192
0.025758
0.042309
0.027378
0.027770
0.029045
0.022949
0.035658
0.027450
0.050108
0.043360
0.038517
0.025194
0.021919
0.026448
0.026200
0.019483
0.022910
0.017622
0.028372
0.028136
0.029973
0.029857
0.038161
0.038310
0.027329
0.032360
0.018958
0.034931
0.028715
0.021608
0.028208
0.030469
0.025032
0.025582
0.030675
0.037267
0.030577
0.026265
0.019318
0.039531
0.030956
0.027614
0.022588
0.039490
0.025286
0.025803
0.024696
0.024792
0.029026
0.024406
0.030265
0.021993
0.032172
0.041836
0.060133
0.037866
0.039253
0.029982
0.039096
0.026159
0.032321
0.026220
0.028856
0.036111
0.035503
0.038052
0.023573
0.037822
0.030523
0.025734
0.022717
0.036113
0.020339
0.023332
0.031387
0.029241
0.024492
0.018040
0.030918
0.026965
0.020516
0.025935
0.032205
0.027884
0.030801
0.030158
0.036878
0.029135
0.029660
0.028295
0.038001
0.035555
0.025897
0.026018
0.031132
0.039760
0.029543
0.030190
0.026075
0.025870
0.031380
0.029692
0.032929
0.033955
0.028499
0.035993
0.030597
0.034868
0.041430
0.030251
0.035576
0.032878
0.041878
0.034768
0.037775
0.029303
0.030101
0.035894
0.033314
0.033733
0.034845
0.031276
0.021555
0.026054
0.040522
0.040346
0.021929
0.036958
0.027240
0.039083
0.031929
0.026395
0.030463
0.029784
0.029932
0.019841
0.026449
0.032563
0.030097
0.027581
0.039676
0.039303
0.037246
0.032005
0.028630
0.023066
0.024482
0.036788
0.036033
0.021276
0.018804
0.030932
0.026159
0.037125
0.026896
0.027939
0.029219
0.032637
0.028060
0.030815
0.037817
0.032838
0.030416
0.034036
0.032832
0.019215
0.031499
0.038712
0.045501
0.031059
0.031404
0.027973
0.034248
0.028006
0.032091
0.024937
0.029495
0.017269
0.024436
0.026887
0.026407
0.035830
0.036000
0.037704
0.039339
0.036402
0.042909
0.043468
0.032487
0.035279
0.054919
0.037045
0.032517
0.035783
0.030697
0.038674
0.034496
0.032480
0.037597
0.029391
0.035113
0.022679
0.022824
0.026700
0.030063
0.028856
0.029619
0.044312
0.025824
0.035922
0.035254
0.039614
0.029801
0.036345
0.041874
0.046521
0.038947
0.035924
0.028082
0.028759
0.031097
0.038210
0.025896
0.033702
0.038451
0.036894
0.045738
0.070058
0.046912
0.030545
0.051018
0.035698
0.026670
0.030948
0.027564
0.029382
0.037250
0.031368
0.030799
0.043733
0.040841
0.045693
0.046795
0.045315
0.035833
0.041278
0.065114
0.054468
0.047070
0.057254
0.044158
0.049202
0.051950
0.042079
0.044544
0.045330
0.045633
0.021660
0.053190
0.043168
0.033981
0.036032
0.041386
0.028463
0.026400
0.025529
0.023536
0.028879
0.044909
0.040206
0.041452
0.033046
0.036427
0.039524
0.046627
0.032724
0.033584
0.033012
0.027478
0.033653
0.046846
0.072207
0.034460
0.053484
0.053691
0.018699
0.037686
0.028408
0.053702
0.020913
0.018528
0.035656
0.030213
0.027831
0.038335
0.027149
0.024980
0.020861
0.018868
0.020357
0.029238
0.035108
0.028745
0.032499
0.022220
0.028909
0.025184
0.022837
0.025577
0.026740
0.016678
0.014040
0.023689
0.053066
0.028397
0.035729
0.030179
0.028535
0.023128
0.042679
0.037923
0.027123
0.026912
0.035195
0.038703
0.033283
0.035519
0.026056
0.039379
0.029912
0.044728
0.029461
0.025188
0.030843
0.020337
0.036756
0.036964
0.038731
0.032314
0.031549
0.044500
0.045500
0.039223
0.036540
0.034447
0.034718
0.031399
0.038465
0.035424
0.040917
0.037353
0.045071
0.033401
0.051414
0.033486
0.041071
0.051628
0.038349
0.042815
0.028286
0.033762
0.020973
0.033801
0.025270
0.044305
0.036602
0.025956
0.028818
0.043417
0.042197
0.040709
0.024761
0.031804
0.046800
0.035932
0.034686
0.028947
0.035723
0.026203
0.031501
0.028509
0.022100
0.028979
0.030048
0.030875
0.034493
0.036954
0.026541
0.027634
0.063646
0.026870
0.030399
0.036020
0.041291
0.033714
0.030708
0.038669
0.031929
0.033805
0.026099
0.030387
0.030972
0.034702
0.040180
0.031866
0.032369
0.021369
0.035933
0.024652
0.017843
0.041866
0.028907
0.032458
0.035885
0.038676
0.025658
0.044106
0.033196
0.037885
0.042362
0.043655
0.033960
0.051650
0.023190
0.033374
0.044128
0.029325
0.020801
0.028488
0.024952
0.029923
0.028422
0.028355
0.032280
0.037507
0.032389
0.053962
0.041355
0.040905
0.038293
0.034036
0.030227
0.024600
0.032071
0.036787
0.032227
0.023287
0.027896
0.030602
0.031943
0.041432
0.029657
0.046602
0.024318
0.031641
0.034899
0.031607
0.032235
0.029024
0.022043
0.032281
0.029104
0.030574
0.036058
0.032751
0.025410
0.051579
0.035208
0.033480
0.026540
0.031005
0.036483
0.037060
0.036798
0.026892
0.029305
0.037879
0.037914
0.036170
0.027937
0.030847
0.028765
0.026067
0.030404
0.033832
0.044104
0.025051
0.059161
0.028203
0.039899
0.039957
0.032736
0.026020
0.027717
0.042922
0.032277
0.025378
0.030099
0.030412
0.026984
0.034429
0.037314
0.026245
0.029376
0.032128
0.037874
0.026460
0.031239
0.024646
0.037437
0.027210
0.027776
0.033367
0.037870
0.033160
0.023505
0.020287
0.035681
0.029396
0.030893
0.033519
0.035843
0.036658
0.034143
0.028377
0.035294
0.022194
0.018002
0.026847
0.026113
0.026434
0.019691
0.028141
0.025615
0.030199
0.029054
0.027707
0.024337
0.028951
0.029723
0.029166
0.023852
0.022225
0.026416
0.028749
0.026885
0.018978
0.021597
0.023844
0.027786
0.031513
0.022087
0.025289
0.027672
0.029122
0.027569
0.038119
0.046045
0.027599
0.019222
0.027999
0.030694
0.032188
0.038890
0.037946
0.029468
0.046858
0.026867
0.054516
0.044762
0.024761
0.037178
0.038168
0.049615
0.026973
0.042519
0.029488
0.034753
0.029561
0.037020
0.025847
0.037110
0.028502
0.030600
0.038037
0.020930
0.040267
0.047417
0.032155
0.026882
0.029958
0.032243
0.017384
0.028586
0.036134
0.032346
0.021405
0.026187
0.024025
0.021579
0.032122
0.042648
0.030651
0.031721
0.033148
0.031006
0.035372
0.027684
0.025058
0.023635
0.033755
0.031268
0.028115
0.031857
0.037381
0.028412
0.036518
0.027547
0.025369
0.030145
0.033519
0.029018
0.026765
0.022296
0.025144
0.023047
0.033017
0.034951
0.045710
0.039666
0.050023
0.085571
0.061212
0.044712
0.041264
0.031728
0.025926
0.039407
0.027750
0.027369
0.023219
0.030977
0.032211
0.027091
0.030835
0.024565
0.022581
0.039186
0.026181
0.030469
0.027324
0.026897
0.035361
0.037931
0.030662
0.025278
0.034741
0.033258
0.039978
0.047122
0.037244
0.021588
0.038111
0.024496
0.048935
0.030828
0.033074
0.029302
0.035184
0.034593
0.035035
0.026560
0.034249
0.038913
0.026802
0.021091
0.026469
0.027229
0.030147
0.028620
0.035082
0.035884
0.035591
0.035753
0.037879
0.031458
0.057073
0.042143
0.029871
0.048638
0.041312
0.041652
0.033334
0.035055
0.035724
0.032322
0.029271
0.031097
0.032108
0.049397
0.043768
0.029983
0.030937
0.021494
0.035726
0.023458
0.037337
0.031265
0.032095
0.027610
0.025693
0.029005
0.027361
0.031767
0.039395
0.027561
0.035057
0.029418
0.043622
0.024257
0.042228
0.027816
0.023414
0.033598
0.030530
0.035415
0.033340
0.045331
0.038988
0.051117
0.049671
0.030656
0.048523
0.040647
0.042656
0.027951
0.023401
0.023776
0.026855
0.022943
0.027441
0.018405
0.024611
0.025638
0.026140
0.042699
0.034611
0.029477
0.031791
0.032552
0.020470
0.030765
0.025136
0.033508
0.044954
0.032340
0.033530
0.028872
0.040400
0.028689
0.022244
0.018241
0.021623
0.026500
0.024371
0.018541
0.020689
0.023373
0.023498
0.025568
0.033532
0.023520
0.021770
0.025529
0.021257
0.027183
0.036864
0.035758
0.039230
0.035096
0.033154
0.037372
0.038122
0.038056
0.053326
0.032794
0.042214
0.030107
0.029446
0.024122
0.036609
0.028258
0.038018
0.021828
0.027189
0.021106
0.024297
0.029215
0.038408
0.028140
0.035346
0.025399
0.032833
0.035257
0.027557
0.032981
0.049924
0.038872
0.019416
0.023045
0.026125
0.024546
0.019791
0.020040
0.026701
0.031586
0.016935
0.030459
0.024772
0.034553
0.038135
0.030330
0.033843
0.032947
0.033026
0.025308
0.024989
0.029740
0.024144
0.050038
0.042232
0.034259
0.040000
0.032704
0.027406
0.028156
0.044217
0.034539
0.026759
0.036187
0.037640
0.031464
0.033892
0.032578
0.035491
0.035274
0.030574
0.039952
0.048012
0.033348
0.029586
0.034683
0.036362
0.036818
0.028375
0.031579
0.026864
0.024944
0.026182
0.029674
0.021946
0.027747
0.035722
0.037265
0.039832
0.042338
0.027014
0.036427
0.036242
0.025700
0.036413
0.037108
0.037272
0.027449
0.019107
0.035362
0.040694
0.041644
0.030021
0.039980
0.050173
0.032571
0.046333
0.036896
0.039117
0.040830
0.036450
0.046081
0.044384
0.024737
0.035930
0.038559
0.024777
0.041559
0.045677
0.037384
0.036679
0.038073
0.042663
0.038360
0.031256
0.044551
0.035190
0.040126
0.043075
0.044790
0.025765
0.038863
0.023484
0.041448
0.044985
0.033856
0.033719
0.029690
0.025043
0.027586
0.041513
0.040462
0.033387
0.033389
0.037678
0.032885
0.045277
0.045287
0.047494
0.042211
0.032232
0.044846
0.031068
0.042717
0.050655
0.040008
0.045800
0.033280
0.046474
0.036349
0.044167
0.029485
0.028313
0.045603
0.063196
0.062449
0.034670
0.025115
0.035158
0.044322
0.043598
0.039750
0.037217
0.042056
0.032665
0.033334
0.035164
0.035805
0.032494
0.028938
0.039273
0.029188
0.025421
0.023854
0.039639
0.026423
0.033061
0.038003
0.021317
0.032714
0.029998
0.040933
0.033807
0.029116
0.038569
0.043174
0.036921
0.030719
0.044096
0.023900
0.031117
0.034332
0.034738
0.027654
0.030015
0.042928
0.046445
0.076365
0.050188
0.052543
0.050869
0.031512
0.046377
0.042925
0.049260
0.038059
0.049729
0.042917
0.022618
0.037499
0.040482
0.052047
0.036412
0.031674
0.041689
0.027966
0.033755
0.036999
0.034349
0.036858
0.026005
0.029167
0.022730
0.040034
0.030041
0.046209
0.041366
0.034958
0.026369
0.039232
0.040567
0.032443
0.034889
0.041778
0.040780
0.016883
0.031297
0.031682
0.036414
0.026755
0.025654
0.026525
0.031180
0.030173
0.036244
0.039603
0.035173
0.028579
0.039417
0.033034
0.033623
0.034590
0.028224
0.034746
0.044265
0.037788
0.048897
0.035769
0.033735
0.031349
0.039038
0.036832
0.024071
0.023915
0.030843
0.028018
0.034528
0.040075
0.042171
0.038934
0.031208
0.040178
0.027085
0.035088
0.034871
0.030349
0.025733
0.027294
0.039634
0.026566
0.027370
0.027804
0.023895
0.022227
0.026000
0.024103
0.032710
0.019213
0.027209
0.029039
0.040618
0.034286
0.036603
0.042027
0.023858
0.034167
0.039813
0.033558
0.038335
0.019329
0.030801
0.023188
0.022817
0.040586
0.038329
0.039432
0.024583
0.046467
0.035767
0.035136
0.042737
0.023706
0.030476
0.023576
0.029012
0.033850
0.026106
0.032054
0.030391
0.022800
0.026275
0.026809
0.038563
0.037587
0.037633
0.031759
0.029537
0.044700
0.025259
0.040717
0.032707
0.033385
0.020611
0.037303
0.042159
0.038441
0.024769
0.020613
0.019393
0.030997
0.026415
0.025839
0.014479
0.025678
0.026488
0.019332
0.035044
0.030010
0.028855
0.031764
0.026665
0.043796
0.023181
0.033649
0.024377
0.027846
0.029708
0.035156
0.025599
0.033094
0.033928
0.028527
0.025327
0.028454
0.043800
0.032154
0.027228
0.019909
0.020981
0.018594
0.025300
0.032540
0.024336
0.017928
0.020916
0.022066
0.027985
0.020042
0.032697
0.028116
0.029553
0.023752
0.026885
0.034486
0.037405
0.029619
0.015428
0.027992
0.041403
0.034690
0.026779
0.037486
0.034553
0.036570
0.039430
0.028434
0.033639
0.031757
0.034172
0.024184
0.038914
0.039062
0.029208
0.029586
0.041740
0.024609
0.034460
0.034387
0.031739
0.026548
0.034840
0.039282
0.025604
0.029927
0.037652
0.024713
0.024077
0.033016
0.031759
0.024822
0.026187
0.027767
0.018216
0.029632
0.029224
0.029311
0.033453
0.032277
0.035332
0.022627
0.043954
0.043541
0.034154
0.022860
0.033400
0.043908
0.047796
0.035847
0.027998
0.021881
0.034373
0.040033
0.041338
0.045601
0.026015
0.037403
0.026805
0.045079
0.048328
0.041102
0.039646
0.037931
0.023360
0.032551
0.039431
0.021848
0.031225
0.030936
0.035152
0.045867
0.039069
0.028095
0.044732
0.035854
0.043586
0.046123
0.030680
0.047807
0.033309
0.035701
0.026656
0.020787
0.019922
0.033345
0.042155
0.034015
0.021670
0.029373
0.029768
0.026280
0.039143
0.035360
0.023351
0.032215
0.018207
0.026502
0.033863
0.034994
0.038917
0.042300
0.043386
0.045240
0.045927
0.048483
0.034607
0.036685
0.026527
0.032121
0.019864
0.029912
0.030753
0.026879
0.037786
0.032427
0.022448
0.024714
0.025955
0.026678
0.037420
0.027447
0.025071
0.034832
0.043115
0.026269
0.031925
0.029048
0.026868
0.036376
0.024356
0.042079
0.035733
0.030247
0.019209
0.029333
0.034342
0.021313
0.037738
0.032618
0.050150
0.047681
0.031581
0.043997
0.039267
0.026063
0.039082
0.032642
0.040970
0.040010
0.040293
0.032822
0.027015
0.039654
0.038165
0.037204
0.041572
0.034504
0.040294
0.036908
0.041619
0.033548
0.044994
0.036672
0.037549
0.019474
0.025964
0.027822
0.039049
0.038178
0.036948
0.051904
0.039071
0.035963
0.031081
0.045743
0.037332
0.043035
0.033901
0.030298
0.030549
0.038209
0.032681
0.033509
0.032561
0.046671
0.034397
0.049234
0.031733
0.032089
0.047287
0.024767
0.039530
0.021852
0.025314
0.035459
0.041460
0.034076
0.029166
0.037183
0.027858
0.033562
0.032663
0.036737
0.048206
0.040376
0.039080
0.021199
0.032341
0.044691
0.041171
0.031928
0.029309
0.043788
0.028096
0.049057
0.051389
0.043561
0.052217
0.038587
0.048846
0.037268
0.037852
0.022282
0.052777
0.045489
0.036575
0.041209
0.040516
0.032517
0.035088
0.029607
0.029589
0.039381
0.032501
0.033913
0.028228
0.023987
0.042222
0.035310
0.035717
0.034931
0.039985
0.035495
0.035117
0.043513
0.034083
0.028840
0.029890
0.037407
0.033872
0.040171
0.040760
0.038207
0.038216
0.027448
0.053566
0.042028
0.032243
0.042513
0.030448
0.035665
0.051656
0.037091
0.055065
0.036509
0.037040
0.023829
0.036889
0.043765
0.028984
0.035244
0.043923
0.031728
0.031218
0.045032
0.039745
0.023929
0.040035
0.048151
0.036807
0.027553
0.030123
0.037961
0.046178
0.055260
0.048184
0.026433
0.024767
0.037225
0.041571
0.046606
0.033293
0.032467
0.028216
0.042969
0.035070
0.045012
0.023916
0.029839
0.040255
0.039054
0.035182
0.034598
0.032270
0.037874
0.032997
0.040459
0.042114
0.031571
0.037433
0.034975
0.042112
0.028758
0.034833
0.027895
0.036170
0.033837
0.026185
0.027436
0.020509
0.026047
0.039707
0.031102
0.021862
0.026543
0.019459
0.026677
0.034253
0.037158
0.034439
0.053232
0.037475
0.043649
0.044946
0.040791
0.051432
0.057602
0.040941
0.041717
0.047518
0.040274
0.041198
0.029075
0.032188
0.043458
0.039654
0.037601
0.048944
0.032631
0.031463
0.031119
0.036079
