92	146	58	44
99	143	57	41
98	141	59	45
100	141	62	46
106	139	61	46
110	137	60	47
112	135	61	46
115	133	62	46
118	130	61	48
121	132	64	46
127	129	61	48
130	128	62	48
133	127	62	48
137	127	62	47
141	127	62	48
143	126	62	49
147	126	63	48
149	124	64	50
152	124	63	50
154	123	62	51
157	122	63	52
158	120	64	53
159	121	65	53
161	122	64	54
164	121	62	54
162	120	68	57
165	123	65	55
163	123	68	57
161	125	69	57
163	124	69	59
161	127	71	61
157	130	76	59
157	129	75	63
156	135	76	62
152	139	79	62
150	143	81	62
149	146	82	64
145	154	84	61
142	158	85	64
138	163	86	66
133	168	87	65
131	165	88	69
125	170	90	69
120	175	92	71
113	178	94	72
107	178	97	76
97	182	94	72
98	183	100	72
94	183	96	75
87	185	100	73
81	185	100	74
75	185	101	73
69	184	100	74
66	184	102	72
61	182	100	74
61	180	99	75
53	180	100	74
53	181	101	75
47	182	100	73
47	180	101	71
45	181	99	70
51	179	94	70
52	183	90	66
48	178	92	71
50	180	92	69
45	184	91	66
51	179	89	67
53	182	86	65
51	183	85	64
56	179	81	63
61	177	81	63
64	177	78	63
67	174	76	63
72	173	75	62
74	174	71	62
78	172	70	60
82	171	69	60
86	171	67	58
91	169	63	57
93	168	62	58
95	167	63	56
100	165	63	56
104	165	59	54
108	161	58	56
113	159	55	57
117	156	53	56
121	155	51	55
125	153	50	54
129	151	49	53
133	150	50	53
135	149	47	53
140	147	47	52
144	146	44	53
148	146	42	53
150	146	41	51
152	146	40	51
155	144	40	52
157	146	38	51
159	145	37	50
162	146	35	51
163	145	35	50
164	145	35	51
166	148	32	49
167	148	32	49
170	148	30	48
169	149	31	49
168	150	31	49
166	150	33	50
167	150	32	50
165	152	32	49
164	154	32	50
163	155	33	51
162	157	31	50
161	159	31	51
159	160	29	52
158	161	30	51
155	163	30	53
153	164	30	54
150	166	31	55
147	169	32	55
145	169	31	55
142	171	30	55
139	173	31	55
137	175	30	56
133	176	30	54
130	178	29	55
127	180	30	55
124	180	30	56
120	182	31	55
117	182	30	56
114	183	31	57
113	185	30	56
110	185	34	51
111	185	34	50
111	183	29	55
106	180	33	55
106	181	31	55
107	180	28	57
104	181	31	56
105	179	29	58
103	177	27	59
103	179	31	55
102	177	29	58
104	176	26	56
104	176	27	56
106	175	25	56
112	174	25	54
119	172	26	54
124	171	27	54
126	167	28	53
125	163	29	56
127	163	30	58
132	167	32	58
140	176	31	54
145	184	31	51
152	188	34	52
158	192	36	51
164	195	37	51
171	191	35	56
176	190	38	53
186	186	34	53
190	182	40	52
201	179	36	53
208	175	37	52
209	168	41	53
214	158	46	53
218	147	46	55
218	132	49	55
223	121	38	51
215	114	45	59
210	109	49	49
198	109	48	51
194	110	43	55
184	112	50	53
176	116	49	54
178	121	40	54
163	132	53	49
167	136	50	54
183	139	38	50
180	147	41	50
187	149	39	52
199	149	37	51
208	143	36	54
218	134	32	55
210	126	46	53
191	123	64	49
221	110	39	46
216	105	36	54
218	105	24	55
180	105	46	60
177	110	42	56
147	138	55	47
144	138	55	56
144	152	54	51
145	161	60	52
148	167	60	55
154	172	53	57
147	172	62	52
152	167	61	56
149	166	60	52
148	161	61	54
149	157	52	53
133	142	56	54
107	132	64	53
99	119	54	57
82	119	51	60
81	126	49	57
69	133	50	55
58	140	50	54
46	146	53	54
45	159	53	51
33	164	59	49
49	165	51	54
51	167	53	52
52	162	56	49
63	157	50	53
64	144	58	55
67	133	58	58
79	122	52	62
71	113	65	62
77	103	53	61
76	99	50	63
70	102	48	58
70	107	45	50
55	111	55	58
61	122	46	63
76	126	34	58
69	134	50	58
94	140	38	56
99	138	40	60
108	136	40	57
114	129	51	59
122	125	55	61
136	116	51	62
122	104	69	62
148	90	53	61
126	75	73	63
108	67	84	61
108	60	85	75
87	65	79	64
102	78	78	69
105	85	75	70
106	92	75	71
103	106	76	75
123	120	81	73
127	130	80	78
139	131	88	73
166	131	75	78
183	125	66	81
200	116	64	81
197	110	79	74
227	97	62	76
224	88	67	77
228	92	69	63
233	92	67	63
253	80	51	70
229	100	70	53
234	90	58	69
252	104	47	58
253	101	40	64
248	115	46	63
258	117	47	68
259	119	50	68
269	117	49	65
276	116	51	59
292	103	42	63
291	91	45	67
304	74	37	72
292	77	44	56
301	57	35	62
287	55	45	58
292	44	45	65
284	47	45	65
275	46	45	67
260	53	47	64
250	61	43	63
242	69	48	58
239	70	44	65
225	75	49	68
220	85	47	64
220	93	42	65
205	103	54	61
197	104	55	67
203	97	54	71
188	97	57	69
187	94	49	69
163	90	65	66
159	83	63	68
137	81	64	72
119	84	62	73
104	87	64	69
88	103	59	56
78	103	64	63
65	116	64	61
70	108	60	70
66	125	54	68
67	134	55	57
68	127	57	69
70	129	58	74
77	127	60	76
84	127	63	73
88	127	66	70
96	126	65	75
89	125	71	75
92	123	78	77
81	118	82	77
85	110	80	82
83	108	75	81
87	104	64	80
94	97	53	73
78	100	52	76
75	98	60	86
56	115	66	79
65	109	62	87
71	115	64	88
72	112	69	90
76	117	68	87
92	107	65	92
107	100	66	95
120	91	66	95
137	83	60	95
150	73	58	92
166	64	53	89
170	59	51	93
166	59	53	90
177	86	48	89
181	61	43	88
180	81	49	75
187	76	51	92
192	81	59	94
204	89	55	93
220	97	58	91
236	105	59	91
244	104	66	91
255	99	67	91
268	94	68	91
284	86	60	88
292	83	53	87
293	76	51	82
296	75	49	76
291	70	54	75
282	71	58	76
274	77	62	75
269	83	58	78
255	95	72	75
251	109	81	66
279	114	51	76
257	125	70	67
276	127	54	69
271	132	63	68
271	126	68	69
274	119	68	69
287	111	58	65
289	95	50	62
294	80	51	59
292	59	53	64
284	51	61	63
270	40	67	65
254	38	63	71
235	33	66	68
214	35	66	70
194	40	67	70
177	49	64	67
167	64	66	61
149	77	70	56
145	90	69	56
147	95	57	59
143	100	57	59
152	107	42	60
135	94	57	65
121	86	59	66
115	71	50	71
105	66	46	69
92	59	49	71
87	58	45	65
68	61	46	64
52	65	42	63
44	71	40	60
31	79	47	64
29	98	44	58
22	107	44	60
20	108	47	63
22	104	43	67
27	108	46	63
34	113	45	62
42	107	42	54
39	94	43	53
20	85	64	62
21	67	53	69
25	71	52	68
24	76	52	67
22	87	50	61
16	94	59	70
15	102	67	70
30	113	61	63
30	115	71	68
37	109	77	72
40	100	79	81
56	97	77	75
72	93	72	79
74	80	92	78
82	71	84	87
77	65	105	83
92	66	116	82
96	63	121	86
92	67	128	85
97	74	139	84
112	77	130	84
117	73	133	92
123	70	137	92
130	64	135	92
141	58	125	98
142	54	128	97
159	53	124	100
180	53	115	99
195	46	109	99
212	40	102	98
237	32	76	97
241	23	65	98
249	23	61	91
247	26	81	87
244	21	78	89
239	32	72	88
231	33	67	85
229	44	57	81
228	49	56	86
225	61	60	81
229	62	54	82
225	74	53	79
219	80	57	73
214	88	65	75
210	91	68	76
214	91	69	80
218	94	66	80
213	96	66	79
219	101	59	59
223	109	55	58
228	102	59	71
228	120	60	60
218	107	61	68
219	104	59	72
209	98	58	72
197	97	57	70
190	96	48	70
170	97	62	67
152	101	67	65
136	103	66	65
131	113	54	63
125	114	59	65
120	123	61	59
113	123	66	61
113	116	62	65
107	112	63	57
98	107	61	60
89	102	57	63
79	105	55	62
70	108	50	61
56	109	55	60
46	122	60	60
41	133	61	54
42	135	59	50
44	142	55	53
39	137	61	62
34	129	62	58
32	123	63	54
26	113	62	57
22	113	61	62
21	117	54	59
12	123	61	55
8	129	69	61
11	139	64	60
17	149	59	57
23	148	56	62
26	143	56	61
31	135	55	64
39	122	43	66
41	113	58	61
52	102	47	64
49	95	54	59
51	91	51	62
53	86	50	72
54	83	45	71
56	86	47	73
58	88	48	74
64	89	43	74
70	92	46	71
73	92	46	79
82	105	40	73
88	111	42	74
102	115	37	76
114	121	36	77
128	127	34	77
140	129	38	75
155	123	35	79
166	115	39	82
178	108	42	82
186	100	48	80
196	89	51	80
203	82	52	81
220	77	40	82
199	88	62	63
202	73	71	65
206	71	53	84
197	78	62	78
200	80	54	81
194	93	61	65
215	94	46	62
206	107	60	66
204	103	61	75
222	111	51	74
231	110	60	77
251	111	41	76
234	123	58	65
245	108	57	77
252	109	57	73
243	126	61	58
252	106	62	64
242	98	69	85
248	93	45	85
252	90	41	79
250	93	46	74
249	92	43	83
247	93	35	78
247	91	34	75
232	88	40	77
215	83	54	78
205	86	48	77
203	87	42	76
180	94	42	74
173	96	43	72
158	111	41	66
158	122	41	60
152	127	43	62
147	129	43	62
136	130	51	58
132	125	58	56
131	120	52	62
131	107	58	59
130	90	58	60
132	86	49	54
119	85	52	60
119	82	38	54
100	85	49	51
90	89	45	50
85	93	40	50
84	100	41	53
88	107	40	48
89	116	41	44
94	121	42	43
90	117	46	45
103	117	42	45
110	113	37	44
114	110	42	45
123	106	42	44
123	99	46	44
134	95	41	41
127	93	52	36
136	84	46	35
130	79	49	42
124	76	49	43
132	80	51	34
131	79	36	40
125	87	44	32
124	94	41	33
122	99	38	35
122	114	46	31
127	123	52	30
135	130	51	34
146	137	48	31
153	139	51	35
163	142	53	36
177	139	52	34
187	132	53	34
196	125	54	32
209	113	49	33
207	104	53	34
209	97	55	33
212	94	47	41
213	92	49	35
217	92	41	36
202	95	52	38
196	93	54	38
198	96	54	35
203	102	47	38
215	106	38	45
222	113	38	45
229	111	41	41
234	114	46	40
241	116	46	36
248	118	46	38
256	117	45	38
265	118	40	41
276	115	28	42
257	119	44	37
263	114	39	43
252	114	45	39
241	117	51	39
238	117	50	39
224	118	55	41
220	126	57	40
211	134	56	34
213	139	47	34
211	137	46	43
212	151	52	32
222	147	38	40
220	147	41	37
221	144	46	43
226	146	45	40
230	143	43	37
234	139	40	40
236	133	44	41
235	134	50	35
227	129	49	43
224	123	49	41
220	121	47	36
219	116	42	41
210	113	42	38
198	113	46	36
187	110	52	36
177	113	45	38
169	119	47	37
164	127	44	35
159	135	44	38
163	141	42	35
161	148	45	31
164	149	46	31
169	149	45	34
168	145	47	36
178	141	41	37
184	138	43	41
186	131	52	39
190	126	44	38
189	123	43	34
187	113	44	37
184	113	46	37
183	109	45	40
171	109	50	33
170	109	42	34
162	110	45	38
154	112	41	37
155	114	37	36
146	118	35	38
147	130	35	32
144	129	44	33
150	133	38	35
156	133	37	42
161	131	39	42
173	127	36	39
183	123	36	38
195	112	34	41
200	105	37	40
212	96	32	43
218	89	31	42
225	81	31	45
231	78	29	43
231	75	33	45
230	74	34	46
238	75	26	46
236	75	28	47
240	76	30	48
239	90	32	42
247	93	25	43
247	107	29	35
251	101	28	45
254	114	33	39
268	112	25	49
277	115	25	47
285	117	23	48
293	119	26	50
302	120	27	50
309	117	27	51
312	115	29	50
317	110	28	58
318	109	27	55
315	102	30	53
307	97	29	54
303	93	29	52
293	88	31	51
286	86	30	53
276	87	35	52
262	91	41	53
255	95	40	51
245	104	41	51
239	110	40	52
233	121	40	50
232	122	40	54
223	128	43	47
225	134	48	43
229	135	39	46
231	141	36	39
222	120	40	55
222	114	35	56
214	105	35	57
206	98	37	58
197	94	35	63
187	92	35	57
173	90	38	57
164	89	34	58
152	91	34	57
140	99	37	54
132	100	39	59
128	117	37	51
130	126	29	50
126	122	34	56
128	134	33	51
128	116	35	60
130	124	36	62
133	122	35	62
129	108	38	61
124	89	38	72
119	80	40	62
112	69	47	63
106	67	45	60
98	59	42	64
90	57	47	61
88	62	45	64
88	57	41	62
76	61	47	53
79	74	38	41
64	59	34	58
59	60	45	60
62	69	43	56
58	72	51	58
53	72	51	58
52	81	50	58
50	79	49	56
50	86	53	54
48	104	52	36
45	99	55	41
45	100	54	42
48	107	61	45
46	104	59	53
45	108	65	55
48	116	70	54
48	125	73	55
57	132	72	53
61	137	78	57
72	143	77	55
80	149	79	57
84	152	86	57
94	157	85	57
110	158	78	59
115	159	81	61
127	160	83	59
132	155	86	61
141	156	90	58
153	151	70	60
155	152	87	53
165	147	86	54
174	140	80	54
178	139	82	53
181	134	80	54
188	129	77	54
184	123	81	54
177	115	84	57
180	107	76	56
177	105	78	47
177	96	73	55
175	90	67	55
167	91	73	54
159	89	74	55
155	97	70	46
156	97	65	52
152	104	71	52
155	110	69	50
159	111	75	56
162	118	69	51
157	115	70	52
163	117	69	48
167	119	70	49
166	116	71	50
172	114	63	48
175	110	71	48
182	108	58	48
175	95	63	50
171	88	65	48
163	80	69	48
155	74	66	48
155	72	62	47
145	75	62	48
140	79	61	45
130	84	54	46
126	90	56	45
119	96	64	45
119	104	50	47
115	110	49	48
113	113	53	50
106	122	55	46
106	133	56	46
109	142	54	46
106	145	58	43
107	153	60	47
113	158	57	45
119	161	55	39
125	160	56	49
135	161	58	50
147	160	53	47
154	155	52	49
158	148	55	54
163	142	51	60
165	135	50	50
161	127	61	51
170	124	54	52
169	120	53	56
170	118	43	59
173	118	40	59
173	123	45	57
179	120	44	60
178	125	45	61
181	120	43	61
184	125	45	65
188	126	40	64
191	131	39	67
195	135	37	65
200	142	36	61
205	151	35	60
207	151	35	64
210	159	37	53
215	168	31	58
222	169	30	57
226	172	28	57
224	178	32	44
226	180	28	46
231	196	25	39
232	185	30	48
238	180	25	52
244	175	21	50
246	172	22	49
249	164	23	49
247	153	28	51
247	145	32	51
246	142	23	51
241	134	25	50
237	133	26	52
231	134	27	50
228	138	24	48
220	143	26	48
213	149	29	44
205	149	30	48
205	158	30	44
207	160	33	42
207	161	32	39
215	153	24	43
220	150	26	41
216	143	28	43
217	135	26	40
215	130	25	45
203	120	27	43
201	113	23	41
192	110	23	41
179	108	25	41
174	113	20	41
163	121	21	39
151	130	24	37
147	139	24	39
142	149	31	37
142	161	38	31
143	166	27	40
142	171	30	38
150	171	24	39
153	168	26	38
154	156	25	42
154	147	22	44
150	138	23	41
142	129	25	43
134	120	25	45
129	117	24	43
124	116	22	47
115	125	25	41
105	130	28	41
97	140	27	41
94	150	27	42
89	164	29	36
91	178	29	38
92	188	31	37
99	192	28	41
106	193	26	43
109	191	32	41
117	180	35	44
119	172	35	43
118	154	33	46
117	150	35	50
110	132	41	43
106	131	41	47
103	127	42	53
100	129	37	47
96	136	49	49
100	144	41	50
95	154	42	52
96	166	50	44
99	172	53	53
104	179	52	49
102	180	58	49
127	180	41	48
141	176	35	52
147	173	38	49
136	165	59	51
129	156	73	41
138	148	61	53
160	143	42	56
163	138	41	59
139	149	65	50
129	144	74	61
125	147	79	65
122	157	81	58
139	159	61	67
134	166	76	64
157	166	64	74
156	165	75	68
175	163	64	74
165	156	79	68
172	146	76	71
172	139	75	69
174	131	72	70
171	117	67	72
155	113	72	68
140	117	66	76
130	116	72	78
98	131	86	73
100	145	83	65
113	161	62	76
108	178	72	64
114	186	72	73
123	193	66	66
128	188	55	52
117	194	66	57
112	189	70	61
116	183	63	71
99	178	72	72
90	167	78	71
83	162	78	76
69	158	80	74
64	161	81	70
54	171	81	62
60	171	67	73
56	184	71	64
45	206	80	53
71	197	51	62
45	217	76	42
61	211	67	48
85	203	48	56
75	210	64	49
64	213	78	46
82	202	64	55
89	182	54	67
87	170	59	62
64	163	73	54
66	147	71	63
64	142	73	62
66	140	67	65
58	151	53	53
75	151	50	68
63	172	54	58
69	180	53	65
68	185	58	62
78	191	52	68
84	192	55	66
90	183	55	72
96	180	54	71
100	173	53	68
103	163	53	63
102	158	50	51
103	126	45	71
103	116	47	69
102	105	45	68
96	99	44	69
91	101	37	67
96	99	39	67
96	105	39	66
96	114	40	67
101	138	39	58
106	130	40	66
110	138	39	67
121	142	37	69
135	149	36	66
154	149	34	68
172	144	32	69
186	137	29	69
196	125	32	70
204	113	35	71
210	100	37	74
205	88	43	71
198	80	46	54
194	83	46	67
187	91	48	66
184	102	49	68
181	119	47	63
179	133	52	68
174	148	56	62
179	158	55	67
187	174	54	62
188	181	51	63
194	186	53	61
195	184	56	69
200	180	55	68
203	176	53	63
202	176	50	63
200	170	50	65
189	169	58	64
177	172	62	62
164	171	62	60
155	177	64	55
147	184	64	51
141	187	61	55
140	193	59	56
137	193	56	55
134	191	55	57
135	183	52	55
132	174	53	55
132	165	49	55
128	152	52	56
126	132	47	55
121	123	51	47
118	115	45	55
114	112	46	51
111	106	41	53
103	112	44	55
90	112	43	52
80	116	46	52
80	127	45	52
83	148	40	37
73	144	46	50
72	150	48	45
69	149	49	44
75	153	54	48
85	153	47	52
95	149	49	53
106	144	47	53
117	134	47	55
123	126	44	50
122	106	43	46
114	90	47	59
104	89	56	50
96	87	56	48
81	89	59	51
76	104	61	47
73	118	66	44
69	127	63	46
71	138	61	56
69	148	65	50
78	163	62	44
70	155	76	59
88	164	76	54
95	165	82	57
111	167	80	55
120	166	84	58
117	156	84	64
128	150	89	66
125	144	101	63
124	129	108	74
129	118	103	65
102	112	112	82
107	107	68	86
90	115	57	89
76	128	65	88
71	136	86	90
68	149	132	97
72	154	143	97
75	159	140	96
96	157	138	94
87	155	144	102
111	143	163	116
107	133	164	125
93	109	171	131
92	101	169	135
76	106	163	135
92	112	161	135
88	125	163	125
83	141	159	118
87	154	159	105
103	172	155	87
90	180	111	79
101	188	91	71
124	194	73	65
131	188	71	67
134	172	79	65
123	159	118	94
123	147	121	112
107	138	118	112
101	134	112	105
98	152	105	92
101	154	95	98
105	165	93	88
120	172	78	86
117	175	85	78
124	184	82	70
127	178	74	67
132	173	69	68
135	153	63	78
132	133	63	79
128	122	57	72
123	112	59	74
118	113	52	75
112	116	58	67
116	119	49	66
119	130	51	61
127	130	47	53
129	118	45	69
126	106	45	59
109	90	45	55
110	83	42	58
108	85	36	55
114	94	39	52
124	102	35	47
128	95	27	56
119	92	32	51
125	91	28	51
114	84	38	51
125	83	31	48
134	80	27	49
132	72	30	45
138	62	24	45
135	62	26	41
136	64	26	35
132	64	27	38
133	65	24	36
133	81	27	42
140	83	24	43
142	92	26	34
141	79	23	43
134	76	27	40
132	74	24	44
135	71	23	46
140	80	25	41
142	90	27	37
136	89	29	37
142	88	24	38
151	89	24	42
158	90	24	41
154	90	28	41
160	88	27	42
159	87	28	41
169	89	26	42
168	94	32	37
165	92	33	40
167	91	32	47
180	94	24	49
172	94	34	50
171	100	43	43
169	95	48	49
171	93	45	51
181	101	45	49
179	100	44	54
182	103	40	54
179	101	44	57
202	107	32	60
197	107	41	60
203	115	39	54
200	113	40	46
193	108	51	60
189	109	57	66
190	109	54	70
209	116	35	63
190	116	51	62
197	111	42	69
216	116	32	66
191	106	61	71
217	98	37	67
187	123	61	43
207	101	49	63
204	96	53	66
202	93	50	64
206	90	40	68
183	90	60	57
186	95	50	69
195	93	40	59
200	91	29	60
170	101	46	53
167	114	53	49
194	108	34	56
190	107	47	61
182	107	61	51
200	106	32	52
184	96	41	55
165	100	53	59
167	98	48	52
164	102	46	48
163	104	35	45
144	112	50	41
159	113	42	45
171	113	49	44
169	113	54	39
167	111	51	42
161	104	40	45
145	103	53	36
138	102	63	36
144	105	59	38
146	103	51	37
148	102	51	34
148	92	43	29
140	77	47	39
154	79	37	34
162	79	34	36
158	78	42	35
159	82	40	40
140	89	35	37
147	84	38	33
141	90	47	33
123	86	50	36
118	83	45	36
107	82	50	38
108	86	53	36
113	89	45	35
114	85	39	41
127	89	38	41
134	91	48	40
158	94	42	41
170	95	52	40
181	92	50	42
183	88	47	40
167	86	60	42
162	81	58	44
167	79	44	47
157	79	42	44
154	77	43	50
164	86	38	51
174	89	43	55
175	88	49	57
166	91	58	53
157	91	64	53
152	97	60	47
143	94	59	52
141	93	67	59
158	106	51	58
168	113	53	61
179	122	51	66
169	138	61	57
154	127	63	63
149	115	60	76
126	117	63	63
118	122	76	58
107	127	73	63
127	124	64	73
125	145	64	62
121	152	77	60
129	144	56	65
111	140	60	61
94	131	67	69
78	132	79	58
79	127	65	71
76	135	67	64
88	139	67	69
91	138	64	67
113	127	52	71
94	118	63	65
89	120	64	56
81	108	57	61
84	111	51	62
76	105	57	71
79	107	54	73
86	123	54	64
93	131	53	64
89	116	49	70
97	119	49	65
95	108	45	55
82	113	49	54
82	113	39	49
77	99	36	59
71	126	45	37
89	128	36	50
96	125	37	54
102	126	37	51
112	109	34	59
115	109	33	47
122	101	28	48
116	97	29	54
110	99	34	53
104	108	36	48
108	116	26	44
114	128	29	41
125	127	25	47
133	126	26	46
141	117	29	46
150	106	28	45
161	94	24	45
164	85	24	46
168	85	23	40
170	79	25	46
172	84	27	47
169	87	33	43
171	94	28	42
172	100	31	34
166	99	22	43
158	114	33	32
167	104	28	35
172	93	29	43
189	89	27	44
200	81	24	47
203	73	25	45
202	68	28	43
199	67	28	42
194	67	29	49
186	77	33	47
182	84	34	49
188	94	35	45
199	95	39	47
216	95	38	48
228	90	41	48
238	84	46	49
246	79	48	49
251	73	46	52
254	72	47	47
251	77	47	47
260	84	39	53
248	91	47	51
247	95	50	58
244	101	54	60
241	111	54	56
238	120	55	55
235	116	46	63
226	127	59	59
222	132	59	63
209	139	63	63
201	142	57	64
193	150	60	63
182	161	57	63
165	165	59	65
155	165	59	71
139	168	63	69
134	176	59	66
121	177	63	68
110	179	60	69
108	180	56	66
98	177	50	66
93	177	53	66
90	176	51	65
83	175	52	64
81	177	51	60
75	170	50	66
71	168	47	57
69	160	49	53
65	153	50	61
66	140	44	57
56	124	45	64
51	119	45	61
47	118	43	55
42	111	40	56
45	118	34	56
31	104	46	54
28	100	45	62
32	99	43	66
39	116	36	60
39	124	40	39
41	124	36	36
30	114	43	40
32	125	44	33
36	128	38	38
39	132	43	40
39	130	48	45
42	139	52	41
49	139	51	44
56	138	52	44
62	142	54	42
73	142	55	44
81	144	56	43
90	143	56	45
102	143	59	45
115	141	59	42
127	141	57	41
129	136	61	45
137	132	61	42
144	128	64	43
152	126	61	42
158	124	62	41
166	120	63	42
173	116	62	44
169	115	66	45
173	108	68	43
177	106	69	43
176	100	67	44
178	95	68	50
185	93	71	49
189	90	71	50
197	82	68	56
198	84	74	54
200	76	76	67
218	73	65	67
214	75	66	53
217	74	68	56
240	73	47	71
206	93	57	53
205	91	62	53
203	90	61	58
201	94	74	60
187	94	70	60
193	93	65	61
187	95	80	63
180	96	84	57
172	92	87	68
166	91	89	71
155	84	97	78
156	82	94	78
148	81	95	77
141	78	102	77
137	73	103	78
133	73	101	80
125	74	103	80
126	74	99	75
119	76	94	68
117	79	89	71
102	98	82	61
99	104	84	65
98	107	90	64
100	119	78	68
123	122	84	64
124	127	84	61
106	132	86	57
106	131	81	64
118	139	88	56
114	145	92	56
128	147	92	58
131	148	79	53
163	168	46	49
134	141	39	32
114	153	43	22
126	153	41	21
131	158	37	42
142	156	54	40
143	156	65	40
140	152	67	47
142	151	64	42
143	150	59	44
150	151	55	39
142	152	46	42
148	150	61	37
148	149	60	41
149	154	61	40
153	151	58	41
164	152	48	44
167	153	49	45
169	147	48	46
172	149	48	48
174	148	51	47
185	145	48	45
191	140	47	45
202	138	45	46
211	136	46	47
217	133	46	48
221	129	47	50
228	129	45	48
233	130	45	44
242	125	43	49
247	122	45	51
254	120	48	55
261	122	46	52
264	122	46	52
271	122	45	53
275	121	45	55
281	122	44	56
285	121	45	58
294	120	44	60
298	124	46	50
286	123	48	61
282	124	44	61
276	121	40	60
266	122	46	61
252	123	46	59
231	121	45	62
223	117	46	63
206	113	50	65
195	112	50	64
188	112	48	65
177	111	48	65
167	110	48	65
155	104	45	67
141	96	52	65
123	95	57	69
116	89	51	72
109	86	53	70
103	83	47	69
89	78	49	67
82	75	47	73
75	77	46	71
67	75	45	70
57	73	46	66
54	81	41	67
46	81	40	64
40	84	41	63
35	85	36	63
28	90	34	58
23	91	32	62
19	100	36	56
19	100	30	55
16	109	29	56
15	109	28	52
8	113	30	49
17	114	26	54
19	117	24	56
22	122	23	50
23	126	23	52
29	131	23	49
40	136	21	47
46	135	19	47
47	138	24	43
50	133	21	43
58	125	17	45
61	127	18	41
68	130	18	38
67	125	23	39
77	125	18	40
74	126	25	36
74	118	22	38
69	120	22	36
61	117	24	37
57	117	21	38
56	120	25	36
53	123	25	36
49	128	26	38
46	134	27	37
46	140	31	36
46	147	26	35
47	148	30	38
49	154	30	36
46	158	31	36
51	161	28	35
50	162	28	35
48	161	32	35
55	166	32	35
74	167	21	39
67	176	31	34
81	168	25	40
84	171	29	41
87	167	31	43
93	169	31	43
100	167	32	46
100	167	35	48
102	164	35	47
116	161	21	47
102	166	38	47
103	167	40	50
103	172	42	47
111	163	38	44
125	162	24	51
108	172	42	50
95	172	54	42
102	166	50	53
97	164	49	52
98	166	50	51
122	159	29	57
104	162	49	48
90	171	49	47
81	162	45	39
88	163	63	39
92	154	60	50
104	149	52	63
86	147	62	61
97	141	49	60
94	139	50	61
79	134	54	56
66	138	71	51
72	129	59	58
54	130	66	58
63	131	59	58
71	130	54	57
71	135	48	52
69	125	46	56
60	139	40	44
69	141	41	45
62	144	58	40
64	133	61	56
70	133	51	56
78	128	48	56
83	131	50	50
98	132	42	49
91	136	51	50
92	137	50	49
93	135	53	50
96	140	54	47
91	138	60	47
105	138	53	54
106	135	57	48
100	135	63	54
118	129	59	55
126	124	56	58
116	119	71	57
123	116	68	57
134	106	71	45
137	92	70	49
131	89	74	53
138	77	68	58
141	67	65	65
140	54	63	69
138	50	73	61
141	37	71	68
155	28	57	71
142	24	73	54
142	16	72	54
144	13	70	48
147	12	72	45
136	7	67	46
145	6	71	41
149	2	68	42
144	4	70	41
155	2	58	40
164	0	46	45
167	2	46	40
153	3	54	41
137	2	67	44
149	5	55	45
133	10	66	45
131	15	64	51
125	31	68	49
123	40	68	55
123	55	68	54
126	71	62	54
129	90	58	53
120	102	63	58
124	125	53	55
136	140	48	59
131	145	51	65
129	154	53	67
130	157	55	69
112	166	69	59
125	177	62	49
121	164	61	54
119	172	61	42
119	159	58	51
113	164	63	47
124	148	49	56
123	143	51	61
122	150	48	58
121	150	50	52
120	138	51	57
117	136	50	58
114	133	50	53
112	129	51	48
107	125	53	49
101	111	48	57
103	104	47	64
100	110	43	59
98	112	44	61
96	120	41	58
95	129	40	59
90	140	41	57
93	148	36	57
86	161	39	57
82	160	38	62
74	175	36	53
71	181	36	52
62	191	36	48
64	190	36	56
59	192	35	56
59	195	31	58
55	197	34	60
56	199	31	57
47	196	38	48
55	195	29	45
55	193	28	44
51	189	34	44
52	185	27	50
50	176	28	45
41	170	30	55
40	160	24	52
32	159	25	58
28	149	24	55
17	151	31	55
22	157	25	55
24	156	23	56
16	161	26	53
14	166	31	55
9	170	35	54
10	171	33	59
13	180	31	50
18	185	32	54
23	186	34	57
27	186	39	58
36	188	42	59
43	187	46	56
55	189	51	54
71	191	51	51
82	185	53	50
90	177	56	50
100	170	60	49
116	163	59	49
136	156	55	49
148	148	59	49
157	140	60	49
169	133	62	49
175	126	64	51
204	120	50	55
190	121	70	54
200	116	69	55
204	115	72	55
208	111	71	56
212	107	71	60
218	102	66	65
216	97	68	61
213	95	71	62
209	88	70	66
203	88	69	64
186	84	67	59
184	88	69	56
181	81	73	56
171	84	58	52
164	84	66	53
158	78	71	57
152	79	74	51
139	74	65	57
141	70	68	58
136	74	68	55
143	68	62	58
132	70	76	55
126	62	66	55
112	64	76	58
107	65	65	58
93	68	66	56
81	91	70	45
79	100	54	47
69	104	55	47
58	107	63	47
53	115	64	50
42	118	66	53
36	132	61	47
24	133	61	51
10	140	61	48
2	147	58	45
5	152	51	47
0	153	47	50
0	164	42	44
0	163	30	42
0	165	28	44
0	168	21	43
0	176	11	44
0	162	10	38
0	176	11	36
0	180	16	39
0	190	17	41
0	187	19	40
0	188	24	40
1	188	38	52
4	181	46	47
0	170	54	49
1	161	56	51
1	152	58	49
0	143	57	47
4	147	58	35
3	142	57	45
8	133	53	57
3	136	55	40
5	136	57	51
6	142	56	50
10	145	58	53
9	151	64	54
16	151	61	62
21	153	56	57
28	152	56	55
39	156	52	55
54	153	52	58
68	157	56	56
83	156	50	54
98	154	48	57
114	152	46	58
130	144	46	59
143	146	45	58
152	146	41	53
159	134	42	60
169	133	39	57
176	129	38	59
183	133	35	54
185	128	36	56
194	131	32	53
199	130	32	51
201	127	31	55
198	141	33	42
199	137	33	42
195	129	36	52
191	127	35	52
186	124	36	54
185	129	36	50
180	133	38	48
174	134	35	51
166	133	38	49
160	138	39	45
155	140	42	46
152	147	51	39
156	148	42	39
153	143	48	40
152	136	41	47
146	133	46	45
150	128	41	47
147	128	39	46
140	129	45	47
134	127	49	46
133	129	49	45
132	130	46	47
130	134	49	46
134	138	42	49
135	138	39	49
122	138	45	50
119	148	46	48
114	145	49	53
111	147	48	54
109	153	54	53
110	153	48	57
111	157	51	59
115	163	46	51
116	168	45	55
114	163	53	62
106	165	62	51
109	161	60	56
111	161	62	57
112	161	65	49
117	158	62	60
124	159	57	54
124	155	62	54
118	151	68	54
119	147	79	55
123	153	78	56
128	153	81	59
143	150	70	66
140	151	76	55
162	144	55	62
146	140	75	62
145	132	74	68
143	121	79	70
135	119	95	67
135	100	99	79
124	93	99	79
126	86	90	78
108	78	103	76
143	62	83	85
111	56	100	84
108	47	105	84
105	38	101	78
111	35	78	72
103	32	80	72
114	35	85	61
126	15	90	70
151	3	72	61
148	17	84	63
95	26	71	61
104	30	77	62
126	35	82	55
122	29	82	62
121	31	88	67
127	60	77	46
133	54	69	62
135	54	65	65
136	61	62	64
138	73	63	63
127	78	77	65
134	82	66	73
136	96	65	66
150	99	50	70
151	111	55	66
129	133	82	52
144	125	64	64
141	129	88	65
144	140	71	61
145	143	74	53
141	145	59	54
158	137	66	56
158	133	51	64
157	135	49	61
152	135	51	54
151	136	50	47
152	134	46	45
145	131	48	45
151	123	47	49
151	117	41	54
149	108	41	54
152	108	40	49
150	100	42	58
156	95	33	64
159	94	39	57
164	92	32	57
161	91	38	57
175	87	34	58
180	85	34	56
184	82	34	56
193	78	30	56
194	74	31	57
198	72	29	59
195	76	32	54
202	85	22	52
192	83	31	50
197	67	27	59
196	67	24	55
192	72	25	58
183	73	27	60
175	82	28	59
169	81	31	64
168	91	31	62
165	99	29	56
162	108	29	57
161	112	27	61
157	114	31	63
156	123	28	61
156	138	28	56
152	143	30	56
155	153	30	50
152	146	34	65
153	148	29	62
149	156	33	56
146	148	34	65
146	156	32	63
141	157	35	59
137	157	36	63
134	163	38	55
126	161	40	52
122	168	42	56
114	167	47	57
108	166	46	59
108	170	47	48
99	165	43	54
96	172	53	49
93	171	50	49
88	167	56	53
80	170	55	37
83	173	51	45
85	174	55	49
79	171	59	49
86	174	48	41
88	176	54	42
86	170	56	43
81	174	58	45
83	172	61	41
85	170	58	40
93	169	52	38
94	170	51	36
92	164	53	38
93	160	51	41
91	156	55	40
91	149	52	40
87	143	53	41
80	141	56	32
78	137	52	33
83	135	50	37
87	133	42	34
85	129	46	36
74	125	53	38
72	123	53	37
76	117	52	38
78	113	51	40
77	108	50	35
77	106	49	39
81	101	49	41
87	98	41	47
79	102	49	33
83	105	49	33
82	106	50	41
85	107	47	36
92	106	44	43
82	106	56	46
79	108	61	45
83	112	58	39
85	111	58	39
88	110	60	41
93	110	57	39
96	105	56	41
94	99	61	42
100	98	59	41
100	91	62	50
102	88	63	46
103	84	65	45
107	76	66	51
115	81	65	45
113	72	69	56
116	71	65	53
125	71	63	56
122	68	64	64
127	61	64	63
148	87	46	65
142	86	58	47
137	72	64	59
137	68	64	67
147	75	59	59
146	71	59	68
150	80	60	63
153	65	57	80
156	69	55	78
165	71	57	80
168	68	50	83
174	72	52	81
181	76	39	80
183	105	46	60
188	98	42	65
187	84	47	76
191	87	41	72
192	99	36	70
192	101	32	68
187	96	36	75
185	103	28	67
177	114	34	59
169	119	39	57
168	127	29	58
163	136	30	52
156	136	36	54
149	141	34	50
147	146	31	52
149	150	30	49
144	157	31	49
149	163	30	43
151	174	30	42
154	175	28	44
157	180	31	38
161	182	30	37
170	181	27	40
185	178	23	38
193	175	23	40
195	169	28	39
209	168	28	37
218	163	29	38
231	157	28	40
235	151	33	40
242	146	34	40
250	141	34	40
251	138	38	35
251	130	43	32
257	123	42	37
257	114	44	31
262	109	39	30
252	100	40	32
256	91	38	38
254	91	42	34
254	87	40	34
244	82	43	40
242	78	43	39
239	75	41	38
223	72	50	37
223	71	44	41
210	74	53	40
206	71	40	42
191	73	52	43
178	76	50	42
172	76	49	38
162	83	51	37
162	83	44	42
148	87	45	39
137	94	46	39
125	99	47	38
117	107	49	38
103	105	53	48
97	109	52	46
88	114	52	43
88	118	49	43
76	121	49	40
63	121	56	42
67	126	49	40
65	124	49	45
58	126	54	45
44	139	59	37
55	135	52	46
61	137	53	48
60	132	58	56
67	136	47	46
69	136	46	51
76	136	38	51
67	141	50	44
64	148	57	46
65	156	61	44
74	158	51	46
66	162	61	46
74	165	54	42
72	171	58	43
72	178	61	43
73	190	58	38
85	185	46	47
79	193	58	44
91	194	45	46
93	197	44	46
90	201	55	46
99	206	53	44
109	210	46	44
116	213	53	43
132	213	46	44
140	211	48	45
147	208	45	44
156	202	43	42
161	197	43	41
175	189	41	40
180	184	41	42
184	181	40	39
190	171	40	45
203	161	38	43
213	152	34	42
221	144	30	44
221	139	33	42
225	127	34	44
228	122	34	39
230	106	31	51
236	96	28	48
236	94	27	51
237	84	29	48
239	76	26	42
239	72	26	47
240	61	23	50
240	61	23	46
241	58	23	49
240	53	23	40
241	50	25	42
234	43	27	47
235	40	22	47
232	43	28	51
222	45	26	46
212	45	26	48
208	56	25	44
199	58	25	48
189	65	24	45
177	72	25	43
168	76	23	45
156	85	24	44
144	93	23	41
133	101	25	42
122	108	25	43
111	117	27	43
102	123	30	45
98	131	27	42
91	131	31	44
95	131	31	46
105	131	31	48
111	126	31	47
117	117	31	46
118	101	29	51
114	92	30	45
103	88	38	49
106	87	31	48
98	90	35	45
97	103	37	36
88	103	39	36
94	98	29	44
101	95	29	44
100	88	40	44
113	86	36	50
105	72	43	45
106	72	43	57
100	78	45	44
96	87	47	44
100	100	41	48
99	109	49	49
99	128	48	45
104	137	44	45
122	146	40	45
113	148	54	43
120	145	55	49
122	150	61	48
127	147	61	52
131	150	65	51
142	149	63	48
147	151	66	50
150	150	70	54
159	149	68	51
162	145	73	58
169	144	72	58
172	142	72	53
172	137	74	55
176	132	76	51
176	124	78	56
173	119	79	58
175	114	85	64
173	114	81	67
167	107	85	67
167	104	84	57
161	100	87	66
157	96	85	67
142	99	87	66
138	100	87	60
125	99	82	67
120	102	87	67
105	118	74	66
110	120	83	54
106	121	85	71
106	136	82	62
118	132	78	78
112	144	78	72
115	149	82	76
116	159	85	70
118	161	90	74
126	164	85	67
130	166	87	67
137	166	85	67
144	163	82	67
148	170	77	61
152	168	79	60
157	165	76	59
158	159	77	62
164	151	72	58
161	145	73	63
159	138	73	65
158	137	69	56
154	133	67	55
153	126	65	59
148	124	63	56
144	120	64	53
131	117	62	53
128	118	59	50
124	120	57	53
120	120	58	53
114	123	39	52
112	130	46	47
109	130	55	53
120	138	43	49
113	133	46	58
119	137	43	54
124	144	40	51
133	143	41	52
138	142	38	50
146	143	40	50
155	142	38	50
162	139	38	47
171	131	34	50
178	125	33	49
189	120	30	46
198	111	28	47
204	101	26	53
205	92	29	57
209	87	26	52
208	84	28	56
213	83	24	55
209	90	30	43
212	78	27	51
210	91	27	44
207	81	26	51
202	83	26	51
203	79	29	64
198	92	31	51
194	90	32	59
195	103	33	52
203	103	32	56
212	112	33	56
211	121	37	54
219	123	38	57
227	127	40	56
236	130	42	58
244	131	43	58
249	135	46	57
257	139	43	55
260	132	48	61
270	133	48	59
274	134	46	57
283	130	46	56
278	128	49	56
276	124	51	55
279	113	43	56
275	113	44	53
274	106	44	58
260	104	45	56
246	98	55	61
236	112	58	52
221	106	61	54
210	103	61	59
194	109	67	54
182	109	68	53
176	109	69	55
162	117	66	53
162	127	59	51
153	129	63	47
154	130	54	53
160	132	51	47
141	148	65	35
160	143	47	39
153	148	52	38
163	143	50	48
172	148	52	49
174	149	56	48
167	153	62	38
168	143	61	46
164	138	66	44
173	133	62	45
173	134	61	45
170	125	63	51
160	115	69	45
159	116	63	45
158	110	62	48
147	106	63	43
135	105	62	42
126	105	62	39
119	105	61	43
115	107	57	42
99	113	64	44
102	117	56	44
89	116	63	47
85	125	62	43
87	123	55	47
84	138	54	43
78	138	59	46
86	142	50	56
100	155	40	47
92	164	53	45
92	170	59	45
97	174	60	46
106	174	56	51
110	178	60	49
121	173	59	54
129	174	58	54
136	170	60	57
142	168	62	56
152	161	60	60
158	157	58	59
168	153	57	60
176	144	57	66
178	140	58	61
188	132	53	65
187	126	56	62
201	113	47	64
193	113	58	57
196	101	55	62
197	96	55	60
196	90	55	63
194	86	53	60
199	87	45	59
200	85	49	64
196	88	63	60
191	92	56	61
185	92	60	59
183	101	60	48
185	105	50	42
184	113	54	41
196	109	40	45
192	116	40	50
195	124	50	36
198	119	44	45
201	118	40	53
204	120	48	47
204	115	39	55
210	120	39	49
215	110	35	54
220	108	34	46
217	102	34	56
216	93	30	50
210	87	26	52
206	80	30	49
198	75	30	54
193	72	30	50
184	68	28	49
168	67	34	46
160	67	28	46
149	66	32	45
145	67	28	44
130	68	27	45
117	73	31	44
113	77	27	42
110	75	26	46
97	80	29	47
87	91	24	50
79	96	27	51
76	102	25	50
68	111	31	46
67	117	28	48
69	119	29	45
74	117	27	47
78	118	25	47
81	111	25	49
85	107	24	45
85	94	26	48
92	90	24	51
94	78	24	50
95	74	26	49
99	65	26	46
97	62	27	44
94	48	27	49
91	43	27	49
85	38	28	53
81	44	26	44
74	39	34	50
70	47	34	45
56	47	36	50
51	53	36	53
46	62	42	56
43	75	45	54
38	77	47	57
34	88	51	52
34	89	48	55
39	102	54	49
37	100	48	56
35	101	59	56
37	102	61	60
42	108	65	60
47	110	70	65
57	109	74	69
65	111	79	68
69	104	86	68
77	103	90	71
90	98	93	73
94	95	96	76
107	93	99	77
112	88	101	80
120	84	103	79
126	86	105	78
133	83	101	80
141	87	101	75
146	83	99	77
158	86	92	76
151	89	92	71
149	92	96	69
151	105	90	58
154	112	82	57
161	105	77	70
157	107	75	69
159	112	78	70
176	114	65	61
185	114	52	58
181	116	57	68
182	113	57	62
187	112	54	59
191	110	61	58
196	107	60	57
203	105	59	55
208	99	54	46
216	96	40	55
217	93	55	53
224	90	49	51
224	80	54	55
226	77	52	52
226	65	50	54
224	64	50	48
216	58	53	44
222	49	42	50
218	47	48	47
210	43	48	50
206	42	50	53
194	40	49	51
181	41	48	53
166	41	52	51
157	42	51	51
146	48	44	50
136	58	47	48
125	61	50	51
117	65	50	54
116	71	50	52
108	78	39	57
100	82	50	57
106	87	47	55
106	80	49	66
102	79	44	70
101	86	45	54
111	77	43	69
98	84	54	63
101	84	53	62
109	103	46	46
105	93	52	55
100	88	51	68
95	84	50	69
98	88	48	70
95	92	52	70
91	93	48	69
87	93	52	76
79	97	47	71
85	97	47	71
77	106	51	67
77	103	51	70
79	102	45	65
69	113	54	64
69	120	53	57
71	109	47	73
72	104	43	81
81	103	38	79
82	102	42	82
88	96	39	88
90	100	39	86
98	105	37	80
104	106	35	82
112	107	34	85
114	107	36	85
121	119	40	70
129	116	37	76
133	116	39	75
127	117	49	75
134	117	49	74
132	134	61	64
142	131	55	72
154	139	49	66
148	147	53	56
151	147	52	60
165	155	47	59
179	151	46	59
167	160	62	58
173	165	59	56
177	165	61	55
178	168	68	54
182	174	69	53
197	173	60	55
196	175	64	52
206	174	57	57
219	170	54	52
234	170	44	53
227	167	58	52
238	161	50	56
234	160	61	51
247	150	55	54
251	147	52	52
272	139	33	51
263	143	42	46
243	135	59	50
249	130	61	49
250	130	62	45
255	123	54	52
252	120	51	52
248	116	57	54
250	109	51	60
239	109	61	56
228	106	71	53
221	105	65	53
212	102	68	55
206	100	64	58
192	99	70	59
196	99	57	62
179	105	60	54
176	101	56	59
155	100	68	57
144	100	72	58
129	101	74	56
120	107	71	54
111	106	72	56
96	106	74	59
86	113	70	55
80	116	69	57
71	120	65	57
59	131	71	55
48	138	75	53
45	145	71	57
48	153	69	54
51	159	66	54
46	167	61	54
58	155	56	44
58	157	54	54
69	160	51	49
69	157	46	46
47	154	62	54
47	157	61	55
63	151	59	57
40	149	75	58
56	145	58	58
37	140	74	56
56	138	66	57
56	136	67	66
64	133	64	66
62	130	73	68
72	125	63	71
80	119	62	75
72	117	75	74
78	112	73	81
70	107	90	85
65	104	99	89
68	103	102	92
74	99	105	94
86	97	99	99
88	100	98	95
104	104	89	90
109	103	82	90
133	106	72	86
142	106	72	91
150	94	60	96
175	111	47	79
166	104	61	85
183	109	47	77
181	107	53	72
185	108	48	76
189	108	53	72
194	119	46	55
201	104	45	72
204	114	44	69
196	114	54	69
215	122	43	58
217	127	46	60
220	131	45	57
221	124	51	62
222	119	48	65
224	122	51	64
231	119	47	65
230	117	49	62
235	113	50	61
240	113	42	62
244	110	48	62
243	104	48	63
247	102	44	57
247	98	47	59
246	90	46	57
242	85	50	61
240	81	51	57
232	75	47	57
227	71	46	56
215	68	47	56
209	65	44	55
201	66	42	56
183	66	48	54
169	65	46	56
158	69	47	56
143	70	46	56
133	76	42	56
124	83	42	54
111	93	42	54
99	100	44	55
96	109	40	57
93	124	41	49
89	120	35	58
79	118	44	61
79	116	38	62
69	125	39	58
70	120	29	63
63	122	37	62
63	119	34	66
59	119	34	64
61	113	30	68
59	115	32	67
47	111	38	67
44	108	34	67
39	104	33	70
32	104	36	66
19	101	35	68
13	101	34	68
11	107	33	64
1	107	35	62
1	117	33	61
0	117	28	59
0	120	24	57
0	123	21	55
0	133	20	52
0	136	21	46
0	144	20	49
0	148	22	52
0	154	28	51
0	157	35	52
2	156	39	52
8	154	44	57
9	135	54	74
16	132	58	71
25	117	61	73
34	112	70	74
49	112	74	71
62	102	70	74
72	93	86	76
83	90	88	78
104	86	95	72
120	78	85	75
130	75	97	74
142	68	101	72
162	68	90	74
169	68	96	70
176	66	94	71
181	69	88	67
199	68	85	64
203	72	75	53
191	68	86	57
198	65	74	59
193	70	78	57
187	73	79	61
189	77	74	52
182	76	80	59
182	76	72	63
187	86	73	46
189	89	70	49
195	95	70	45
187	96	56	44
182	99	65	50
183	114	59	39
187	97	65	54
193	112	58	44
184	115	66	41
187	115	66	47
192	119	55	44
185	130	60	38
187	128	55	46
184	124	59	49
185	124	63	55
187	125	56	56
187	127	56	55
184	129	63	58
182	132	63	53
180	140	62	46
174	147	62	44
177	143	56	47
175	149	60	44
170	152	58	35
164	144	63	49
160	145	64	54
155	144	64	48
153	149	60	50
150	149	58	47
150	155	59	46
143	152	63	45
137	156	66	39
135	150	65	46
132	151	65	43
128	146	66	48
124	143	65	44
115	144	71	47
112	144	67	47
109	142	67	44
104	147	67	45
98	145	69	47
90	144	67	46
83	143	68	47
74	139	66	50
73	138	63	52
66	139	67	51
57	140	61	50
50	141	56	50
52	147	56	46
43	146	52	54
44	157	57	52
42	159	60	52
40	162	60	52
40	167	61	53
42	169	58	55
43	176	60	53
50	178	60	55
59	181	58	56
71	180	52	56
76	177	55	59
86	175	53	60
97	173	50	61
106	167	52	60
118	164	49	62
131	160	49	62
143	158	47	64
153	157	46	66
166	155	42	64
175	152	38	64
183	146	36	67
190	146	36	56
197	142	34	65
195	142	37	54
199	142	35	62
202	138	32	60
196	152	37	48
201	151	27	53
200	152	33	54
199	155	31	55
201	155	29	57
197	163	32	59
189	171	35	54
194	176	29	57
195	186	28	52
191	189	28	54
190	198	37	53
188	199	32	54
187	203	31	48
187	200	32	53
190	200	33	53
190	197	33	56
195	196	35	58
200	191	34	59
204	185	36	61
211	175	35	61
217	167	36	61
222	157	36	60
227	145	40	61
228	133	42	61
230	123	39	62
233	108	42	67
229	104	47	63
230	93	46	62
227	84	51	65
225	81	50	64
225	78	51	60
224	72	49	64
222	66	51	64
219	60	52	65
226	53	43	68
215	55	54	62
219	51	41	63
205	49	54	65
210	49	41	66
195	50	47	69
189	54	53	69
195	57	38	66
185	62	44	65
186	65	43	68
184	69	45	67
178	72	46	71
186	72	42	72
183	91	42	60
183	86	48	65
188	87	52	67
192	81	49	76
209	86	38	71
204	83	46	67
197	76	61	71
208	74	52	71
202	74	63	67
198	70	68	66
207	75	64	58
209	59	59	63
222	54	41	63
222	49	38	62
208	44	50	69
207	44	41	65
194	41	50	59
195	34	46	65
188	35	53	58
183	33	50	58
175	32	50	51
182	28	39	56
173	28	36	57
158	33	46	55
151	32	45	52
150	42	38	47
