0.034691
0.073072
0.033503
0.044524
0.046225
0.045432
0.045859
0.031815
0.028261
0.033017
0.038645
0.030478
0.023737
0.027991
0.032665
0.023799
0.025421
0.019017
0.026793
0.026663
0.020733
0.011866
0.023366
0.027431
0.031846
0.029939
0.022562
0.015578
0.023238
0.034291
0.040029
0.035235
0.035391
0.040173
0.027103
0.024492
0.051661
0.024973
0.029027
0.023667
0.031183
0.025175
0.037344
0.043206
0.037920
0.042656
0.042293
0.030970
0.034851
0.035394
0.030493
0.020313
0.026482
0.027282
0.022638
0.019769
0.033798
0.029226
0.040323
0.044894
0.034992
0.029840
0.040112
0.035667
0.036479
0.035657
0.040542
0.028701
0.036845
0.035918
0.029293
0.027397
0.044559
0.038297
0.048682
0.024324
0.027590
0.031119
0.043193
0.040802
0.055132
0.039045
0.041558
0.049521
0.046643
0.037044
0.039924
0.027994
0.031027
0.033230
0.031387
0.039183
0.042178
0.038829
0.036135
0.033942
0.032439
0.033198
0.032016
0.034553
0.046739
0.025758
0.035298
0.038541
0.044866
0.063762
0.028275
0.040838
0.040776
0.035796
0.037141
0.043260
0.040058
0.030694
0.028836
0.034604
0.024414
0.034354
0.045593
0.028414
0.036464
0.031411
0.044617
0.030916
0.035596
0.041420
0.043885
0.025262
0.029170
0.033618
0.060242
0.047571
0.027564
0.031637
0.038390
0.039673
0.032192
0.025073
0.036140
0.036873
0.038141
0.035357
0.039200
0.040125
0.028462
0.042501
0.031800
0.025440
0.043785
0.038570
0.027984
0.026208
0.038569
0.031905
0.034706
0.034133
0.028524
0.037126
0.039853
0.044513
0.035332
0.048002
0.032849
0.029143
0.036764
0.040436
0.041456
0.026975
0.028796
0.027372
0.041335
0.035294
0.033725
0.039928
0.041124
0.031055
0.027621
0.041348
0.028398
0.038547
0.034564
0.035130
0.039281
0.038429
0.035249
0.033804
0.043324
0.043388
0.047510
0.045390
0.028859
0.029516
0.033268
0.034299
0.040436
0.036111
0.051427
0.023882
0.026178
0.046438
0.042802
0.036106
0.032486
0.038544
0.030944
0.026545
0.045139
0.037946
0.030748
0.039397
0.046687
0.035001
0.028824
0.033721
0.039478
0.036482
0.037719
0.035464
0.044733
0.042700
0.027777
0.037504
0.047078
0.028018
0.037786
0.023958
0.049171
0.027151
0.027404
0.036592
0.032747
0.039016
0.046642
0.041521
0.056100
0.046030
0.030441
0.043847
0.039403
0.040463
0.033294
0.028136
0.022526
0.027380
0.035708
0.056241
0.026337
0.035639
0.038279
0.031579
0.038272
0.021413
0.022629
0.026659
0.030057
0.025805
0.019167
0.022465
0.026387
0.028211
0.031662
0.019431
0.028545
0.019197
0.025217
0.044453
0.025118
0.020681
0.024137
0.032795
0.029024
0.024988
0.022906
0.017735
0.052638
0.037995
0.034411
0.047991
0.031363
0.039909
0.041665
0.025653
0.038588
0.037949
0.041074
0.031691
0.040436
0.043430
0.043886
0.051902
0.038047
0.041730
0.042027
0.028986
0.018698
0.024359
0.022830
0.044136
0.039475
0.052500
0.034149
0.021664
0.027979
0.037524
0.038327
0.035441
0.027542
0.026907
0.028486
0.025059
0.029241
0.027938
0.025926
0.043812
0.028903
0.026789
0.023227
0.033265
0.024849
0.042101
0.029397
0.032653
0.035922
0.036127
0.032217
0.041923
0.026586
0.033327
0.033883
0.036215
0.039116
0.032173
0.030360
0.024681
0.045823
0.041582
0.042529
0.034435
0.033843
0.041670
0.038687
0.032365
0.036108
0.036432
0.029856
0.036378
0.019906
0.040596
0.035609
0.030715
0.027835
0.023245
0.045149
0.028914
0.032262
0.032463
0.037775
0.034963
0.029693
0.025929
0.034163
0.036357
0.018287
0.041402
0.028433
0.045272
0.038993
0.025662
0.037465
0.029904
0.034730
0.034516
0.027548
0.024082
0.037588
0.041492
0.026736
0.038988
0.041595
0.038941
0.031886
0.029915
0.039052
0.030007
0.041243
0.033615
0.039803
0.045737
0.024531
0.028628
0.024106
0.036374
0.035661
0.047479
0.048069
0.051373
0.045108
0.029002
0.038880
0.025105
0.018831
0.025837
0.018974
0.045161
0.026901
0.024568
0.036778
0.041024
0.038135
0.036425
0.039793
0.041380
0.035876
0.039580
0.027847
0.047237
0.050907
0.042046
0.045574
0.049689
0.036245
0.031997
0.035998
0.038052
0.023954
0.026033
0.037835
0.039094
0.038555
0.027651
0.031040
0.028669
0.028577
0.034081
0.035919
0.039100
0.030152
0.030661
0.019414
0.027792
0.038129
0.035593
0.049654
0.038499
0.027538
0.033249
0.036576
0.038401
0.035565
0.024433
0.025969
0.036607
0.033805
0.044471
0.035610
0.035467
0.039804
0.034377
0.035862
0.026772
0.036928
0.037906
0.034211
0.030761
0.031349
0.030602
0.031967
0.038057
0.029127
0.054753
0.044062
0.039819
0.019894
0.035674
0.038678
0.023410
0.057509
0.041173
0.033959
0.043678
0.068702
0.036897
0.025268
0.034172
0.023785
0.037773
0.038413
0.036574
0.040249
0.036876
0.034883
0.035782
0.031903
0.047704
0.048430
0.042281
0.038017
0.038345
0.029991
0.029331
0.036933
0.032837
0.025929
0.035951
0.036141
0.030889
0.032290
0.027794
0.038895
0.029784
0.035878
0.037722
0.034496
0.036805
0.037346
0.019945
0.029082
0.039076
0.029824
0.035277
0.034860
0.030389
0.037669
0.028472
0.020811
0.030786
0.027749
0.029989
0.046428
0.033278
0.039973
0.033856
0.041371
0.037306
0.035025
0.037739
0.031368
0.035936
0.033859
0.031954
0.024840
0.035251
0.024518
0.023435
0.022910
0.032728
0.031925
0.041593
0.031172
0.038566
0.036412
0.037399
0.028705
0.039087
0.028391
0.020229
0.027473
0.029908
0.026174
0.030995
0.025756
0.026591
0.029626
0.038059
0.030168
0.027164
0.022899
0.028507
0.034769
0.023727
0.026631
0.056722
0.033623
0.024292
0.033178
0.027327
0.033717
0.038678
0.031272
0.019954
0.031615
0.034691
0.034463
0.028720
0.043926
0.047138
0.025028
0.035348
0.055809
0.042989
0.049513
0.030799
0.035577
0.039930
0.034369
0.030936
0.045391
0.026202
0.037001
0.044840
0.037476
0.041224
0.035541
0.031385
0.039196
0.054969
0.050863
0.034868
0.037268
0.052589
0.053203
0.044371
0.028597
0.046394
0.023983
0.029507
0.032951
0.028432
0.036052
0.036097
0.028866
0.031168
0.028677
0.028372
0.031408
0.031324
0.034494
0.028260
0.023761
0.041844
0.018747
0.032705
0.032515
0.024529
0.054465
0.063877
0.023259
0.032297
0.041936
0.030062
0.032256
0.033786
0.029721
0.041018
0.020090
0.043623
0.030164
0.020756
0.034557
0.038655
0.026583
0.033179
0.027089
0.045568
0.029511
0.036358
0.022114
0.043313
0.032075
0.033542
0.037297
0.023794
0.029073
0.026835
0.031022
0.028965
0.050654
0.049644
0.028824
0.026896
0.039535
0.030144
0.031574
0.037464
0.030484
0.027286
0.041154
0.029821
0.026825
0.028538
0.029464
0.040624
0.037037
0.032973
0.033904
0.038119
0.025491
0.036830
0.042767
0.041469
0.023984
0.029104
0.039075
0.037609
0.030591
0.025201
0.025929
0.031504
0.032470
0.042622
0.033857
0.035074
0.043360
0.025749
0.018369
0.029256
0.039608
0.021646
0.028418
0.037429
0.035453
0.031531
0.031065
0.020342
0.033953
0.035594
0.039245
0.029275
0.031703
0.041886
0.034976
0.032363
0.033757
0.044207
0.052214
0.040839
0.028932
0.035621
0.030323
0.025931
0.036864
0.034791
0.020328
0.042621
0.033540
0.036416
0.038554
0.024724
0.036060
0.022393
0.031779
0.053072
0.045600
0.048073
0.042828
0.043753
0.049211
0.041611
0.048239
0.039922
0.039139
0.037404
0.020960
0.025169
0.036244
0.028290
0.034333
0.037936
0.029664
0.038034
0.034305
0.028977
0.025596
0.032331
0.028931
0.037813
0.039407
0.038922
0.037347
0.042211
0.032896
0.024169
0.025790
0.036549
0.039458
0.031722
0.038457
0.037037
0.038858
0.038751
0.022181
0.035259
0.033519
0.040673
0.039952
0.030528
0.030432
0.037433
0.026733
0.026244
0.032030
0.030181
0.061673
0.040734
0.032727
0.037710
0.039573
0.029625
0.027767
0.027016
0.029585
0.047659
0.031205
0.037123
0.040145
0.043528
0.035328
0.038287
0.030891
0.037656
0.037947
0.039719
0.025083
0.041817
0.053580
0.034282
0.028712
0.035114
0.048696
0.025952
0.025890
0.051533
0.054656
0.042256
0.050639
0.038760
0.034030
0.028499
0.026538
0.044884
0.026663
0.037449
0.028790
0.030146
0.023464
0.026188
0.033373
0.025268
0.025044
0.026088
0.035545
0.021338
0.034399
0.032317
0.029126
0.027626
0.049582
0.031317
0.039141
0.036371
0.035798
0.033999
0.031572
0.032182
0.033961
0.042199
0.036315
0.054941
0.041570
0.034089
0.038174
0.029382
0.022201
0.036305
0.025565
0.032248
0.016318
0.026502
0.040923
0.041089
0.036207
0.056442
0.035475
0.038450
0.031750
0.039099
0.036509
0.026256
0.037607
0.035162
0.033945
0.048293
0.043511
0.032892
0.024335
0.039156
0.026584
0.035389
0.025429
0.043673
0.023074
0.036752
0.051885
0.038979
0.033570
0.021619
0.042220
0.043185
0.038643
0.036009
0.029307
0.041521
0.044247
0.037027
0.034606
0.050592
0.036937
0.032200
0.031474
0.044523
0.030493
0.023978
0.039961
0.043330
0.046240
0.037003
0.040379
0.047887
0.046197
0.047082
0.029659
0.040706
0.043754
0.052866
0.045768
0.048310
0.033920
0.032215
0.038856
0.040293
0.038624
0.036124
0.041215
0.029400
0.039016
0.038360
0.028543
0.026649
0.063678
0.047676
0.033377
0.032838
0.033038
0.030229
0.036416
0.046291
0.039434
0.042435
0.041586
0.040121
0.029896
0.038586
0.020931
0.044116
0.035461
0.037602
0.025165
0.043715
0.034245
0.033354
0.027236
0.036759
0.032607
0.037122
0.051657
0.052213
0.047422
0.019586
0.039152
0.054054
0.035339
0.042162
0.042499
0.042170
0.046976
0.043326
0.041404
0.045602
0.039540
0.033451
0.039743
0.050417
0.050314
0.057475
0.045799
0.054591
0.051510
0.051003
0.047850
0.032962
0.037131
0.030027
0.031329
0.045860
0.035566
0.057431
0.024981
0.038620
0.037560
0.045280
0.044094
0.041225
0.024506
0.037633
0.060867
0.019804
0.037123
0.032106
0.050152
0.050538
0.026055
0.041840
0.033298
0.032667
0.037305
0.047156
0.030755
0.031495
0.034782
0.029450
0.045048
0.037698
0.040454
0.041271
0.029469
0.049885
0.031327
0.043585
0.041973
0.029639
0.036500
0.032375
0.032285
0.032985
0.031029
0.045259
0.038500
0.040048
0.044044
0.040988
0.032220
0.040002
0.038692
0.042248
0.047484
0.030876
0.036867
0.039484
0.043755
0.040573
0.038490
0.038124
0.042715
0.033567
0.039929
0.031208
0.030055
0.038391
0.040603
0.046679
0.052145
0.038050
0.034144
0.039747
0.029019
0.034156
0.040919
0.044528
0.036412
0.042507
0.023075
0.027589
0.040116
0.040884
0.045828
0.035017
0.038751
0.032434
0.032308
0.037967
0.034523
0.035970
0.022741
0.046998
0.020493
0.036726
0.029462
0.032823
0.022194
0.025408
0.030284
0.036981
0.036689
0.037308
0.038760
0.040809
0.032692
0.026475
0.015798
0.035700
0.013842
0.035585
0.021718
0.030017
0.033452
0.039047
0.048740
0.046828
0.021055
0.028074
0.026419
0.025940
0.039909
0.029400
0.028880
0.031093
0.035532
0.032228
0.035503
0.034643
0.039571
0.028476
0.032449
0.038935
0.035303
0.031413
0.040038
0.039785
0.046663
0.043274
0.034386
0.043632
0.043352
0.042407
0.036094
0.041665
0.046454
0.047766
0.039008
0.039555
0.037611
0.029428
0.032300
0.025928
0.030138
0.039265
0.048076
0.031941
0.036401
0.044179
0.042937
0.036534
0.039384
0.034888
0.029560
0.026220
0.036908
0.032760
0.034732
0.039665
0.041816
0.051672
0.044356
0.056139
0.042637
0.050226
0.044144
0.047005
0.034458
0.043896
0.025948
0.036053
0.048259
0.042965
0.039019
0.032864
0.025803
0.031277
0.036944
0.030669
0.030792
0.049452
0.045171
0.046233
0.046583
0.029333
0.031978
0.026076
0.021266
0.025275
0.027201
0.038932
0.048521
0.038563
0.030833
0.021523
0.040195
0.047625
0.040632
0.036864
0.042034
0.026218
0.019919
0.044231
0.030502
0.037246
0.031540
0.023745
0.026955
0.035015
0.033614
0.039684
0.026436
0.041539
0.031626
0.027441
0.035416
0.027501
0.037616
0.039536
0.026999
0.036111
0.040631
0.023646
0.026154
0.037994
0.033824
0.029751
0.034222
0.044452
0.040116
0.028168
0.024184
0.033919
0.029325
0.052840
0.040201
0.050918
0.031486
0.050266
0.044670
0.034940
0.041908
0.049724
0.046992
0.038033
0.028903
0.043765
0.047821
0.052589
0.042352
0.029770
0.021475
0.053278
0.050170
0.036771
0.035852
0.031904
0.044425
0.045118
0.043961
0.038141
0.043133
0.036385
0.039351
0.044134
0.037570
0.043392
0.034616
0.025175
0.027580
0.040072
0.046153
0.039500
0.042260
0.036609
0.031142
0.040897
0.038984
0.038666
0.043290
0.040112
0.042902
0.046043
0.038010
0.042251
0.027926
0.035497
0.043185
0.043279
0.024914
0.028364
0.036887
0.029625
0.027839
0.039272
0.030749
0.036988
0.030577
0.034829
0.020132
0.024327
0.036059
0.043435
0.033643
0.031205
0.027745
0.029307
0.023774
0.037434
0.046488
0.034446
0.044270
0.039305
0.032270
0.027666
0.055569
0.044361
0.032285
0.034278
0.034032
0.041715
0.043115
0.052495
0.039663
0.039474
0.039664
0.026526
0.029399
0.040200
0.018204
0.023673
0.035651
0.041666
0.032773
0.036027
0.036815
0.024894
0.027659
0.023693
0.045366
0.037189
0.024827
0.025582
0.026585
0.022950
0.036661
0.030671
0.028863
0.034098
0.038693
0.027365
0.017514
0.039604
0.038917
0.032602
0.024690
0.046879
0.038847
0.042432
0.039068
0.037240
0.035030
0.044063
0.028924
0.038256
0.022670
0.030995
0.039074
0.031315
0.025800
0.036257
0.036108
0.023440
0.033798
0.047409
0.042901
0.027996
0.031294
0.031207
0.030043
0.025934
0.019838
0.023599
0.017541
0.018131
0.026473
0.027183
0.024267
0.026525
0.029993
0.018101
0.021170
0.021609
0.019655
0.021622
0.031652
0.030075
0.025308
0.027045
0.021083
0.022177
0.027296
0.025144
0.024617
0.025704
0.040918
0.031169
0.017384
0.036371
0.036325
0.035442
0.029671
0.024260
0.021492
0.025636
0.026675
0.025945
0.024157
0.020914
0.020756
0.022322
0.017270
0.026252
0.028247
0.028883
0.036130
0.024157
0.027868
0.025271
0.035232
0.023500
0.036228
0.024730
0.047927
0.035003
0.038462
0.026351
0.025964
0.036361
0.040757
0.043514
0.030437
0.050159
0.026969
0.036773
0.038756
0.020200
0.035436
0.032656
0.031707
0.028395
0.022589
0.027156
0.027400
0.027596
0.030742
0.023104
0.018816
0.033353
0.035073
0.031922
0.032981
0.018421
0.048290
0.039465
0.038068
0.038152
0.036007
0.032630
0.051565
0.038213
0.023534
0.056554
0.049645
0.037715
0.041064
0.036687
0.029573
0.038384
0.028255
0.036804
0.039809
0.037360
0.029990
0.028187
0.041029
0.034717
0.035063
0.034964
0.034924
0.038912
0.031232
0.039210
0.035426
0.034020
0.027428
0.043688
0.048766
0.036616
0.059385
0.039607
0.040978
0.042698
0.038643
0.048148
0.026491
0.028105
0.030989
0.039143
0.034785
0.032328
0.021986
0.041105
0.059022
0.033946
0.036077
0.037612
0.035268
0.041674
0.040432
0.033898
0.043663
0.033233
0.045008
0.034332
0.033174
0.022508
0.042642
0.022499
0.050560
0.020836
0.033297
0.038255
0.042817
0.026312
0.045507
0.045994
0.027323
0.047298
0.041007
0.034281
0.024552
0.038652
0.048084
0.037281
0.050982
0.034757
0.032565
0.041976
0.026051
0.046801
0.056005
0.027061
0.042765
0.040076
0.037603
0.030597
0.037472
0.028366
0.040405
0.035929
0.034294
0.032687
0.036500
0.032015
0.034013
0.046208
0.045112
0.051326
0.063217
0.030597
0.034342
0.036664
0.042726
0.038357
0.033305
0.040931
0.042358
0.053884
0.043348
0.037241
0.044459
0.049407
0.036886
0.031910
0.040137
0.046085
0.029628
0.039604
0.050072
0.043097
0.035647
0.030090
0.037297
0.028795
0.031995
0.024117
0.033632
0.023216
0.027894
0.022585
0.022662
0.026116
0.018153
0.014381
0.029085
0.027529
0.024682
0.015495
0.017338
0.025175
0.024945
0.026219
0.024305
0.022569
0.017763
0.020992
0.015965
0.023224
0.030690
0.024889
0.025263
0.018487
0.029850
0.022299
0.028932
0.027162
0.028812
0.023676
0.031898
0.029739
0.023655
0.037364
0.028979
0.022365
0.022970
0.026659
0.026319
0.030957
0.023753
0.018806
0.015885
0.020343
0.017796
0.025651
0.028872
0.026361
0.030345
0.016612
0.027911
0.030354
0.039403
0.036252
0.022858
0.028313
0.021737
0.023508
0.025881
0.035596
0.038723
0.034146
0.025107
0.042351
0.046164
0.020834
0.012930
0.036427
0.047282
0.026630
0.018517
0.051535
0.037270
0.043076
0.037939
0.024128
0.024250
0.026583
0.025951
0.025515
0.026060
0.035916
0.026869
0.048752
0.043347
0.036910
0.039821
0.035094
0.035429
0.028095
0.035024
0.023779
0.027848
0.046225
0.034295
0.026042
0.024147
0.032454
0.030488
0.033802
0.025106
0.030941
0.031601
0.044915
0.035149
0.027480
0.039565
0.023110
0.033754
0.036856
0.033417
0.024512
0.033722
0.031131
0.026440
0.028579
0.028835
0.022199
0.030483
0.029537
0.037194
0.041844
0.033225
0.035106
0.037961
0.038802
0.040071
0.025998
0.020934
0.033292
0.037172
0.022359
0.020620
0.034845
0.039801
0.025567
0.031231
0.028714
0.030725
0.025477
0.027811
0.038628
0.031117
0.046333
0.026909
0.023435
0.034894
0.046210
0.022406
0.031588
0.037168
0.039488
0.029656
0.038094
0.024734
0.035125
0.055856
0.028691
0.018445
0.014185
0.023647
0.033354
0.033159
0.031132
0.035745
0.030003
0.024557
0.024323
0.036019
0.028324
0.026133
0.029002
0.019106
0.023146
0.038900
0.019609
0.037933
0.029887
0.025974
0.047786
0.045727
0.025870
0.043549
0.046618
0.019884
0.030272
0.041500
0.025692
0.023278
0.020255
0.043822
0.035995
0.033397
0.038715
0.020899
0.030527
0.037731
0.031353
0.026382
0.024953
0.034762
0.028255
0.030635
0.032190
0.032102
0.034194
0.031176
0.027925
0.026327
0.031556
0.035913
0.028289
0.030073
0.030564
0.028886
0.027117
0.025555
0.042549
0.043425
0.034611
0.039855
0.030301
0.042990
0.042490
0.032085
0.017606
0.036391
0.039156
0.031279
0.038162
0.027570
0.025200
0.016433
0.020904
0.024714
0.026253
0.032624
0.027935
0.026577
0.022149
0.024050
0.014111
0.020857
0.028938
0.029736
0.030897
0.025025
0.023436
0.017913
0.021817
0.024429
0.031051
0.015762
0.028567
0.017527
0.017585
0.018677
0.018964
0.017374
0.018834
0.027112
0.024640
0.022781
0.036598
0.036947
0.039040
0.032311
0.043605
0.034437
0.024814
0.033547
0.045159
0.038405
0.037517
0.026208
0.037666
0.026427
0.030866
0.035162
0.040935
0.041222
0.032331
0.026482
0.048472
0.053118
0.035661
0.036488
0.032421
0.052279
0.024947
0.052381
0.041614
0.024864
0.046730
0.036423
0.030092
0.027238
0.033604
0.043233
0.030024
0.028193
0.027323
0.036635
0.021952
0.015607
0.015157
0.021508
0.030190
0.033871
0.026171
0.019175
0.029117
0.022285
0.041606
0.041080
0.035114
0.025622
0.038614
0.045548
0.027369
0.031612
0.042695
0.048520
0.031814
0.030882
0.025915
0.029374
0.024684
0.028123
0.035009
0.023723
0.026019
0.033434
0.027750
0.026780
0.038801
0.030603
0.042495
0.035648
0.037454
0.033885
0.043612
0.038398
0.030625
0.033478
0.026831
0.035650
0.054762
0.043971
0.023907
0.021288
0.026849
0.028111
0.029397
0.029498
0.028253
0.041767
0.022256
0.028762
0.041240
0.024067
0.042262
0.035941
0.041040
0.040189
0.041034
0.026486
0.032271
0.035978
0.015986
0.031435
0.032941
0.026443
0.025743
0.029684
0.028812
0.027034
0.042411
0.039838
0.043373
0.038096
0.024655
0.031477
0.032897
0.034757
0.037027
0.040447
0.024801
0.021072
0.034685
0.039634
0.043777
0.025144
0.035374
0.030217
0.034736
0.037185
0.039074
0.036606
0.037220
0.029650
0.032985
0.036614
0.027348
0.031141
0.034885
0.027419
0.039716
0.033462
0.026598
0.019693
0.040787
0.028131
0.024778
0.032661
0.029476
0.040344
0.023543
0.035587
0.038683
0.024829
0.021060
0.032413
0.025270
0.032127
0.029835
0.030055
0.035156
0.026542
0.027541
0.027855
0.033731
0.036120
0.034245
0.035587
0.018155
