0.028687
0.068819
0.043495
0.050679
0.059081
0.042824
0.039825
0.042831
0.045009
0.038719
0.037065
0.042352
0.061965
0.048610
0.031341
0.036448
0.022831
0.031877
0.028947
0.027254
0.032718
0.025187
0.042829
0.024467
0.020622
0.038045
0.018680
0.047114
0.035134
0.032453
0.048172
0.033622
0.036476
0.027131
0.024635
0.030047
0.041791
0.030929
0.024659
0.032937
0.039115
0.047190
0.030062
0.029266
0.033766
0.035073
0.035072
0.040365
0.036431
0.051497
0.040703
0.046838
0.038042
0.034821
0.049099
0.042217
0.048491
0.034561
0.054487
0.053733
0.029045
0.030783
0.050359
0.046042
0.038744
0.038837
0.049088
0.058437
0.028611
0.044108
0.052625
0.034300
0.042605
0.058132
0.039238
0.049811
0.039663
0.048543
0.032252
0.036542
0.047690
0.039964
0.044399
0.042350
0.054244
0.044927
0.044252
0.039330
0.041309
0.040062
0.059551
0.057039
0.053290
0.045705
0.048846
0.051591
0.032290
0.042437
0.036294
0.039685
0.032048
0.031641
0.029308
0.044279
0.033544
0.042221
0.045450
0.035566
0.051611
0.034887
0.026949
0.036735
0.049501
0.039546
0.056160
0.030890
0.033521
0.035311
0.047310
0.036834
0.045114
0.053281
0.035105
0.028227
0.047235
0.043617
0.035619
0.034913
0.020194
0.041465
0.038896
0.042465
0.031388
0.044717
0.040640
0.038120
0.049558
0.044769
0.047670
0.030498
0.034577
0.036203
0.052263
0.037121
0.036732
0.024425
0.031805
0.032110
0.067320
0.039916
0.043515
0.041608
0.039201
0.039685
0.049649
0.040309
0.033075
0.028131
0.048238
0.046048
0.030570
0.046306
0.047655
0.030120
0.061795
0.045631
0.036486
0.038119
0.051023
0.035710
0.041147
0.043210
0.052822
0.053115
0.036621
0.036940
0.047830
0.042724
0.042874
0.056139
0.044413
0.038883
0.036683
0.046079
0.055915
0.036950
0.036836
0.050463
0.041729
0.035103
0.038267
0.033496
0.038120
0.022823
0.041591
0.031438
0.034727
0.036212
0.029969
0.021351
0.035156
0.038270
0.034091
0.045538
0.034062
0.037230
0.038532
0.039590
0.042206
0.053241
0.068541
0.033490
0.031338
0.029810
0.043515
0.036435
0.043140
0.030253
0.048823
0.050661
0.053219
0.051068
0.046259
0.061583
0.041014
0.038976
0.052814
0.061627
0.047964
0.042700
0.024627
0.051785
0.045409
0.054023
0.026405
0.056114
0.068765
0.056063
0.055097
0.035942
0.053786
0.040050
0.032515
0.032901
0.045354
0.037639
0.034520
0.041568
0.053752
0.031488
0.041301
0.034319
0.048737
0.047195
0.031238
0.064770
0.056822
0.025712
0.031701
0.042665
0.048116
0.048546
0.059971
0.041534
0.046662
0.052362
0.043866
0.037522
0.052469
0.047010
0.045585
0.036395
0.031615
0.035570
0.033294
0.034526
0.032803
0.031558
0.046963
0.049151
0.030438
0.041424
0.040739
0.035375
0.017130
0.056039
0.032968
0.036414
0.025185
0.041008
0.029473
0.034766
0.025951
0.040991
0.029507
0.027848
0.027480
0.040689
0.048020
0.038333
0.034719
0.034530
0.036757
0.031364
0.033609
0.043533
0.043650
0.041762
0.042014
0.030134
0.034996
0.039269
0.040152
0.036139
0.040313
0.036805
0.038236
0.046972
0.034181
0.035697
0.045811
0.043739
0.029020
0.040805
0.045055
0.031862
0.033308
0.048602
0.035353
0.040238
0.034492
0.038249
0.032892
0.029179
0.037730
0.043118
0.046570
0.043226
0.040347
0.046657
0.044225
0.037369
0.025449
0.037430
0.037804
0.037113
0.043190
0.038597
0.042563
0.053055
0.031930
0.046826
0.040671
0.048261
0.039061
0.029781
0.036605
0.038769
0.038471
0.035496
0.033738
0.033451
0.027785
0.029057
0.025898
0.042589
0.037943
0.031687
0.039168
0.034775
0.039824
0.044298
0.026808
0.027729
0.033600
0.048044
0.029106
0.031119
0.052976
0.040650
0.046332
0.045202
0.034530
0.047200
0.052168
0.046139
0.025036
0.052091
0.047953
0.038527
0.041273
0.023903
0.039117
0.049446
0.040229
0.040056
0.023602
0.031138
0.046057
0.046392
0.058633
0.050097
0.046680
0.055215
0.047732
0.040150
0.028305
0.041641
0.023701
0.042745
0.033781
0.041875
0.048781
0.027261
0.038052
0.036712
0.039951
0.037838
0.036863
0.032755
0.043732
0.035066
0.032467
0.026726
0.048816
0.043398
0.054601
0.046616
0.029982
0.028558
0.035980
0.032299
0.030510
0.036379
0.046517
0.032590
0.026751
0.030763
0.035361
0.033062
0.029814
0.032536
0.028879
0.039686
0.048460
0.051354
0.033777
0.037690
0.035404
0.039790
0.033531
0.051897
0.049290
0.037886
0.032588
0.045314
0.045831
0.035739
0.047691
0.037371
0.034135
0.045511
0.049126
0.032896
0.038452
0.039344
0.042905
0.042158
0.040995
0.023755
0.040189
0.033769
0.035233
0.036055
0.044666
0.047148
0.043230
0.053195
0.045862
0.036968
0.019949
0.028877
0.040950
0.036666
0.026189
0.036932
0.031398
0.041097
0.044912
0.061316
0.026763
0.036199
0.050532
0.036545
0.027497
0.040521
0.032215
0.034146
0.036733
0.032568
0.022889
0.034831
0.024562
0.030292
0.034728
0.034091
0.026053
0.041142
0.036930
0.035757
0.033172
0.029824
0.031210
0.041044
0.033075
0.032424
0.034574
0.022745
0.027230
0.036453
0.037214
0.042104
0.028761
0.025081
0.033790
0.026111
0.023050
0.052313
0.042442
0.047379
0.040314
0.043798
0.042016
0.030537
0.040964
0.034521
0.042790
0.038377
0.043562
0.035094
0.044302
0.044975
0.040018
0.058181
0.056147
0.050790
0.047352
0.044192
0.031787
0.053267
0.038682
0.039071
0.040164
0.035182
0.039133
0.036469
0.050276
0.041622
0.038826
0.015192
0.035069
0.029231
0.035077
0.041189
0.039375
0.036624
0.037986
0.048071
0.041808
0.034190
0.034974
0.033675
0.030717
0.034016
0.049121
0.032303
0.042548
0.047913
0.052222
0.039013
0.036285
0.022162
0.036525
0.024826
0.030360
0.026090
0.032312
0.022907
0.034089
0.023506
0.031385
0.037945
0.028762
0.018052
0.027683
0.036917
0.032946
0.023322
0.031075
0.033734
0.032864
0.027584
0.038315
0.026893
0.023699
0.036769
0.033284
0.048030
0.052071
0.028551
0.036079
0.042634
0.035308
0.025162
0.022222
0.020587
0.037644
0.042450
0.027246
0.019380
0.052300
0.025989
0.024768
0.053757
0.037297
0.054744
0.034053
0.046468
0.036505
0.071849
0.067351
0.065921
0.052123
0.041285
0.042196
0.031043
0.032951
0.048976
0.052642
0.041876
0.040714
0.047087
0.043816
0.052515
0.031569
0.039504
0.058135
0.056330
0.063247
0.060142
0.033747
0.073554
0.045332
0.047742
0.038843
0.028735
0.029408
0.035361
0.037763
0.042304
0.037948
0.036360
0.043601
0.041232
0.040617
0.047157
0.033441
0.059325
0.040220
0.028389
0.041850
0.042316
0.039292
0.033087
0.030848
0.035650
0.045356
0.032464
0.040954
0.033506
0.043813
0.039195
0.037883
0.040529
0.026996
0.027431
0.039317
0.049766
0.040731
0.036577
0.025298
0.027215
0.024119
0.031419
0.025748
0.029512
0.022541
0.042303
0.036359
0.044763
0.046797
0.060016
0.037905
0.033620
0.023628
0.031281
0.041411
0.036896
0.046408
0.041132
0.038516
0.048913
0.042228
0.039946
0.049916
0.032520
0.038787
0.043994
0.040699
0.047210
0.055460
0.058945
0.058604
0.049410
0.061088
0.051944
0.030481
0.041060
0.026210
0.026837
0.036498
0.038104
0.025239
0.022936
0.018016
0.036294
0.023842
0.026125
0.033283
0.023469
0.043423
0.026036
0.026182
0.042869
0.034652
0.019026
0.040975
0.031359
0.017045
0.042983
0.034884
0.030483
0.032797
0.024509
0.028068
0.025569
0.028120
0.025219
0.019602
0.022265
0.022855
0.023018
0.016432
0.021510
0.030684
0.017476
0.029867
0.026177
0.029219
0.023413
0.019901
0.026466
0.028653
0.023034
0.029988
0.024206
0.025879
0.032477
0.020002
0.033915
0.040345
0.032205
0.032207
0.031270
0.031106
0.025188
0.022687
0.034113
0.021158
0.042343
0.051953
0.028426
0.020898
0.034187
0.030227
0.039140
0.026793
0.033038
0.027103
0.033501
0.035112
0.036576
0.018835
0.029688
0.031252
0.040189
0.036634
0.042956
0.035942
0.033254
0.060740
0.051024
0.055444
0.047740
0.049217
0.034761
0.026289
0.026600
0.029517
0.049062
0.041592
0.039455
0.041300
0.043485
0.040064
0.058935
0.056309
0.050951
0.042570
0.034868
0.043761
0.066733
0.049182
0.048392
0.032676
0.044493
0.050545
0.059086
0.027065
0.041487
0.039721
0.043822
0.030261
0.024535
0.040520
0.035466
0.049634
0.048156
0.058338
0.058948
0.057835
0.039127
0.040158
0.044272
0.054132
0.039039
0.027813
0.043750
0.047114
0.040279
0.035306
0.045339
0.050435
0.045871
0.036034
0.038555
0.048275
0.033401
0.046604
0.034901
0.021564
0.033180
0.061211
0.047816
0.051806
0.042780
0.053520
0.056219
0.048121
0.040833
0.027118
0.040275
0.035127
0.019037
0.037536
0.035787
0.037181
0.022557
0.042041
0.044246
0.027407
0.034769
0.044833
0.040292
0.041499
0.045019
0.049905
0.049918
0.052201
0.051198
0.040185
0.036432
0.036045
0.045867
0.062360
0.054854
0.050334
0.052596
0.047699
0.030419
0.033926
0.033580
0.050886
0.044259
0.065039
0.065688
0.031797
0.044698
0.050993
0.051000
0.033912
0.047642
0.046046
0.053198
0.041030
0.059029
0.056108
0.040184
0.038500
0.035588
0.025591
0.042236
0.047443
0.045071
0.018757
0.040697
0.062248
0.044566
0.048334
0.044503
0.037092
0.042641
0.057604
0.032382
0.042566
0.037319
0.034655
0.029104
0.028508
0.032562
0.018839
0.027664
0.018931
0.023905
0.024504
0.026694
0.031565
0.023853
0.026737
0.031164
0.031482
0.032958
0.041154
0.051789
0.033333
0.031718
0.043983
0.032233
0.023335
0.026331
0.027528
0.026492
0.029495
0.028919
0.038193
0.036798
0.033088
0.037025
0.035471
0.039881
0.030854
0.036905
0.020326
0.030066
0.033026
0.034751
0.018105
0.041020
0.042641
0.022449
0.023445
0.024022
0.041562
0.053357
0.037124
0.043691
0.056962
0.039910
0.029844
0.032321
0.039352
0.048257
0.055045
0.033882
0.030175
0.036880
0.039515
0.050102
0.035747
0.046615
0.045480
0.049881
0.062936
0.063936
0.033895
0.056067
0.044452
0.057526
0.056409
0.048532
0.056193
0.042340
0.041156
0.047888
0.051339
0.038451
0.063941
0.044414
0.048861
0.042218
0.042490
0.047920
0.038773
0.022800
0.065498
0.052011
0.038611
0.047994
0.060155
0.054571
0.048469
0.034781
0.057135
0.043141
0.029661
0.022356
0.062556
0.051447
0.041922
0.030205
0.040446
0.034744
0.044133
0.049099
0.048930
0.050476
0.056195
0.059518
0.039269
0.052413
0.042531
0.029640
0.036325
0.046877
0.052949
0.032109
0.033758
0.046795
0.035241
0.036024
0.044698
0.037771
0.043968
0.054375
0.038227
0.045657
0.058277
0.027635
0.032182
0.052602
0.037916
0.047286
0.033282
0.057538
0.045108
0.038833
0.057725
0.042340
0.033847
0.030367
0.027261
0.033522
0.032302
0.042759
0.031049
0.038612
0.056183
0.049715
0.042664
0.030903
0.026388
0.021952
0.038793
0.042475
0.024727
0.027555
0.039528
0.038513
0.026302
0.030428
0.030623
0.031961
0.048973
0.045215
0.051592
0.042187
0.046249
0.042251
0.025491
0.028489
0.027561
0.036664
0.033636
0.039777
0.034339
0.026263
0.036276
0.028410
0.056864
0.044949
0.045858
0.041956
0.032718
0.022666
0.037112
0.036250
0.044072
0.028001
0.019522
0.013635
0.030252
0.030049
0.024523
0.042040
0.023563
0.029948
0.034401
0.039141
0.036264
0.026551
0.026967
0.036804
0.045203
0.031836
0.018873
0.028425
