0.000610
0.028571
0.020263
0.025205
0.019619
0.020280
0.027071
0.023207
0.023314
0.020053
0.019494
0.023289
0.020465
0.020845
0.021730
0.021434
0.022103
0.021908
0.021099
0.021832
0.021335
0.020403
0.022245
0.022983
0.023425
0.022617
0.022345
0.021662
0.020506
0.019374
0.022236
0.019781
0.019507
0.019480
0.019681
0.020669
0.020846
0.022141
0.021997
0.020373
0.021587
0.021501
0.021953
0.021837
0.020107
0.019654
0.019296
0.019451
0.019532
0.019134
0.019256
0.019154
0.019138
0.019151
0.019590
0.019182
0.019261
0.020755
0.019238
0.019043
0.019413
0.019196
0.019426
0.019205
0.019515
0.019874
0.019925
0.020072
0.020965
0.021003
0.019551
0.019413
0.019949
0.020712
0.022025
0.021037
0.020255
0.019714
0.019946
0.019248
0.020592
0.024888
0.021719
0.024000
0.025224
0.020017
0.023825
0.027582
0.024289
0.023239
0.025632
0.029310
0.027754
0.032341
0.031718
0.033435
0.035402
0.039643
0.035963
0.035400
0.029883
0.031365
0.030971
0.026521
0.024543
0.024082
0.020554
0.020111
0.020168
0.019886
0.019496
0.019500
0.019326
0.019575
0.020181
0.019972
0.020065
0.020772
0.021863
0.024439
0.023880
0.026459
0.027675
0.032724
0.033684
0.035508
0.039840
0.034601
0.032871
0.036046
0.038291
0.039770
0.030977
0.036997
0.036659
0.029557
0.025238
0.021536
0.026704
0.029327
0.026148
0.020727
0.020645
0.020059
0.019469
0.019399
0.019467
0.020109
0.020746
0.021494
0.022913
0.026375
0.028324
0.025900
0.024463
0.022519
0.022359
0.021782
0.020172
0.020148
0.019915
0.019753
0.019855
0.021883
0.024038
0.025455
0.026699
0.029534
0.029279
0.027223
0.027018
0.027014
0.027209
0.019520
0.026585
0.024727
0.023752
0.024212
0.024327
0.024251
0.023995
0.022301
0.020834
0.022547
0.019312
0.019515
0.020124
0.020419
0.021111
0.022455
0.023878
0.022638
0.021178
0.021804
0.022691
0.022347
0.021799
0.020936
0.021348
0.020102
0.023246
0.023125
0.023067
0.023660
0.023773
0.024381
0.024260
0.022891
0.024359
0.023001
0.021679
0.021596
0.021924
0.022550
0.022497
0.020841
0.021953
0.020163
0.020052
0.021061
0.021974
0.025019
0.026304
0.030620
0.034753
0.036071
0.033557
0.030982
0.029662
0.032043
0.035946
0.043445
0.042577
0.039813
0.037604
0.038655
0.037143
0.030380
0.027110
0.026437
0.026143
0.025257
0.024366
0.022759
0.020395
0.020911
0.019424
0.019295
0.018795
0.019065
0.019143
0.019289
0.019791
0.023503
0.021226
0.023370
0.022588
0.022728
0.023265
0.023753
0.024979
0.023402
0.028573
0.027211
0.026296
0.025371
0.028306
0.033553
0.039863
0.019701
0.024820
0.023122
0.022705
0.021159
0.020224
0.020347
0.022041
0.023113
0.025773
0.022274
0.022166
0.023048
0.024489
0.025500
0.026240
0.027178
0.027148
0.026206
0.022427
0.022675
0.021720
0.021605
0.022507
0.030899
0.030525
0.027181
0.026995
0.029192
0.029133
0.025965
0.024069
0.024131
0.025588
0.024838
0.025506
0.028489
0.027256
0.027245
0.036128
0.024359
0.023862
0.023052
0.024705
0.023959
0.023047
0.021051
0.021592
0.020894
0.019445
0.019714
0.019959
0.020909
0.022494
0.029553
0.021132
0.022538
0.020595
0.020659
0.020062
0.020685
0.020142
0.021070
0.022292
0.023136
0.021114
0.026084
0.028433
0.032331
0.034296
0.032838
0.031061
0.033966
0.039120
0.035099
0.028946
0.028263
0.029561
0.027749
0.025336
0.024741
0.023825
0.020263
0.020168
0.020324
0.020433
0.027577
0.023392
0.020234
0.019692
0.019928
0.019943
0.020298
0.020337
0.020257
0.023001
0.022982
0.025283
0.026883
0.026958
0.028797
0.029057
0.025669
0.023396
0.021749
0.019976
0.020179
0.028344
0.026674
0.033295
0.025585
0.023748
0.025538
0.021024
0.021958
0.026988
0.019761
0.025144
0.020743
0.020618
0.021409
0.020096
0.019948
0.020537
0.019845
0.019854
0.019733
0.019986
0.020089
0.020708
0.020668
0.020297
0.023691
0.023386
0.023621
0.020298
0.023559
0.020002
0.021307
0.020204
0.020280
0.019932
0.023847
0.023768
0.023807
0.023083
0.020784
0.019981
0.020007
0.024021
0.023976
0.020289
0.019948
0.023481
0.020148
0.020284
0.019960
0.019979
0.020461
0.020271
0.021679
0.020146
0.020160
0.021730
0.020281
0.020282
0.019782
0.019846
0.020523
0.020369
0.020387
0.020050
0.020190
0.020217
0.025047
0.020032
0.020381
0.021417
0.021385
0.026502
0.023223
0.023421
0.024418
0.023681
0.024966
0.024209
0.024109
0.024011
0.022907
0.020047
0.021218
0.021615
0.021688
0.022460
0.023137
0.023143
0.021305
0.019713
0.019472
0.020295
0.019630
0.019599
0.020178
0.021079
0.021769
0.022701
0.023648
0.024347
0.023751
0.023938
0.025447
0.028700
0.029033
0.026399
0.026362
0.025565
0.026620
0.028023
0.026605
0.026200
0.027102
0.026237
0.024009
0.026651
0.025808
0.024588
0.019519
0.019734
0.022920
0.025388
0.023067
0.023694
0.023854
0.027755
0.023546
0.022723
0.025222
0.028083
0.028955
0.027750
0.029480
0.029045
0.026473
0.028437
0.034391
0.035582
0.030716
0.030695
0.031573
0.024438
0.023462
0.022993
0.022481
0.021417
0.020763
0.020760
0.023438
0.028874
0.029539
0.029536
0.027281
0.022519
0.020149
0.020960
0.021056
0.022121
0.021503
0.022779
0.025124
0.027987
0.034790
0.040974
0.037294
0.030704
0.036207
0.031523
0.034237
0.032742
0.031399
0.031230
0.031429
0.033071
0.035311
0.036962
0.032501
0.030293
0.027055
0.027212
0.024659
0.023748
0.021901
0.022998
0.022493
0.020385
0.021765
0.020211
0.019899
0.020482
0.021630
0.020845
0.020693
0.021039
0.022456
0.020328
0.020076
0.020024
0.020412
0.020841
0.020446
0.020898
0.021143
0.022659
0.023987
0.028102
0.032824
0.037524
0.034662
0.033816
0.032400
0.038318
0.036686
0.031898
0.030867
0.029370
0.026699
0.025339
0.027274
0.024088
0.023102
0.023303
0.023169
0.025433
0.024912
0.024762
0.032037
0.038293
0.041656
0.030883
0.030602
0.028996
0.027496
0.026345
0.026438
0.028808
0.027830
0.027135
0.027579
0.027546
0.029209
0.027762
0.026691
0.021304
0.019074
0.019326
0.020136
0.021036
0.022646
0.024031
0.021429
0.020953
0.022117
0.023254
0.023005
0.021239
0.021122
0.021775
0.019496
0.021599
0.024366
0.025826
0.025628
0.025477
0.023172
0.020175
0.019342
0.019212
0.019407
0.019547
0.019317
0.019161
0.019367
0.019660
0.020729
0.019483
0.021490
0.020353
0.020539
0.022326
0.026032
0.028767
0.027439
0.025973
0.027472
0.028231
0.026398
0.027909
0.027558
0.028925
0.029887
0.030181
0.028924
0.031821
0.028464
0.025237
0.025803
0.027087
0.027828
0.028418
0.027578
0.025660
0.024707
0.023583
0.021488
0.020033
0.019335
0.019270
0.019709
0.019209
0.020004
0.023088
0.025137
0.026469
0.024225
0.024054
0.023185
0.021717
0.020220
0.021545
0.019411
0.019725
0.019544
0.022857
0.019687
0.019424
0.020633
0.023852
0.027256
0.034425
0.027626
0.030531
0.031879
0.032911
0.030167
0.028007
0.026778
0.025382
0.026299
0.020755
0.022067
0.020497
0.019575
0.021465
0.023972
0.024947
0.025564
0.025081
0.024804
0.023592
0.023443
0.023071
0.021290
0.021285
0.019506
0.018852
0.019669
0.019663
0.019909
0.019799
0.020666
0.019213
0.019558
0.019477
0.019511
0.019145
0.019055
0.019222
0.019294
0.019115
0.019300
0.019279
0.019129
0.022043
0.024964
0.019761
0.018672
0.019830
0.018923
0.019069
0.018500
0.029410
0.019126
0.019392
0.018718
0.018921
0.019662
0.019371
0.019125
0.019884
0.019733
0.019732
0.019203
0.019538
0.021546
0.023028
0.022802
0.022098
0.025110
0.024052
0.023332
0.025323
0.027780
0.030551
0.035580
0.032710
0.030569
0.026567
0.029280
0.024400
0.023080
0.021915
0.022193
0.020098
0.023587
0.024671
0.023546
0.022153
0.020830
0.025444
0.026213
0.023752
0.022266
0.022124
0.022692
0.024727
0.029312
0.033020
0.031037
0.027816
0.031024
0.031332
0.027616
0.030679
0.030019
0.032509
0.030775
0.030121
0.026227
0.024094
0.024102
0.024225
0.022704
0.023040
0.023120
0.023057
0.023497
0.026626
0.022280
0.022510
0.021301
0.025002
0.025712
0.025876
0.025054
0.022883
0.023296
0.023170
0.026085
0.023136
0.023497
0.025286
0.027729
0.029599
0.033367
0.035793
0.032324
0.030263
0.026821
0.026541
0.025646
0.025874
0.023696
0.022072
0.023187
0.027681
0.023522
0.019068
0.022337
0.023128
0.021914
0.024937
0.022590
0.023074
0.023673
0.022629
0.027101
0.022908
0.024328
0.024752
0.024249
0.023073
0.023378
0.026320
0.023931
0.026722
0.028065
0.028115
0.028503
0.032014
0.035460
0.027853
0.025477
0.025451
0.025381
0.025847
0.026849
0.025628
0.026470
0.026033
0.026330
0.026979
0.024748
0.022891
0.021686
0.021979
0.022782
0.022147
0.021038
0.022646
0.021590
0.021348
0.023438
0.021542
0.024937
0.023846
0.025003
0.026049
0.025437
0.026066
0.023567
0.021628
0.019773
0.020061
0.019628
0.019667
0.019816
0.019847
0.020283
0.019286
0.019360
0.019190
0.019249
0.019517
0.019353
0.019397
0.019260
0.019919
0.019674
0.019182
0.019125
0.019421
0.019815
0.019539
0.019520
0.019232
0.019315
0.019015
0.019531
0.019782
0.019691
0.021388
0.020926
0.023243
0.024447
0.025120
0.027638
0.028590
0.024790
0.024486
0.023886
0.022421
0.022043
0.023193
0.023643
0.022527
0.022825
0.022815
0.021229
0.019967
0.019828
0.020070
0.019680
0.019630
0.019690
0.019164
0.019457
0.019877
0.020265
0.020997
0.021385
0.024977
0.028695
0.026165
0.028912
0.034923
0.033762
0.033919
0.036681
0.040340
0.040869
0.038286
0.033948
0.026388
0.024050
0.030758
0.033487
0.022739
0.030316
0.022537
0.023930
0.023706
0.023227
0.022547
0.022618
0.021392
0.021540
0.019534
0.018931
0.019060
0.019932
0.022912
0.019492
0.019937
0.019416
0.019563
0.020135
0.020053
0.022152
0.027576
0.023948
0.024510
0.019788
0.026882
0.027066
0.026437
0.023839
0.021847
0.021069
0.019588
0.019358
0.019633
0.020090
0.019452
0.021336
0.019502
0.020507
0.024688
0.025005
0.021370
0.020424
0.021607
0.021921
0.022532
0.022032
0.023635
0.025629
0.028078
0.028779
0.030888
0.029805
0.032823
0.029868
0.031050
0.033691
0.029849
0.039229
0.037228
0.031006
0.034240
0.028113
0.031729
0.032368
0.040179
0.042146
0.022129
0.021964
0.021957
0.019651
0.019708
0.019352
0.019603
0.019640
0.019610
0.019369
0.019548
0.019556
0.019401
0.020062
0.021091
0.020773
0.024479
0.019960
0.019073
0.022959
0.023101
0.019667
0.024086
0.027147
0.026264
0.023095
0.024284
0.022373
0.023107
0.024027
0.022694
0.022763
0.024089
0.025408
0.024672
0.024589
0.020339
0.019316
0.019322
0.019035
0.019458
0.019274
0.019517
0.020240
0.023426
0.019536
0.019852
0.025696
0.027743
0.028531
0.024190
0.025570
0.028317
0.027578
0.024615
0.020525
0.024125
0.026218
0.027752
0.028605
0.028837
0.028266
0.027244
0.027789
0.024559
0.022310
0.021017
0.021658
0.022150
0.022111
0.022364
0.019640
0.020663
0.019067
0.019078
0.019701
0.020299
0.028540
0.025446
0.024889
0.020910
0.019578
0.019153
0.018951
0.018906
0.019417
0.020973
0.019921
0.021996
0.024404
0.021887
0.018703
0.022767
0.018879
0.018908
0.018850
0.023401
0.019035
0.019227
0.019431
0.018868
0.018699
0.018966
0.018992
0.018927
0.018949
0.018901
0.019113
0.022563
0.022430
0.018804
0.020547
0.019488
0.022610
0.022811
0.018761
0.019459
0.019336
0.019668
0.020894
0.020812
0.023045
0.021925
0.020091
0.018734
0.018643
0.024623
0.029684
0.019237
0.018988
0.019221
0.018963
0.018803
0.019235
0.022583
0.018806
0.018996
0.021336
0.025748
0.019126
0.019076
0.019571
0.019190
0.018926
0.019197
0.019955
0.019349
0.025870
0.019386
0.021019
0.019052
0.019418
0.019937
0.019551
0.019331
0.020619
0.022376
0.022012
0.021449
0.021662
0.020762
0.019470
0.019069
0.022190
0.025327
0.018799
0.019120
0.019246
0.018964
0.019615
0.018936
0.018887
0.019189
0.018975
0.025825
0.019519
0.018968
0.019317
0.019088
0.019527
0.020538
0.019688
0.018886
0.018904
0.020736
0.019514
0.019061
0.019032
0.019003
0.019379
0.018880
0.019581
0.019211
0.018629
0.028821
0.018636
0.018918
0.018980
0.019344
0.019426
0.019312
0.019617
0.019449
0.019220
0.019571
0.018892
0.018787
0.018849
0.022914
0.019909
0.019629
0.020586
0.021302
0.021517
0.020879
0.019888
0.019776
0.019033
0.019156
0.019358
0.019236
0.019308
0.019722
0.019600
0.019269
0.018799
0.019145
0.021786
0.019272
0.019536
0.019315
0.020069
0.021027
0.020329
0.018881
0.022614
0.019150
0.018917
