0.000734
0.019631
0.018778
0.019866
0.021633
0.022467
0.027061
0.027474
0.027406
0.024174
0.019203
0.019125
0.018599
0.020812
0.019136
0.022317
0.018669
0.018594
0.018857
0.019153
0.022359
0.019096
0.019111
0.019452
0.020090
0.018980
0.018871
0.019570
0.019410
0.018696
0.018692
0.022505
0.021967
0.019091
0.019008
0.018716
0.018773
0.019133
0.018834
0.018870
0.018876
0.018947
0.019510
0.022840
0.022550
0.018692
0.018782
0.018978
0.019048
0.018823
0.018747
0.018915
0.018938
0.018902
0.018758
0.022734
0.022419
0.019431
0.022457
0.018558
0.018584
0.018985
0.018973
0.018903
0.018879
0.018973
0.018837
0.019048
0.018988
0.018875
0.018955
0.019499
0.019464
0.019074
0.018563
0.018586
0.018652
0.018693
0.018813
0.019026
0.018813
0.018857
0.018976
0.019374
0.018760
0.018588
0.020008
0.018961
0.018732
0.018817
0.018747
0.019153
0.019145
0.019086
0.019297
0.019287
0.019987
0.019046
0.019174
0.018853
0.019125
0.019415
0.018910
0.018910
0.018878
0.018596
0.018982
0.019058
0.019279
0.018998
0.018855
0.018808
0.018696
0.018618
0.020558
0.019406
0.018893
0.018706
0.019897
0.018718
0.018889
0.018823
0.018744
0.018861
0.019103
0.020384
0.018879
0.018768
0.019243
0.019485
0.018739
0.018720
0.018780
0.018610
0.018883
0.018615
0.018573
0.018657
0.018874
0.018860
0.019742
0.018674
0.018691
0.018718
0.018670
0.019755
0.021057
0.018647
0.018603
0.018679
0.018830
0.018868
0.018792
0.019097
0.018975
0.019005
0.019124
0.019317
0.019274
0.020678
0.018776
0.018625
0.018719
0.018774
0.018700
0.019012
0.018817
0.018947
0.018962
0.018906
0.018884
0.021089
0.018948
0.018820
0.018930
0.019109
0.019491
0.018983
0.018721
0.018495
0.018653
0.018658
0.018888
0.018699
0.018834
0.018604
0.018558
0.018875
0.018717
0.018717
0.018710
0.019993
0.019655
0.018806
0.018758
0.018659
0.018554
0.018888
0.018912
0.018847
0.018981
0.018972
0.019072
0.018809
0.018857
0.020489
0.019591
0.018862
0.018667
0.018866
0.018701
0.018739
0.018855
0.018870
0.018908
0.019083
0.020719
0.018783
0.018705
0.020423
0.019633
0.018758
0.019579
0.018875
0.018578
0.018604
0.018760
0.019031
0.018690
0.018594
0.018803
0.020652
0.019053
0.019248
0.020638
0.019367
0.018688
0.018533
0.018394
0.018586
0.018819
0.018889
0.018891
0.018918
0.018813
0.019225
0.019309
0.018731
0.018763
0.020297
0.019052
0.018784
0.019583
0.019366
0.018911
0.019024
0.018989
0.018754
0.018738
0.019204
0.018970
0.018583
0.018592
0.018992
0.019395
0.018670
0.018639
0.018464
0.018529
0.018732
0.018929
0.018772
0.018732
0.018770
0.019049
0.019075
0.018909
0.018741
0.018877
0.019907
0.019051
0.018635
0.018537
0.018486
0.018685
0.018948
0.018831
0.018633
0.018679
0.019068
0.019989
0.018918
0.018894
0.019645
0.019074
0.018955
0.019649
0.018231
0.018212
0.019761
0.018522
0.019011
0.018959
0.019108
0.020066
0.018943
0.018748
0.018621
0.018708
0.018952
0.018761
0.018682
0.018535
0.018580
0.018740
0.018714
0.019316
0.019070
0.018898
0.018778
0.018796
0.019668
0.019357
0.018869
0.018725
0.018675
0.018563
0.018569
0.018956
0.018862
0.018789
0.018723
0.018775
0.019180
0.019171
0.020304
0.019977
0.019310
0.021861
0.018499
0.018571
0.018623
0.018577
0.018694
0.019833
0.022761
0.018984
0.018956
0.018800
0.018947
0.018903
0.019399
0.019361
0.019054
0.018624
0.019352
0.018788
0.018719
0.018931
0.018879
0.019097
0.019198
0.020178
0.018980
0.019014
0.019987
0.019703
0.018906
0.018983
0.018776
0.018668
0.018781
0.019057
0.018866
0.019147
0.018977
0.019225
0.020345
0.019166
0.018943
0.019029
0.019336
0.018957
0.018732
0.018716
0.018903
0.018808
0.018847
0.018949
0.019005
0.018972
0.019170
0.019018
0.018852
0.021826
0.018394
0.018644
0.018219
0.030311
0.022998
0.018561
0.018500
0.018445
0.018289
0.018195
0.018278
0.019996
0.018466
0.018620
0.020195
0.018943
0.018885
0.018513
0.018519
0.018680
0.018754
0.018764
0.018734
0.018909
0.019128
0.020345
0.020008
0.018853
0.020273
0.019375
0.018920
0.018889
0.018686
0.018709
0.018655
0.018754
0.018878
0.018984
0.018918
0.019022
0.019763
0.018965
0.018732
0.018758
0.019552
0.019346
0.018904
0.018894
0.020369
0.018193
0.018253
0.018692
0.019258
0.019121
0.019025
0.019083
0.019147
0.020186
0.018916
0.019251
0.019318
0.020214
0.018733
0.018600
0.018770
0.018820
0.018697
0.018699
0.018749
0.018788
0.018831
0.018857
0.020487
0.018965
0.019087
0.020526
0.019453
0.019034
0.018589
0.018687
0.018831
0.018923
0.018824
0.018790
0.018786
0.018790
0.019350
0.018818
0.018865
0.019822
0.019566
0.018503
0.018577
0.018638
0.019387
0.018893
0.018773
0.020668
0.018895
0.019037
0.020076
0.018911
0.019240
0.020751
0.019505
0.018935
0.018811
0.018736
0.018554
0.018765
0.018989
0.018769
0.018808
0.018995
0.021292
0.019231
0.018699
0.020103
0.020011
0.018842
0.018707
0.018618
0.018595
0.018807
0.019053
0.019438
0.019223
0.019142
0.021017
0.019233
0.020201
0.021018
0.019439
0.018767
0.018639
0.018729
0.018766
0.018779
0.018949
0.018944
0.018959
0.018703
0.020350
0.018595
0.018802
0.019442
0.019925
0.019171
0.018753
0.018617
0.018758
0.018672
0.018842
0.018967
0.018951
0.018914
0.019236
0.018906
0.018873
0.018610
0.019847
0.019321
0.018692
0.018725
0.018684
0.018713
0.018621
0.018661
0.018632
0.018777
0.018797
0.019554
0.018842
0.018790
0.018644
0.018789
0.019059
0.018824
0.018695
0.018903
0.018627
0.018828
0.018820
0.018845
0.018806
0.019273
0.018858
0.018810
0.018791
0.020104
0.019711
0.018946
0.018575
0.018677
0.018656
0.018840
0.019757
0.019352
0.018322
0.018824
0.019630
0.021695
0.020363
0.025204
0.024594
0.018303
0.018142
0.018238
0.018251
0.018397
0.018351
0.019128
0.018908
0.018965
0.019059
0.018931
0.018422
0.020107
0.019338
0.018943
0.018590
0.018497
0.018776
0.018788
0.019164
0.018896
0.018782
0.019185
0.020052
0.019229
0.020282
0.020070
0.023366
0.020224
0.018163
0.018098
0.018216
0.018177
0.018079
0.018396
0.018506
0.018233
0.018903
0.018266
0.018095
0.018837
0.019859
0.018896
0.018758
0.018611
0.018701
0.018733
0.018995
0.018841
0.018872
0.018981
0.019166
0.019349
0.018721
0.018578
0.019133
0.018945
0.018738
0.018512
0.018647
0.018834
0.018685
0.018568
0.018652
0.018746
0.018972
0.018863
0.018730
0.018692
0.020557
0.019137
0.018963
0.018753
0.018695
0.018764
0.019014
0.018732
0.018934
0.018747
0.019041
0.018753
0.018745
0.018735
0.018774
0.019540
0.018582
0.018663
0.018430
0.018313
0.018511
0.018702
0.018593
0.018707
0.018949
0.019280
0.019029
0.018698
0.019935
0.019202
0.018832
0.018526
0.018562
0.018576
0.018525
0.018670
0.018767
0.018683
0.018722
0.018903
0.020758
0.020350
0.021013
0.024168
0.020864
0.018037
0.017978
0.017965
0.027695
0.025599
0.018287
0.029220
0.018256
0.018788
0.019184
0.018858
0.018783
0.018947
0.020099
0.019435
0.018896
0.018606
0.018748
0.028797
0.018835
0.018941
0.018719
0.018675
0.018836
0.019020
0.018865
0.018738
0.020061
0.020813
0.024868
0.018327
0.018196
0.018108
0.018493
0.018270
0.018111
0.018608
0.018330
0.018382
0.018523
0.018533
0.018368
0.029314
0.018904
0.018806
0.018984
0.018602
0.018618
0.018579
0.018603
0.018941
0.019114
0.018882
0.018787
0.019165
0.018955
0.018842
0.018966
0.020228
0.025594
0.018985
0.018728
0.018820
0.018737
0.019293
0.018988
0.018929
0.018999
0.018984
0.018754
0.018689
0.018679
0.019537
0.019268
0.025487
0.018823
0.018676
0.018534
0.018930
0.019024
0.018908
0.018957
0.019061
0.019202
0.018798
0.019501
0.019856
0.026190
0.027149
0.023419
0.023765
0.022124
0.018723
0.018963
0.019001
0.018831
0.018796
0.019063
0.020823
0.022673
0.018873
0.018858
0.019573
0.019024
0.018795
0.018757
0.018836
0.018812
0.019058
0.019076
0.019147
0.019041
0.019241
0.019001
0.018871
0.022403
0.019345
0.019355
0.018742
0.018720
0.018501
0.018619
0.022808
0.023184
0.018913
0.019004
0.019215
0.019264
0.018910
0.019841
0.019069
0.018779
0.018985
0.018788
0.018882
0.018857
0.018671
0.018804
0.018987
0.019065
0.018900
0.019092
0.018741
0.018675
0.018997
0.019659
0.019308
0.022399
0.018687
0.025034
0.018807
0.018931
0.018847
0.018884
0.018975
0.019036
0.021932
0.018898
0.018926
0.020725
0.019349
0.018909
0.018879
0.018752
0.018626
0.018656
0.018838
0.018782
0.018871
0.018968
0.018950
0.020445
0.018763
0.019653
0.019358
0.019217
0.018818
0.018693
0.018727
0.018781
0.019010
0.018938
0.018992
0.019009
0.019176
0.019121
0.018779
0.018685
0.019810
0.019340
0.019145
0.018765
0.018858
0.018838
0.019114
0.018808
0.019103
0.018932
0.019003
0.020366
0.019061
0.018994
0.019074
0.019002
0.018970
0.018849
0.018904
0.018946
0.019009
0.019047
0.019077
0.018944
0.019095
0.019441
0.019120
0.019010
0.018920
0.019143
0.019441
0.019069
0.018633
0.018793
0.018606
0.018592
0.019005
0.018855
0.018831
0.018815
0.019259
0.018997
0.018734
0.018730
0.020482
0.019793
0.018779
0.018516
0.018610
0.018831
0.018687
0.018744
0.018684
0.018686
0.018716
0.020430
0.018855
0.018562
0.018629
0.018684
0.018714
0.018827
0.018486
0.018472
0.018502
0.018616
0.018766
0.018781
0.018706
0.018908
0.020205
0.018843
0.018832
0.018900
0.018957
0.018809
0.018688
0.018439
0.018587
0.018467
0.018843
0.018785
0.019027
0.018782
0.018806
0.018820
0.018633
0.018650
0.018748
0.018605
0.018916
0.018753
0.018587
0.018557
0.018717
0.019006
0.018919
0.018657
0.018833
0.018811
0.018835
0.019262
0.018765
0.019240
0.018529
0.018862
0.018552
0.018675
0.018739
0.018493
0.018631
0.018739
0.018734
0.018816
0.019088
0.018796
0.018892
0.018666
0.019788
0.019441
0.018900
0.018953
0.018688
0.018668
0.018724
0.018817
0.018851
0.018845
0.018803
0.019693
0.019032
0.019289
0.021716
0.019791
0.018717
0.018586
0.018593
0.018472
0.018661
0.018737
0.018731
0.018812
0.018861
0.019027
0.020523
0.018673
0.020613
0.019499
0.019087
0.018692
0.018625
0.018491
0.018609
0.018735
0.018814
0.018760
0.018847
0.020940
0.018965
0.018878
0.019707
0.019279
0.018747
0.018484
0.018506
0.018550
0.018580
0.018752
0.018858
0.018813
0.018967
0.019199
0.018830
0.019185
0.020226
0.019483
0.018746
0.018780
0.018646
0.018642
0.018644
0.018910
0.019215
0.018940
0.019163
0.020375
0.018720
0.018779
0.019730
0.018734
0.018990
0.018661
0.018604
0.018775
0.018906
0.019153
0.019006
0.018996
0.019375
