0.000547
0.019265
0.019348
0.021280
0.025343
0.029300
0.029754
0.025934
0.023585
0.025412
0.021146
0.019238
0.019337
0.019513
0.019256
0.019489
0.023038
0.018964
0.019034
0.019132
0.019216
0.019207
0.019225
0.019553
0.020340
0.019967
0.019495
0.020561
0.019022
0.018960
0.018996
0.018944
0.019319
0.024749
0.026311
0.029505
0.034233
0.039440
0.036737
0.032430
0.032111
0.027045
0.024384
0.021596
0.020339
0.019633
0.018985
0.019124
0.019754
0.021989
0.023275
0.022729
0.020397
0.019305
0.023159
0.022855
0.024298
0.024680
0.027194
0.034041
0.044983
0.041619
0.046069
0.045455
0.041296
0.035006
0.039027
0.034697
0.034121
0.033106
0.038197
0.039121
0.037207
0.037109
0.032921
0.032232
0.032928
0.036366
0.036902
0.026677
0.024711
0.029676
0.030628
0.027830
0.021678
0.026273
0.030595
0.032606
0.029253
0.035137
0.033745
0.032557
0.030814
0.038986
0.046123
0.044441
0.048599
0.045689
0.039435
0.031114
0.028636
0.030280
0.032326
0.030221
0.023385
0.022177
0.021056
0.019814
0.020873
0.031217
0.038764
0.036663
0.046399
0.050506
0.044009
0.036623
0.034484
0.030527
0.025814
0.020814
0.019139
0.019232
0.019500
0.019258
0.019248
0.019661
0.019244
0.019352
0.019195
0.020799
0.019542
0.019236
0.019387
0.019147
0.019460
0.019419
0.019366
0.019897
0.019293
0.019119
0.019394
0.018936
0.018884
0.018978
0.019074
0.020849
0.022410
0.034535
0.036606
0.032209
0.030172
0.027150
0.021959
0.025895
0.021534
0.019897
0.019182
0.019018
0.019463
0.018997
0.019475
0.019041
0.019441
0.019002
0.019205
0.019139
0.019182
0.019389
0.019353
0.019264
0.019006
0.020911
0.021076
0.019022
0.019284
0.019014
0.018916
0.019086
0.019182
0.019284
0.019234
0.020744
0.019126
0.020009
0.019321
0.021106
0.019227
0.018963
0.019000
0.019119
0.019140
0.019820
0.021376
0.021501
0.020907
0.019579
0.019409
0.019210
0.018894
0.018950
0.019088
0.019166
0.019238
0.019269
0.020467
0.019399
0.019389
0.020156
0.019412
0.019322
0.018927
0.018954
0.018892
0.019086
0.019164
0.019174
0.019249
0.021124
0.019320
0.019487
0.019392
0.020918
0.018926
0.018955
0.018891
0.018993
0.019601
0.019106
0.019144
0.019570
0.019417
0.019305
0.019248
0.019100
0.019274
0.019078
0.019008
0.018884
0.018980
0.019155
0.019172
0.019017
0.019143
0.020610
0.019068
0.019167
0.019224
0.021073
0.019038
0.018901
0.018922
0.019104
0.019218
0.019203
0.019094
0.019233
0.019441
0.019161
0.019461
0.020569
0.021342
0.019032
0.019127
0.018931
0.019382
0.019428
0.019130
0.019337
0.019162
0.019217
0.019114
0.019342
0.020048
0.021167
0.019129
0.019211
0.018923
0.019203
0.019200
0.019431
0.019140
0.019415
0.019598
0.019100
0.019146
0.019288
0.022013
0.024836
0.024150
0.023945
0.019322
0.019198
0.019123
0.019160
0.019174
0.019221
0.019221
0.019971
0.019222
0.018922
0.018899
0.019017
0.018970
0.019148
0.019001
0.019133
0.019343
0.019270
0.019363
0.019150
0.019667
0.019315
0.019224
0.019054
0.018855
0.018846
0.018971
0.019066
0.019020
0.019170
0.019657
0.020590
0.019554
0.018987
0.018971
0.018808
0.018909
0.019124
0.019037
0.019176
0.019204
0.019400
0.019080
0.018982
0.019308
0.019255
0.019078
0.018781
0.018745
0.018834
0.018899
0.019075
0.019090
0.019270
0.019323
0.019294
0.019136
0.019495
0.019149
0.019017
0.019088
0.019059
0.019172
0.018860
0.019044
0.019037
0.019049
0.018989
0.019216
0.019609
0.019133
0.018887
0.019010
0.019717
0.019399
0.021777
0.028179
0.033678
0.035949
0.037687
0.033602
0.032590
0.031225
0.027587
0.024461
0.022141
0.020268
0.019313
0.018882
0.019101
0.018989
0.018942
0.019068
0.019485
0.019068
0.019053
0.019365
0.019849
0.019517
0.019536
0.022511
0.025279
0.024843
0.022791
0.021667
0.022597
0.022363
0.021601
0.019553
0.019308
0.019858
0.020968
0.020261
0.019363
0.021087
0.019033
0.018922
0.019113
0.019097
0.018969
0.019009
0.019059
0.019139
0.019154
0.019802
0.019395
0.018938
0.018950
0.020053
0.020487
0.020834
0.020127
0.019218
0.019304
0.019343
0.019263
0.019138
0.019810
0.019574
0.019192
0.018947
0.019258
0.018978
0.019169
0.019172
0.019105
0.019013
0.019149
0.019146
0.019107
0.019063
0.019328
0.020917
0.019262
0.019088
0.018951
0.018915
0.019160
0.019062
0.019133
0.019589
0.019256
0.021093
0.019296
0.019218
0.018924
0.018808
0.018880
0.019036
0.019040
0.019073
0.019169
0.019554
0.019873
0.019347
0.019102
0.019511
0.019328
0.019119
0.019091
0.019041
0.018982
0.018915
0.019031
0.019011
0.019084
0.019241
0.019664
0.019407
0.018841
0.019488
0.020902
0.021103
0.019003
0.019086
0.019006
0.019035
0.019256
0.019150
0.019040
0.019271
0.020399
0.019285
0.019034
0.019965
0.021129
0.019270
0.018987
0.018783
0.018897
0.018999
0.019408
0.019412
0.019073
0.019193
0.019074
0.019110
0.019115
0.020108
0.019190
0.019154
0.019180
0.018990
0.019286
0.019595
0.019329
0.019207
0.020007
0.019186
0.019168
0.021130
0.021003
0.019051
0.018889
0.018910
0.019214
0.019403
0.018549
0.018596
0.018692
0.019263
0.018837
0.018740
0.018766
0.019045
0.018862
0.018502
0.018430
0.018387
0.018585
0.018556
0.018507
0.018486
0.018604
0.018692
0.019143
0.019172
0.019898
0.019733
0.018999
0.018972
0.018743
0.018936
0.018963
0.019170
0.019128
0.019223
0.019850
0.020990
0.019384
0.019114
0.019731
0.019228
0.019085
0.018967
0.018962
0.019078
0.019270
0.019039
0.019086
0.019136
0.019252
0.019090
0.019717
0.020863
0.020404
0.019267
0.019173
0.019633
0.019554
0.019229
0.019138
0.019195
0.019585
0.019510
0.019201
0.019065
0.019144
0.019050
0.019343
0.019285
0.019351
0.019507
0.019201
0.019154
0.018969
0.019108
0.019059
0.019688
0.019420
0.019190
0.018920
0.019080
0.019059
0.019118
0.019225
0.019309
0.019362
0.019389
0.019408
0.019284
0.019451
0.019459
0.019584
0.019202
0.019274
0.020457
0.032435
0.041351
0.043011
0.035960
0.030456
0.025490
0.019640
0.020740
0.020502
0.019401
0.019204
0.027123
0.027276
0.027424
0.025534
0.019322
0.020916
0.019065
0.019164
0.019653
0.020929
0.019485
0.020917
0.019435
0.019278
0.019227
0.019160
0.019302
0.019498
0.019552
0.019607
0.019199
0.020046
0.019604
0.021119
0.019233
0.019004
0.018938
0.019008
0.018994
0.019197
0.019047
0.019012
0.018947
0.019322
0.019043
0.019403
0.019282
0.019057
0.019249
0.019210
0.019079
0.018984
0.018921
0.019198
0.019262
0.019283
0.019268
0.019526
0.019462
0.019632
0.019483
0.019952
0.019800
0.019323
0.019112
0.019012
0.018957
0.019192
0.019374
0.019216
0.019162
0.019550
0.019372
0.019347
0.019213
0.019427
0.019228
0.019068
0.018863
0.018973
0.019046
0.019101
0.019167
0.019210
0.019273
0.019212
0.019181
0.019027
0.019289
0.018966
0.019127
0.019090
0.019152
0.019298
0.019503
0.019515
0.019243
0.019094
0.021015
0.021129
0.019180
0.019288
0.019324
0.019041
0.019150
0.019051
0.019098
0.019032
0.019791
0.019229
0.019218
0.019347
0.020392
0.019204
0.018963
0.018892
0.018885
0.019068
0.019274
0.019246
0.019779
0.018937
0.019436
0.019216
0.019212
0.019181
0.019153
0.020707
0.019111
0.019318
0.018954
0.018934
0.018965
0.019039
0.019237
0.019129
0.019130
0.019341
0.019238
0.018955
0.019949
0.018888
0.019073
0.019156
0.018999
0.018856
0.018932
0.019118
0.019228
0.019174
0.019242
0.020491
0.019332
0.018999
0.019060
0.019767
0.019258
0.019018
0.018983
0.018762
0.018767
0.018914
0.018979
0.018994
0.019032
0.020225
0.018988
0.019050
0.019083
0.018973
0.019255
0.019094
0.018806
0.018809
0.018938
0.018962
0.019092
0.019141
0.018939
0.018999
0.019294
0.019181
0.019014
0.019008
0.018791
0.020424
0.019294
0.018878
0.019004
0.018843
0.018961
0.018968
0.019077
0.019121
0.019099
0.019314
0.019264
0.019152
0.019286
0.020857
0.019857
0.018954
0.019038
0.018854
0.018807
0.019063
0.018975
0.019145
0.018983
0.020320
0.018949
0.019106
0.019142
0.019396
0.019226
0.019013
0.019209
0.018896
0.018999
0.019181
0.019037
0.019164
0.019196
0.019322
0.019077
0.018985
0.019204
0.019706
0.018937
0.019207
0.019206
0.018999
0.019130
0.019030
0.018894
0.019012
0.019717
0.019111
0.019168
0.019946
0.020230
0.019118
0.019062
0.019043
0.019015
0.019149
0.019331
0.019133
0.019314
0.020063
0.028031
0.034945
0.035461
0.030609
0.027285
0.026935
0.023814
0.021586
0.019699
0.019229
0.023056
0.026794
0.027673
0.029607
0.026659
0.024852
0.020770
0.019358
0.019306
0.018971
0.019452
0.019249
0.019145
0.019288
0.019206
0.019269
0.019350
0.019269
0.019073
0.019629
0.020853
0.019061
0.018869
0.018834
0.018937
0.019248
0.019085
0.019193
0.019052
0.019570
0.019186
0.019250
0.019155
0.020633
0.019331
0.019189
0.018950
0.018857
0.019096
0.019263
0.019412
0.019232
0.019124
0.019117
0.019596
0.019249
0.019231
0.019545
0.020977
0.019220
0.019094
0.019024
0.018946
0.019248
0.019136
0.019079
0.019084
0.019397
0.019067
0.019200
0.019088
0.020677
0.019413
0.019051
0.019090
0.018945
0.018883
0.019004
0.019208
0.019104
0.019261
0.019358
0.019043
0.019305
0.019152
0.021115
0.021007
0.019153
0.019112
0.018990
0.018992
0.019178
0.019244
0.019150
0.019070
0.019624
0.019319
0.019042
0.019412
0.020641
0.019114
0.018873
0.018734
0.018789
0.018948
0.019552
0.019342
0.019187
0.021862
0.019481
0.019600
0.020349
0.019150
0.019218
0.023764
0.021613
0.021347
0.025190
0.024102
0.027168
0.028864
0.030085
0.026910
0.024197
0.024526
0.026181
0.027340
0.025712
0.026757
0.025381
0.022899
0.021595
0.024468
0.023369
0.021755
0.019550
0.019881
0.019313
0.019000
0.018922
0.018969
0.018867
0.018886
0.019076
0.019040
0.019058
0.019276
0.019188
0.019063
0.019130
0.020274
0.019241
0.018916
0.018923
0.018900
0.019086
0.019141
0.019090
0.019077
0.022612
0.025963
0.030937
0.029370
0.027573
0.028090
0.023137
0.020689
0.019266
0.019090
0.019084
0.019168
0.019263
0.019449
0.019100
0.019157
0.021063
0.019438
0.021192
0.021058
0.020205
0.018889
0.018836
0.018977
0.018948
0.019117
0.019219
0.019159
0.019376
0.019441
0.019659
0.023812
0.027456
0.026153
0.023683
0.022518
0.019559
0.027947
0.022771
0.022242
0.024741
0.024774
0.024601
0.023304
0.024682
0.024526
0.022706
0.021889
0.019877
0.028426
0.025434
0.023903
0.021437
0.021165
0.019592
0.019465
0.019587
0.019481
0.030701
0.025140
0.024372
0.024019
0.022806
0.028174
0.029104
0.026008
0.034967
0.035621
0.030894
0.029101
0.030471
0.032397
0.033515
0.039150
0.046914
0.044020
0.041674
0.034239
0.031399
0.029771
0.030221
0.027617
0.029304
0.029918
0.023713
0.023119
0.026981
0.041315
0.036614
0.028622
0.049748
0.038950
0.028275
0.027621
0.024639
0.029968
0.019471
0.019700
0.024794
0.024683
0.025607
0.021057
0.020489
0.023188
0.021426
0.034457
0.023142
0.022068
0.020970
0.021821
0.020829
0.022511
0.023979
0.027206
0.027326
0.029531
0.028441
0.028042
0.024836
0.026451
0.042499
0.039444
0.029120
0.029238
0.027570
0.024827
0.024499
0.023303
0.025152
0.028377
0.027136
0.031648
0.031262
0.030098
0.029579
0.029255
0.034893
0.033891
0.036120
0.035912
0.026139
0.023907
0.021535
0.021428
0.022506
0.022520
0.021510
0.019644
0.020508
0.022094
0.020791
0.019660
0.021860
0.019816
0.020223
0.019697
0.019464
0.019696
0.019592
0.023682
0.023239
0.021561
0.020657
0.019130
0.019099
0.019138
0.019151
0.019223
0.019479
0.020948
0.019234
0.019064
0.019121
0.019078
0.019272
0.019223
0.019230
0.019127
0.019918
0.021134
0.019149
0.019045
0.019015
0.018848
0.019071
0.018937
0.018913
0.019043
0.019094
0.020428
0.021121
0.019265
0.019074
0.019068
0.019053
0.018991
0.019280
0.019161
0.019171
0.019366
0.021001
0.021294
0.019208
0.019044
0.018973
0.018848
0.019048
0.019241
0.019515
0.019073
0.018941
0.019397
0.020649
0.020918
0.019324
0.020844
0.019095
0.019077
0.019352
0.019254
0.019439
0.019673
0.019551
0.019402
0.021062
0.019077
0.019045
0.019109
0.018965
0.019224
0.019152
0.019285
0.019046
0.019119
0.019560
0.020880
0.019115
0.018864
0.018918
0.019041
0.019195
0.019193
0.019197
0.019274
0.020813
0.020973
0.019215
0.018912
0.019076
0.019127
0.019547
0.019519
0.019394
0.019164
0.019364
0.019640
0.019043
0.019034
0.018873
0.019214
0.019130
0.019127
0.019468
0.019480
0.021436
0.021271
0.019329
0.019485
0.019430
0.019010
0.019768
0.019193
0.019561
0.019490
0.019585
0.020857
0.019274
0.019541
0.019515
0.019237
0.019581
0.019567
0.019278
0.019268
0.020136
0.019968
0.021623
0.019797
0.019169
0.019577
0.019762
0.019676
0.020106
0.019175
0.019422
0.021924
0.021603
0.019483
0.018944
0.018990
0.019204
0.019185
0.018647
0.018676
0.018740
0.019305
0.020616
0.020971
0.019280
0.019199
0.019000
0.019099
0.019220
0.019372
0.019391
0.019122
0.019251
0.020312
0.021042
0.019270
0.019078
0.018953
0.018884
0.019170
0.019227
0.019061
0.020216
0.019451
0.020874
0.021191
0.019267
0.019112
0.019059
0.019097
0.019216
0.019258
0.019294
0.019310
0.019232
0.019650
0.020899
0.019188
0.018924
0.018861
0.018993
0.019243
0.019143
0.019386
0.019136
0.019106
0.020608
0.019528
0.020367
0.021490
0.022029
0.021517
0.021838
0.022097
0.020605
0.019082
0.018823
0.019109
0.019017
0.019020
0.019276
0.019110
0.019559
0.020880
0.019110
0.019120
0.018973
0.019053
0.018953
0.019039
0.019137
0.019141
0.019409
0.019305
0.020664
0.022145
0.019053
0.018915
0.018998
0.019455
0.019054
0.018947
0.019208
0.019336
0.019590
0.020501
0.019147
0.019101
0.018957
0.018929
0.019014
0.019228
0.019356
0.019368
0.019359
0.020489
0.021149
0.019142
0.019063
0.019038
0.019234
0.019074
0.019145
0.019286
0.019221
0.019427
0.019825
0.021095
0.019096
0.019075
0.018901
0.019662
0.019176
0.019277
0.019217
0.020109
0.021188
0.019347
0.019139
0.019244
0.018976
0.019308
0.019220
0.019176
0.019213
0.019322
0.021581
0.021201
0.019330
0.019398
0.018953
0.019165
0.019187
0.019172
0.019243
0.019263
0.019256
0.020788
0.021059
0.019305
0.021781
0.019233
0.019177
0.019255
0.019235
0.019243
0.019167
0.020216
0.021145
0.019286
0.019114
0.019180
0.019970
0.019129
0.019689
0.018986
0.019621
0.019443
0.021093
0.019109
0.019226
0.018970
0.018934
0.019067
0.019214
0.019273
0.019365
0.019443
0.022292
0.019215
0.019073
0.018898
0.019210
0.019108
0.019297
0.019506
0.019938
0.021417
0.021155
0.019438
0.019116
0.019369
0.020864
0.019386
0.019220
0.019775
0.019694
0.021157
0.019124
0.019015
0.019006
0.019210
0.019436
0.019196
0.019256
0.019367
0.021125
0.021278
0.019001
0.018980
0.019041
0.018871
0.019227
0.019188
0.019161
0.019295
0.019303
0.019636
0.021000
0.019327
0.019125
0.018976
0.019170
0.019181
0.019242
0.019156
0.019198
0.019316
0.020254
0.021372
0.019052
0.019188
0.018971
0.018819
0.019167
0.019202
0.019217
0.019030
0.019312
0.020993
0.021220
0.019291
0.019016
0.019156
0.019027
0.019420
0.019288
0.019265
0.019168
0.020062
0.021275
0.019248
0.019065
0.018971
0.019036
0.019289
0.019185
0.019511
0.019420
0.024839
0.019209
0.019018
0.018978
0.019134
0.019037
0.023448
0.019268
0.019334
0.019302
0.020094
0.021302
0.020481
0.019151
0.022108
0.019029
0.019239
0.019353
0.019296
0.019196
0.019318
0.020264
0.019174
0.024513
0.019780
0.019128
0.019311
0.019118
0.019103
0.019236
0.019307
0.021413
0.021145
0.019313
0.019169
0.019073
0.018936
0.018988
0.019043
0.019267
0.019195
0.019236
0.019599
0.019314
0.020905
0.020806
0.019028
0.018916
0.019069
0.019250
0.019274
0.019294
0.019226
0.019388
0.021244
0.019398
0.021062
0.019019
0.018881
0.018941
0.019164
0.019129
0.019147
0.019196
0.021368
0.021271
0.019288
0.020712
0.018929
0.018917
0.019098
0.019209
0.019202
0.019243
0.019320
0.020610
0.021148
0.019141
0.022083
0.019492
0.019094
0.019051
0.019130
0.019239
0.019166
0.019301
0.021534
0.021127
0.019343
0.019154
0.018888
0.018848
0.018900
0.019074
0.019225
0.019088
0.019505
0.019417
0.020895
0.019071
0.019013
0.018979
0.018962
0.019262
0.019146
0.019061
0.019215
0.020324
0.021066
0.020164
0.019086
0.018905
0.019131
0.018959
0.019000
0.018891
0.018956
0.019064
0.020513
0.021064
0.019146
0.018985
0.019019
0.019049
0.019027
0.019276
0.019279
0.019213
0.019212
0.020818
0.021058
0.019109
0.019170
0.018944
0.018857
0.019038
0.019191
0.019357
0.019073
0.019070
0.019478
0.019539
0.021149
0.019077
0.019014
0.018937
0.019069
0.020865
0.033906
0.020099
0.034992
0.023428
0.023746
0.024801
0.020518
0.024796
0.039968
0.049879
0.031887
0.034423
0.036135
0.022402
0.023952
0.024104
0.026041
0.023916
0.021073
0.019521
0.019382
0.021354
0.022480
0.021714
0.019359
0.019111
0.019047
0.019182
0.019229
0.019662
0.019157
0.019301
0.019421
0.020966
0.021387
0.019414
0.019249
0.019345
0.019141
0.019116
0.019320
0.019396
0.019349
0.019322
0.020911
0.021367
0.019349
0.019552
0.021842
0.024676
0.025457
0.028259
0.037838
0.034594
0.028548
0.025172
0.023076
0.020914
0.019410
0.019405
0.019883
0.021271
0.019229
0.019589
0.020237
0.027415
0.029500
0.025055
0.022280
0.023261
0.023395
0.025215
0.019417
0.019130
0.019089
0.019189
0.019538
0.019415
0.019339
0.019325
0.020481
0.021175
0.019352
0.019358
0.019245
0.019256
0.019183
0.019229
0.019362
0.019444
0.019336
0.021240
0.020995
0.019649
0.022811
0.020043
0.019055
0.019232
0.019080
0.019283
0.019366
0.019356
0.021590
0.021246
0.019558
0.019215
0.019306
0.019123
0.019166
0.019305
0.019162
0.019216
0.019158
0.021585
0.021240
0.019875
0.019157
0.019123
0.019316
0.019031
0.019511
0.019067
0.021734
0.020509
0.031924
0.024451
0.025140
0.019178
0.019125
0.019173
0.019870
0.019325
0.019220
0.019110
0.019528
0.019185
0.020258
0.020042
0.019203
0.019276
0.019286
0.019409
0.019251
0.019304
0.019294
0.019592
0.019661
0.019632
0.022559
0.025617
0.032153
0.031309
0.032974
0.024322
0.022673
0.027130
0.019851
0.019320
0.018990
0.019100
0.019196
0.019271
0.019189
0.019265
0.019680
0.021413
0.021067
0.019167
0.019783
0.019052
0.019000
0.019044
0.019279
0.019140
0.019238
0.019302
0.021348
0.021246
0.019290
0.019201
0.019042
0.018909
0.018978
0.019240
0.019142
0.019061
0.019232
0.020036
0.021098
0.020887
0.019085
0.018904
0.018954
0.019003
0.019122
0.019120
0.019231
0.019096
0.019387
0.020554
0.021153
0.019226
0.019418
0.018904
0.019063
0.019336
0.019199
0.019148
0.019211
0.019367
0.021117
0.021209
0.019701
0.019147
0.018951
0.018969
0.019219
0.019191
0.019066
0.019051
0.019346
0.019520
0.021206
0.019316
0.018947
0.019022
0.019613
0.019214
0.019198
0.019054
0.019239
0.019588
0.021207
0.019461
0.020155
0.019563
0.019356
0.019089
0.022421
0.023592
0.021588
0.019773
0.019066
0.019156
0.019204
0.019211
0.019088
0.019254
0.021544
0.021089
0.019911
0.018941
0.019102
0.019310
0.019128
0.019102
0.019132
0.019096
0.019350
0.019727
0.020994
0.019440
0.019533
0.027114
0.029333
0.025832
0.023497
0.021201
0.019480
0.018969
0.019247
0.020852
0.020935
0.019508
0.019023
0.019257
0.019612
0.019262
0.021180
0.020139
0.032911
0.032561
0.029986
0.025959
0.026834
0.027776
0.027373
0.028382
0.027722
0.025307
0.027724
0.028027
0.026545
0.033786
0.032281
0.028442
0.024190
0.022910
0.028538
0.043014
0.035564
0.028746
0.025366
0.022615
0.021853
0.021396
0.019649
0.019039
0.018933
0.019083
0.019145
0.019358
0.019426
0.019400
0.024329
0.023117
0.019402
0.019027
0.019020
0.019042
0.018883
0.019125
0.019362
0.019032
0.018995
0.020806
0.021103
0.019184
0.019628
0.019144
0.019257
0.019123
0.019179
0.019173
0.019184
0.019434
0.019658
0.021234
0.020100
0.019319
0.019125
0.018975
0.019196
0.019140
0.019286
0.019132
0.019089
0.019237
0.019949
0.019645
0.021594
0.025381
0.023934
0.020464
0.019140
0.018999
0.019052
0.019613
0.019142
0.019314
0.021309
0.020980
0.019729
0.019519
0.020909
0.026240
0.027829
0.020081
0.035962
0.036761
0.033444
0.042871
0.037652
0.029123
0.026112
0.023074
0.027414
0.037505
0.033894
0.026130
0.023169
0.021259
0.019855
0.019160
0.019558
0.019449
0.020271
0.019017
0.019239
0.019012
0.019188
0.019222
0.019410
0.019287
0.021010
0.022335
0.019328
0.019110
0.019180
0.019080
0.019245
0.019349
0.019106
0.019479
0.019329
0.021039
0.021220
0.024781
0.022386
0.026933
0.018857
0.018849
0.018748
0.024810
0.023759
0.027478
0.021210
0.024477
0.019779
0.023130
0.019283
0.027514
0.026095
0.019199
0.019381
0.019841
0.021085
0.019187
0.018879
0.018965
0.019118
0.019202
0.019297
0.019176
0.019108
0.019139
0.019301
0.019789
0.021044
0.019295
0.019056
0.018919
0.019631
0.025119
0.026763
0.026936
0.027886
0.040446
0.032515
0.028597
0.032789
0.039932
0.041029
0.036290
0.035833
0.040779
0.041414
0.038683
0.038684
0.030850
0.027703
0.020629
0.023871
0.024083
0.024574
0.025908
0.025114
0.023875
0.027437
0.025946
0.023797
0.023703
0.023649
0.023872
0.025360
0.024635
0.024478
0.024102
0.023885
0.024611
0.028148
0.027661
0.030283
0.028708
0.030361
0.027467
0.023426
0.030685
0.028637
0.025001
0.023636
0.023393
0.023509
0.023211
0.026216
0.045094
0.043579
0.036039
0.029087
0.027920
0.026446
0.024638
0.025336
0.025402
0.032938
0.035965
0.041360
0.034595
0.030079
0.026808
0.025051
0.023282
0.026135
0.027791
0.028036
0.028299
0.026020
0.023227
0.023092
0.021387
0.019218
0.019169
0.019019
0.018943
0.019150
0.019243
0.019133
0.019276
0.019966
0.021210
0.020126
0.019410
0.019218
0.018985
0.019042
0.019177
0.019286
0.019124
0.019030
0.020030
0.021180
0.019343
0.019137
0.018939
0.018886
0.020404
0.026180
0.024849
0.023398
0.019130
0.019117
0.019163
0.019257
0.019228
0.019377
0.021225
0.021131
0.019526
0.019262
0.019243
0.019233
0.019066
0.019098
0.019391
0.019393
0.019435
0.021228
0.020896
0.019286
0.018979
0.019005
0.019014
0.019176
0.019146
0.019189
0.019176
0.019186
0.019287
0.020229
0.019027
0.018923
0.018795
0.019262
0.019310
0.019014
0.019075
0.018963
0.019276
0.019724
0.021080
0.019047
0.019231
0.019090
0.019003
0.019272
0.019485
0.019430
0.019146
0.020369
0.020970
0.018995
0.018952
0.018938
0.019002
0.019158
0.019374
0.019041
0.019328
0.019110
0.020175
0.021008
0.019176
0.019112
0.018943
0.019083
0.019109
0.019255
0.019251
0.019397
0.019394
0.020886
0.021078
0.022429
0.023204
0.019055
0.019206
0.019353
0.019329
0.019324
0.019280
0.019380
0.019436
0.018988
0.022858
0.019117
0.019193
0.019201
0.019114
0.019204
0.019245
0.019545
0.019430
0.020001
0.019437
0.019476
0.019461
0.019433
0.019302
0.019395
0.019424
0.019295
0.019233
0.019920
0.019700
0.019587
0.019191
0.019221
0.019385
0.019436
0.019423
0.019453
0.019298
