0.000484
0.019828
0.019880
0.020014
0.020678
0.020170
0.019345
0.019918
0.019998
0.019337
0.019766
0.020546
0.020808
0.019557
0.019822
0.019618
0.018958
0.019006
0.019404
0.019483
0.019512
0.018949
0.019126
0.019255
0.019289
0.019412
0.019515
0.020350
0.021346
0.021186
0.020509
0.019104
0.019427
0.019564
0.018985
0.019137
0.019386
0.018946
0.019388
0.019586
0.019271
0.018888
0.018899
0.019020
0.019325
0.019398
0.018915
0.019124
0.019407
0.019714
0.019180
0.019639
0.019011
0.019043
0.019084
0.019127
0.019309
0.019488
0.019107
0.019042
0.019144
0.018817
0.019394
0.019330
0.019424
0.019849
0.019008
0.019038
0.019413
0.019317
0.019020
0.019047
0.019076
0.018995
0.019373
0.019010
0.018883
0.018839
0.018829
0.018897
0.019177
0.018995
0.018853
0.018780
0.019168
0.018927
0.019086
0.019081
0.018933
0.019428
0.019367
0.019068
0.019285
0.018953
0.018953
0.019347
0.018840
0.019468
0.018908
0.018978
0.019617
0.019041
0.018937
0.018964
0.019243
0.018838
0.018879
0.018932
0.019017
0.018949
0.018971
0.019003
0.018886
0.018952
0.018929
0.019498
0.019456
0.018894
0.018879
0.019002
0.018881
0.019297
0.019459
0.019349
0.019454
0.019458
0.023054
0.019530
0.020030
0.019510
0.019202
0.019053
0.019416
0.022626
0.019108
0.018893
0.020528
0.022616
0.022323
0.030947
0.019695
0.018783
0.019835
0.023007
0.018830
0.019338
0.019051
0.024342
0.023274
0.023572
0.019128
0.025777
0.024516
0.019557
0.019364
0.026504
0.022228
0.019625
0.019815
0.019032
0.018848
0.019140
0.019194
0.019059
0.019273
0.019439
0.019582
0.020852
0.019453
0.019100
0.019161
0.018862
0.019390
0.019311
0.020193
0.020167
0.019967
0.021266
0.019643
0.019196
0.019300
0.019306
0.019810
0.019765
0.019503
0.019894
0.019291
0.019259
0.019719
0.027036
0.019567
0.019187
0.019700
0.019588
0.019076
0.019158
0.019382
0.020659
0.019258
0.021508
0.025913
0.022910
0.019266
0.020126
0.019560
0.019472
0.019628
0.019574
0.019408
0.019748
0.019549
0.019014
0.019658
0.019193
0.019269
0.018987
0.019602
0.019807
0.019559
0.019409
0.022902
0.019225
0.018916
0.019050
0.019605
0.019475
0.019151
0.019363
0.020018
0.019354
0.019989
0.019361
0.019521
0.020038
0.021099
0.022434
0.021491
0.023117
0.019412
0.023075
0.023569
0.024625
0.023489
0.023626
0.023941
0.024091
0.024130
0.019449
0.019217
0.019540
0.019714
0.019266
0.023448
0.020036
0.019107
0.019720
0.019354
0.019353
0.019261
0.019217
0.019254
0.019529
0.019902
0.019931
0.020516
0.021557
0.022504
0.023116
0.021671
0.020167
0.019601
0.019955
0.019854
0.021604
0.019773
0.019324
0.020010
0.023180
0.022594
0.024970
0.024525
0.027382
0.025188
0.026807
0.032823
0.036149
0.038678
0.039616
0.031060
0.022245
0.024076
0.022250
0.022659
0.022145
0.021739
0.021607
0.022467
0.022180
0.022165
0.022517
0.021674
0.021067
0.022235
0.022417
0.022895
0.022986
0.022378
0.020059
0.020095
0.019653
0.019737
0.019239
0.019864
0.019420
0.019603
0.020470
0.019736
0.018986
0.019025
0.024673
0.025383
0.022114
0.020956
0.024881
0.020005
0.019415
0.025984
0.019251
0.026217
0.029202
0.024715
0.019642
0.019763
0.019035
0.030471
0.028816
0.019017
0.018599
0.018689
0.019168
0.018757
0.018906
0.018621
0.018955
0.019020
0.019326
0.027074
0.028836
0.019121
0.018878
0.019043
0.018978
0.019050
0.019366
0.019078
0.019415
0.028760
0.025774
0.019033
0.018797
0.018918
0.019163
0.018815
0.018990
0.019290
0.019356
0.024833
0.028673
0.027348
0.027570
0.027647
0.025453
0.019081
0.019905
0.027088
0.019946
0.020157
0.024434
0.019520
0.019411
0.021039
0.022149
0.027690
0.020850
0.019214
0.018900
0.020764
0.019230
0.020031
0.021220
0.021710
0.022031
0.023098
0.022417
0.021124
0.019953
0.019516
0.019320
0.019352
0.020143
0.019289
0.020054
0.019768
0.019821
0.020553
0.022377
0.023290
0.024374
0.024323
0.025456
0.026029
0.025219
0.023472
0.023385
0.026015
0.026287
0.025784
0.021713
0.023082
0.022814
0.019484
0.018900
0.019056
0.022512
0.022853
0.019339
0.022481
0.022613
0.020272
0.019144
0.020400
0.025941
0.023579
0.025362
0.032376
0.036160
0.031911
0.029732
0.029117
0.026682
0.028140
0.029093
0.027123
0.026775
0.027208
0.025987
0.029408
0.027314
0.022034
0.020732
0.021311
0.020229
0.020306
0.019483
0.019801
0.018939
0.018968
0.018938
0.019361
0.019367
0.019517
0.021666
0.024791
0.024170
0.019687
0.021971
0.021754
0.022015
0.021791
0.023692
0.023210
0.027159
0.030688
0.028512
0.026513
0.028423
0.028085
0.026961
0.026314
0.025281
0.026099
0.025252
0.026192
0.026575
0.022531
0.021219
0.023542
0.022178
0.023047
0.023621
0.024757
0.024764
0.025455
0.024314
0.025052
0.025794
0.024204
0.025953
0.026312
0.028804
0.026032
0.025886
0.023413
0.023226
0.021772
0.021314
0.021358
0.022667
0.021175
0.021405
0.020984
0.019500
0.019068
0.019128
0.019307
0.019315
0.019943
0.021703
0.021233
0.021723
0.021132
0.019897
0.019119
0.019211
0.019489
0.019441
0.019997
0.019280
0.019055
0.018663
0.019343
0.019393
0.019255
0.021249
0.019756
0.021509
0.021545
0.023216
0.023962
0.024069
0.023937
0.024002
0.022359
0.021174
0.022882
0.022467
0.022413
0.021399
0.025938
0.021162
0.021247
0.021098
0.019723
0.019347
0.022503
0.020073
0.019375
0.021332
0.020524
0.020127
0.020612
0.020817
0.021213
0.020138
0.019647
0.020177
0.020452
0.019480
0.019431
0.019231
0.019323
0.019386
0.020417
0.020337
0.020375
0.019951
0.020572
0.023284
0.022455
0.023463
0.022818
0.020691
0.019949
0.019120
0.019167
0.018808
0.018792
0.018993
0.019653
0.018916
0.018946
0.019898
0.019216
0.027995
0.028296
0.028165
0.029366
0.028368
0.028578
0.028221
0.019677
0.020491
0.021119
0.021672
0.022952
0.024010
0.026233
0.025641
0.026140
0.025386
0.025434
0.027775
0.030880
0.026085
0.025886
0.026160
0.026099
0.026366
0.028614
0.027184
0.026567
0.026265
0.025759
0.026163
0.026721
0.025419
0.027048
0.027677
0.025752
0.025517
0.025582
0.023511
0.024359
0.024755
0.027750
0.026168
0.024729
0.026429
0.027065
0.030140
0.024321
0.024464
0.022491
0.020989
0.023455
0.023986
0.024850
0.026670
0.043033
0.023542
0.023527
0.023916
0.024170
0.024881
0.023818
0.022767
0.023430
0.023365
0.023775
0.023614
0.024104
0.022524
0.022665
0.022793
0.023391
0.023440
0.021931
0.021006
0.024155
0.026581
0.026439
0.023366
0.022095
0.022098
0.022591
0.022751
0.026487
0.028003
0.029617
0.029694
0.029723
0.024517
0.028034
0.024156
0.023780
0.023340
0.023400
0.024670
0.025593
0.029634
0.023468
0.023539
0.027898
0.023125
0.022407
0.020671
0.022429
0.020173
0.021191
0.022669
0.029178
0.021044
0.025678
0.019972
0.020240
0.020105
0.022158
0.027087
0.021511
0.023441
0.023555
0.023329
0.024166
0.024481
0.023656
0.021814
0.021013
0.020249
0.021887
0.019331
0.019059
0.018673
0.019194
0.019047
0.018923
0.018956
0.018885
0.019091
0.021504
0.019407
0.019388
0.019440
0.020307
0.024254
0.022843
0.026544
0.023591
0.024848
0.024580
0.023748
0.027293
0.032428
0.031486
0.023372
0.023551
0.032008
0.024131
0.023256
0.023202
0.022803
0.023520
0.023404
0.020611
0.020702
0.019842
0.019740
0.019240
0.019753
0.019826
0.020093
0.020244
0.020548
0.021244
0.022531
0.021205
0.019763
0.019355
0.019800
0.019730
0.020204
0.019638
0.019689
0.022326
0.022583
0.023061
0.020844
0.021538
0.024991
0.026937
0.025192
0.024756
0.023890
0.023914
0.024404
0.023133
0.019540
0.019924
0.019295
0.019195
0.019445
0.019297
0.019646
0.019608
0.019553
0.019477
0.019749
0.019923
0.019623
0.019817
0.021483
0.022071
0.022446
0.020814
0.020154
0.020690
0.020607
0.020036
0.019085
0.019706
0.019252
0.019295
0.019576
0.019508
0.019846
0.019384
0.019854
0.019458
0.019373
0.019631
0.019568
0.019240
0.019819
0.019191
0.019411
0.019251
0.019562
0.019824
0.019677
0.019776
0.026973
0.019600
0.019424
0.019793
0.019266
0.019405
0.019218
0.020363
0.018999
0.019246
0.018944
0.019452
0.019110
0.018567
0.018853
0.018878
0.019067
0.019264
0.019551
0.019115
0.018911
0.018941
0.019532
0.019212
0.018680
0.018740
0.019073
0.018752
0.018852
0.019248
0.019371
0.018909
0.019283
0.018889
0.019005
0.020114
0.018999
0.018661
0.018859
0.019069
0.020193
0.018934
0.019089
0.019200
0.019064
0.018871
0.019376
0.021055
0.019498
0.018764
0.018516
0.018677
0.018580
0.018670
0.018760
0.018736
0.018878
0.018802
0.018725
0.019805
0.018687
0.019295
0.018982
0.018839
0.018994
0.018747
0.018668
0.018717
0.018648
0.018745
0.018769
0.018841
0.018828
0.018926
0.018897
0.018861
0.018911
0.020193
0.019532
0.018898
0.018685
0.018723
0.018819
0.018860
0.018793
0.018940
0.019393
0.019460
0.019547
0.019200
0.020065
0.022378
0.022541
0.022491
0.023551
0.022002
0.022197
0.021372
0.019687
0.018750
0.018536
0.018510
0.018625
0.019149
0.018906
0.018797
0.018851
0.019037
0.020159
0.019165
0.019970
0.020470
0.019713
0.018806
0.018702
0.018671
0.018839
0.018862
0.018912
0.018986
0.018923
0.018983
0.020611
0.019115
0.019825
0.019759
0.019154
0.018798
0.019278
0.019214
0.019348
0.019702
0.019618
0.019038
0.019057
0.019459
0.019217
0.019056
0.019281
0.019253
0.019850
0.019246
0.020500
0.021182
0.022195
0.022660
0.023785
0.023304
0.025807
0.027452
0.029556
0.033654
0.034112
0.029546
0.028175
0.025588
0.022721
0.022390
0.024696
0.025254
0.025454
0.026945
0.026697
0.025287
0.026228
0.026136
0.023514
0.021578
0.022632
0.021745
0.022163
0.023221
0.022169
0.021866
0.020614
0.024776
0.023792
0.027446
0.021276
0.023631
0.029274
0.033331
0.026605
0.026030
0.023602
0.024450
0.025911
0.025109
0.023427
0.021671
0.019810
0.019443
0.019904
0.020859
0.025882
0.035856
0.029946
0.026941
0.035236
0.027038
0.040574
0.038899
0.048064
0.042026
0.036252
0.035741
0.032183
0.028122
0.030896
0.032037
0.034076
0.032081
0.028825
0.033258
0.031564
0.032741
0.033122
0.030099
0.032362
0.031931
0.029266
0.024454
0.024442
0.026135
0.028477
0.025160
0.025569
0.026342
0.025403
0.023779
0.021418
0.020575
0.021372
0.019748
0.018886
0.018722
0.018720
0.018989
0.018883
0.022194
0.022983
0.022565
0.020173
0.018939
0.019173
0.018842
0.018524
0.019211
0.019159
0.018702
0.018812
0.018774
0.019018
0.019037
0.018780
0.018769
0.020581
0.019583
0.028598
0.024692
0.021737
0.018645
0.022551
0.022162
0.027713
0.020676
0.023187
0.022863
0.023037
0.023166
0.020540
0.018404
0.018236
0.018129
0.018473
0.018320
0.018862
0.018831
0.018941
0.018965
0.018808
0.019253
0.019789
0.019332
0.018744
0.018622
0.020529
0.018761
0.019023
0.018967
0.019014
0.019079
0.019088
0.019025
0.019150
0.019193
0.019105
0.019796
0.018770
0.018241
0.018715
0.018259
0.018348
0.018388
0.018491
0.019108
0.019128
0.020558
0.020993
0.019172
0.019665
0.019744
0.020585
0.021323
0.021571
0.022218
0.023765
0.024281
0.024586
0.026037
0.029248
0.029414
0.023815
0.027148
0.026868
0.020697
0.021231
0.021572
0.020330
0.021702
0.020114
0.020012
0.019696
0.019233
0.019442
0.021352
0.020309
0.019285
0.019402
0.019260
0.020140
0.020470
0.020868
0.022196
0.023618
0.021750
0.020309
0.019674
0.021528
0.022246
0.023511
0.023501
0.022686
0.022662
0.023758
0.024526
0.021384
0.024146
0.023608
0.026881
0.026066
0.026484
0.026979
0.028359
0.025857
0.025204
0.025167
0.024512
0.025190
0.027106
0.026087
0.027791
0.026709
0.024357
0.024580
0.026285
0.022512
0.021752
0.024107
0.021424
0.021698
0.022262
0.024394
0.025092
0.024701
0.027036
0.027405
0.026026
0.027663
0.024580
0.024801
0.026695
0.024746
0.023365
0.024372
0.019249
0.019345
0.019094
0.018937
0.018885
0.018933
0.019452
0.019176
0.018987
0.018772
0.020155
0.019265
0.018633
0.019538
0.019437
0.019315
0.020723
0.018938
0.019158
0.019452
0.019559
0.018743
0.019095
0.019440
0.019177
0.020367
0.020347
0.024847
0.024723
0.025251
0.023941
0.022823
0.023986
0.022814
0.026725
0.024453
0.023134
0.022980
0.022750
0.022253
0.023888
0.021711
0.022781
0.023403
0.023829
0.023477
0.022281
0.021540
0.021709
0.024094
0.024643
0.024333
0.025215
0.027244
0.029701
0.026867
0.026566
0.024975
0.025260
0.025451
0.029179
0.027313
0.025243
0.024966
0.019382
0.025085
0.025995
0.026487
0.029855
0.029376
0.031036
0.026936
0.026081
0.025915
0.028094
0.027443
0.026952
0.026936
0.027186
0.030792
0.028710
0.022908
0.026283
0.021831
0.020832
0.021212
0.023524
0.024345
0.025127
0.026974
0.027151
0.026419
0.025146
0.023519
0.026672
0.025570
0.021576
0.021149
0.022146
0.022737
0.023031
0.026740
0.023752
0.019649
0.025557
0.024525
0.025196
0.034667
0.019965
0.021560
0.020139
0.019625
0.019330
0.019106
0.018825
0.022771
0.021791
0.019071
0.022171
0.022800
0.020091
0.026421
0.020339
0.020201
0.021364
0.020894
0.025311
0.025478
0.024104
0.025883
0.022751
0.023640
0.027709
0.025607
0.022899
0.025820
0.024885
0.023114
0.022612
0.025160
0.022360
0.019057
0.019201
0.018929
0.019312
0.019446
0.026710
0.021741
0.025526
0.020740
0.026291
0.020164
0.020233
0.019459
0.019718
0.020169
0.023119
0.023685
0.022423
0.023519
0.023279
0.024215
0.024066
0.025906
0.025535
0.025820
0.024092
0.023062
0.022949
0.022069
0.022502
0.022998
0.024198
0.024650
0.024186
0.022783
0.022213
0.021857
0.022074
0.021813
0.021441
0.020607
0.020972
0.020701
0.020407
0.020445
0.025517
0.020375
0.023229
0.019356
0.019917
0.020204
0.024936
0.022192
0.023024
0.023038
0.022403
0.023085
0.022538
0.023989
0.027684
0.027900
0.028586
0.027630
0.027442
0.028538
0.029924
0.030162
0.029567
0.028052
0.024866
0.024137
0.023659
0.023045
0.022447
0.022540
0.022421
0.023047
0.023775
0.023058
0.025695
0.026085
0.024538
0.024000
0.022822
0.023182
0.021832
0.023568
0.023092
0.023754
0.025485
0.026579
0.026914
0.027162
0.028241
0.029288
0.028394
0.030210
0.030953
0.019495
0.020424
0.021934
0.020239
0.028086
0.024525
0.030077
0.034338
0.020148
0.020199
0.020518
0.020554
0.019636
0.020988
0.020964
0.020597
0.020029
0.020511
0.020137
0.019340
0.019206
0.019228
0.019336
0.019556
0.019380
0.020779
0.019200
0.023538
0.026778
0.022244
0.018970
0.019259
0.018968
0.019332
0.019478
0.022803
0.021581
0.023578
0.020162
0.020446
0.020102
0.019862
0.020669
0.021160
0.022043
0.019471
0.023227
0.019431
0.022934
0.022902
0.022909
0.023073
0.023307
0.023413
0.022964
0.023424
0.025646
0.022593
0.019475
0.019044
0.021468
0.019737
0.019222
0.019361
0.019480
0.019243
0.019185
0.019304
0.019525
0.019220
0.019235
0.019245
0.019256
0.021052
0.019415
0.019377
0.019525
0.020953
0.019500
0.019441
0.019257
0.019214
0.019026
0.019290
0.019617
0.019428
0.019397
0.019270
0.019497
0.019667
0.018944
0.019168
0.019344
0.019848
0.019451
0.018914
0.018857
0.018816
0.018786
0.018949
0.018883
0.018892
0.018784
0.019044
0.019336
0.019042
0.018845
0.018863
0.019317
0.019346
0.018995
0.018928
0.018947
0.018917
0.019140
0.018879
0.018912
0.018911
0.020005
0.019325
0.019029
0.019106
0.019004
0.018934
0.018772
0.018861
0.018653
0.018790
0.019139
0.018915
0.018805
0.018806
0.018941
0.020380
0.019031
0.019466
0.020464
0.019610
0.019041
0.018867
0.018825
0.019677
0.018962
0.018889
0.018823
0.018966
0.021137
0.019439
0.019080
0.019266
0.019935
0.019762
0.018909
0.018770
0.018699
0.018722
0.018875
0.018997
0.018964
0.018700
0.018803
0.018983
0.018916
0.018898
0.019133
0.019328
0.019245
0.018973
0.018971
0.018793
0.018744
0.018825
0.018924
0.018806
0.018840
0.018826
0.018994
0.019480
0.018915
0.019392
0.021065
0.019519
0.018961
0.018815
0.018945
0.018750
0.018748
0.018925
0.018809
0.018985
0.018928
0.018997
0.018979
0.019109
0.019048
0.019226
0.019036
0.019055
0.019001
0.018847
0.018817
0.018808
0.018757
0.019018
0.018895
0.018881
0.018938
0.019043
0.019251
0.019247
0.019021
0.018935
0.018933
0.019166
0.018776
0.022249
0.018816
0.018972
0.019025
0.018978
0.018958
0.019188
0.021259
0.019164
0.019490
0.019201
0.019747
0.019061
0.018965
0.018692
0.018840
0.019022
0.019044
0.018999
0.019067
0.018893
0.019132
0.020476
0.019057
0.019002
0.019949
0.019703
0.019028
0.018893
0.018911
0.018820
0.018758
0.018911
0.018889
0.018953
0.018742
0.018944
0.018964
0.019030
0.019063
0.019794
0.019398
0.018721
0.018785
0.018723
0.018881
0.019083
0.018814
0.018825
0.018997
0.018970
0.019041
0.020203
0.019012
0.018883
0.019022
0.019896
0.019652
0.018847
0.018924
0.018816
0.018716
0.018746
0.018851
0.018834
0.018645
0.018706
0.018724
0.019508
0.018923
0.018882
0.019038
0.019065
0.018914
0.018955
0.018854
0.018841
0.018866
0.018834
0.018833
0.018746
0.018886
0.018776
0.021013
0.019104
0.019371
0.020889
0.019647
0.018854
0.018876
0.018622
0.018630
0.018563
0.018770
0.018767
0.018747
0.018872
0.019051
0.020585
0.019062
0.019040
0.018922
0.025230
0.022641
0.018762
0.018798
0.022207
0.018811
0.018896
0.018836
0.018867
0.019032
0.018845
0.018925
0.022148
0.023035
0.018710
0.018682
0.018745
0.018796
0.019519
0.018728
0.018848
0.018831
0.018941
0.018970
0.019137
0.019863
0.019166
0.022681
0.024183
0.024894
0.018826
0.018837
0.018674
0.018775
0.018789
0.018770
0.018874
0.018905
0.019071
0.018923
0.018903
0.018950
0.020360
0.019626
0.018864
0.018806
0.018840
0.018735
0.018779
0.018864
0.018986
0.018848
0.018950
0.020516
0.019055
0.019493
0.021227
0.024926
0.019070
0.018847
0.018761
0.018848
0.018756
0.018664
0.018681
0.018824
0.018969
0.020482
0.018886
0.019486
0.019518
0.018982
0.018842
0.018756
0.018796
0.018843
0.018856
0.018854
0.018885
0.018818
0.018947
0.019036
0.018812
0.019079
0.020984
0.025800
0.019689
0.018183
0.018172
0.018137
0.018280
0.018292
0.018226
0.018273
0.018484
0.018371
0.018450
0.019029
0.019815
0.019706
0.018965
0.018837
0.018838
0.018939
0.018802
0.018782
0.018846
0.018816
0.018699
0.020357
0.018901
0.019225
0.019111
0.021317
0.022637
0.018732
0.018830
0.018761
0.018726
0.018730
0.018853
0.018829
0.019026
0.019855
0.018934
0.018954
0.019264
0.021111
0.019045
0.018919
0.019001
0.018739
0.018922
0.018850
0.018668
0.018812
0.018869
0.018943
0.018884
0.018625
0.019346
0.020183
0.024308
0.023822
0.018373
0.018182
0.018261
0.018389
0.018331
0.018294
0.018337
0.018255
0.020524
0.018298
0.018400
0.018396
0.019012
0.018347
0.018126
0.018055
0.018136
0.018300
0.018224
0.018400
0.018006
0.018128
0.018225
0.018526
0.018324
0.019656
0.019182
0.019439
0.024025
0.018421
0.018388
0.018446
0.018324
0.018369
0.018234
0.018447
0.018971
0.018547
0.018461
0.018345
0.018543
0.018829
0.020283
0.018463
0.018350
0.018275
0.018158
0.018181
0.018256
0.018331
0.018312
0.018516
0.018598
0.018449
0.018477
0.018522
0.019598
0.021991
0.025108
0.022176
0.021204
0.018463
0.018300
0.018397
0.018280
0.018288
0.018516
0.018277
0.018266
0.018635
0.018800
0.018959
0.018375
0.018312
0.018267
0.018224
0.018161
0.024456
0.018900
0.018425
0.018888
0.018435
0.018335
0.018455
0.018425
0.030747
0.019011
0.018826
0.018703
0.018985
0.018990
0.019172
0.019012
0.018872
0.019042
0.019305
0.024380
0.032701
0.024198
0.025567
0.021444
0.018510
0.018275
0.018482
0.018390
0.018502
0.018444
0.019263
0.018988
0.019688
0.032592
0.026572
0.019130
0.019001
0.018848
0.018954
0.018991
0.018813
0.018869
0.018912
0.019000
0.019077
0.018890
0.018879
0.024192
0.033052
0.025317
0.022655
0.018421
0.018458
0.019187
0.018535
0.018408
0.018732
0.018524
0.018607
0.018792
0.018461
0.026315
0.034458
0.020818
0.018651
0.018442
0.018363
0.018400
0.018512
0.018529
0.018580
0.018507
0.018503
0.018576
0.018485
0.022088
0.033324
0.022398
0.018865
0.018570
0.018437
0.018601
0.018538
0.018777
0.018670
0.019214
0.018606
0.018845
0.020869
0.018767
0.026170
0.019962
0.019424
0.019471
0.019367
0.019238
0.019255
0.019065
0.019137
0.019083
0.019272
0.019314
0.020350
0.019392
0.019332
0.020025
0.024126
0.021102
0.018652
0.018760
0.018504
0.018606
0.018663
0.018646
0.018636
0.019916
0.019463
0.019413
0.019701
0.019214
0.019340
0.019041
0.019125
0.019460
0.020011
0.019563
0.019516
0.019673
0.019633
0.020832
0.020788
0.020594
0.020616
0.020128
0.019538
0.019830
0.019830
0.019017
0.019260
0.019117
0.019504
0.019675
0.019256
0.019312
0.019112
0.019219
0.020858
0.019542
0.019359
0.019226
0.019497
0.019153
0.019066
0.019203
0.019065
0.021191
0.019244
0.019030
0.019339
0.019406
0.019395
0.018969
0.018531
0.018596
0.018734
0.018687
0.018600
0.018928
0.019051
0.019895
0.019307
0.019725
0.019389
0.019693
0.019067
0.019160
0.019191
0.018898
0.019425
0.019007
0.019235
0.019140
0.019535
0.019503
0.019274
0.019203
0.020089
0.019787
0.019097
0.019530
0.018958
0.018866
0.018938
0.019552
0.019326
0.019362
0.019417
0.019371
0.019082
0.019736
0.019361
0.019039
0.019313
0.018997
0.019487
0.019080
0.018909
0.018970
0.018931
0.019281
0.018934
0.018938
0.019248
0.019415
0.019839
0.018929
0.019181
0.019037
0.018925
0.019054
0.019291
0.019199
0.019113
0.019177
0.020397
0.019253
0.019361
0.019153
0.019488
0.019458
0.019477
0.019308
0.018998
0.019023
0.019258
0.019064
0.019068
0.019155
0.019422
0.019361
0.019265
0.019436
0.019066
0.019045
0.019260
0.019225
0.018912
0.018778
0.018893
0.019261
0.019263
0.019207
0.019235
0.019583
0.019562
0.019272
0.019226
0.019586
0.019931
0.019123
0.018926
0.018973
0.018944
0.019030
0.019232
0.019154
