0.001545
0.024359
0.028607
0.030828
0.027278
0.024004
0.022956
0.020026
0.019452
0.020160
0.019117
0.019715
0.022310
0.022926
0.026664
0.026080
0.023774
0.021952
0.020146
0.019454
0.019359
0.019264
0.019422
0.019542
0.019548
0.025937
0.019337
0.024053
0.037885
0.039118
0.033433
0.028404
0.025329
0.026420
0.028614
0.024787
0.019665
0.019018
0.018819
0.019330
0.018949
0.018908
0.019216
0.018980
0.018921
0.019298
0.020710
0.019478
0.019405
0.019220
0.019181
0.019159
0.019314
0.019153
0.019295
0.019647
0.022484
0.025836
0.021452
0.020134
0.018787
0.018875
0.019425
0.020705
0.018849
0.019557
0.020049
0.025251
0.021458
0.018943
0.018889
0.018703
0.019579
0.018864
0.025197
0.025684
0.028636
0.027519
0.025064
0.025079
0.024433
0.030749
0.023534
0.022972
0.019507
0.023374
0.023023
0.019383
0.020446
0.018891
0.019490
0.019076
0.020950
0.022197
0.018759
0.022008
0.022167
0.018935
0.018871
0.021983
0.018921
0.019302
0.023750
0.033438
0.019905
0.022809
0.018514
0.018597
0.018677
0.022455
0.019317
0.036671
0.025288
0.030366
0.027475
0.024115
0.022086
0.020007
0.018980
0.019238
0.018897
0.018952
0.019031
0.019268
0.018871
0.018794
0.018898
0.018755
0.019828
0.020712
0.019378
0.032960
0.018862
0.023616
0.020142
0.018184
0.023451
0.018924
0.018805
0.018866
0.019242
0.018719
0.019438
0.020342
0.020304
0.018875
0.018635
0.018708
0.018828
0.018903
0.018934
0.019047
0.018944
0.019077
0.019103
0.018995
0.018993
0.019197
0.018953
0.018537
0.018853
0.018712
0.018856
0.019002
0.018983
0.018952
0.019027
0.019692
0.019287
0.018812
0.019558
0.020736
0.019031
0.018930
0.018579
0.019304
0.019692
0.021621
0.019546
0.019621
0.020455
0.018800
0.018687
0.018574
0.018676
0.018815
0.018788
0.018909
0.019177
0.021017
0.019997
0.022594
0.025385
0.026414
0.025252
0.022201
0.022892
0.025962
0.024132
0.021806
0.020088
0.020788
0.020320
0.019699
0.025415
0.024517
0.027691
0.027003
0.027380
0.024866
0.021216
0.019574
0.023751
0.025274
0.026588
0.022820
0.022327
0.021296
0.019529
0.019094
0.018841
0.018834
0.018696
0.018767
0.018991
0.019302
0.019178
0.018975
0.020056
0.019097
0.020720
0.019303
0.025993
0.027786
0.024211
0.021796
0.020000
0.018936
0.018554
0.018830
0.018893
0.018855
0.018887
0.018947
0.018896
0.019069
0.018992
0.018926
0.019095
0.020823
0.019218
0.024388
0.024770
0.022226
0.020913
0.019038
0.018782
0.019542
0.019207
0.018837
0.018589
0.018754
0.018883
0.019012
0.019034
0.018892
0.018982
0.019604
0.019252
0.019024
0.019022
0.018853
0.019001
0.022817
0.021596
0.020983
0.020340
0.023234
0.021877
0.019953
0.018849
0.018749
0.019023
0.018966
0.018941
0.018945
0.019292
0.018980
0.019140
0.018848
0.020429
0.021004
0.018772
0.018713
0.018734
0.018785
0.019030
0.019925
0.022331
0.024836
0.023564
0.022400
0.020295
0.023518
0.028192
0.024619
0.024011
0.022523
0.019006
0.018675
0.018419
0.018579
0.018815
0.018739
0.018925
0.019140
0.020104
0.018853
0.018899
0.019027
0.020400
0.020788
0.018828
0.024277
0.027297
0.033354
0.031684
0.028878
0.026754
0.034805
0.032016
0.026225
0.023146
0.023365
0.022509
0.022304
0.020420
0.018907
0.020143
0.019042
0.018754
0.024381
0.027256
0.025767
0.023268
0.021749
0.020725
0.019578
0.022338
0.029977
0.032457
0.030284
0.026844
0.023480
0.021938
0.019976
0.018806
0.018890
0.020810
0.018980
0.019338
0.019999
0.020531
0.018813
0.018648
0.018656
0.018513
0.018402
0.018599
0.018707
0.019106
0.019305
0.021679
0.028207
0.030537
0.031838
0.027700
0.027036
0.030809
0.032188
0.031462
0.031268
0.031517
0.031424
0.030923
0.026702
0.025033
0.025665
0.033457
0.028322
0.024389
0.024705
0.025681
0.023959
0.023857
0.019220
0.019152
0.019185
0.020818
0.019328
0.019241
0.019930
0.019459
0.019423
0.019384
0.019168
0.019415
0.019227
0.020396
0.023762
0.025995
0.027256
0.023623
0.021238
0.021915
0.020614
0.019582
0.019410
0.019876
0.019421
0.019242
0.024003
0.029153
0.029359
0.025703
0.025349
0.023393
0.030843
0.038142
0.023873
0.019536
0.019482
0.023576
0.025533
0.018458
0.022449
0.019175
0.027975
0.020232
0.018687
0.018598
0.018620
0.018899
0.018467
0.020432
0.018497
0.018149
0.018252
0.018372
0.022205
0.023055
0.025019
0.020051
0.022594
0.021505
0.023264
0.026078
0.028156
0.026620
0.027279
0.028099
0.024172
0.026002
0.023292
0.021077
0.019237
0.018417
0.018448
0.018412
0.018964
0.024781
0.024249
0.022382
0.024833
0.026014
0.024206
0.022477
0.023655
0.023528
0.022103
0.021056
0.019308
0.018400
0.018374
0.018559
0.018537
0.018428
0.018395
0.019016
0.020257
0.018270
0.018403
0.018282
0.018816
0.018539
0.018353
0.018208
0.018336
0.021073
0.023046
0.029940
0.026209
0.023330
0.021240
0.019435
0.019400
0.019166
0.022787
0.019003
0.019407
0.020524
0.022368
0.018556
0.020211
0.035061
0.028736
0.025649
0.034072
0.039378
0.027576
0.026411
0.027042
0.025866
0.024155
0.023116
0.025125
0.023617
0.022766
0.025140
0.023060
0.023070
0.019131
0.019096
0.021821
0.021160
0.021389
0.019867
0.018742
0.018926
0.019001
0.018921
0.019080
0.018953
0.019950
0.018914
0.020424
0.025867
0.018711
0.018266
0.018449
0.018859
0.018211
0.018387
0.018355
0.018561
0.018668
0.018673
0.018282
0.018644
0.019083
0.020165
0.018839
0.018820
0.018617
0.018712
0.018692
0.018674
0.018828
0.019019
0.019032
0.019005
0.021347
0.023153
0.019717
0.019349
0.019455
0.026037
0.022430
0.018758
0.018361
0.018327
0.018986
0.019925
0.028548
0.027813
0.027472
0.026934
0.026865
0.026670
0.024903
0.018625
0.018726
0.018683
0.018939
0.018936
0.019077
0.019010
0.018956
0.019572
0.019045
0.018898
0.018964
0.019970
0.019245
0.018689
0.018616
0.018866
0.022648
0.018802
0.018838
0.020633
0.018879
0.020085
0.018904
0.018834
0.019787
0.019634
0.018913
0.018982
0.018811
0.018712
0.018774
0.018933
0.019010
0.018864
0.019229
0.019006
0.019466
0.020408
0.020896
0.018708
0.018669
0.022071
0.018856
0.018627
0.018849
0.018948
0.019035
0.018787
0.019148
0.019047
0.018812
0.019221
0.019064
0.020521
0.019161
0.025285
0.028888
0.034168
0.048933
0.025734
0.024930
0.031151
0.033554
0.029392
0.026681
0.024067
0.021990
0.020141
0.019024
0.019098
0.018918
0.019786
0.019651
0.020616
0.018672
0.018704
0.018730
0.018803
0.019562
0.020648
0.019788
0.021472
0.020352
0.023095
0.026872
0.025108
0.025464
0.035921
0.032531
0.021791
0.020499
0.019238
0.018985
0.018769
0.018367
0.019209
0.020451
0.018764
0.023701
0.018496
0.018997
0.019051
0.022836
0.023152
0.019607
0.018912
0.018894
0.019092
0.022285
0.018755
0.018927
0.018838
0.019064
0.018763
0.018731
0.018775
0.018843
0.019322
0.018882
0.019886
0.018867
0.020550
0.018885
0.018962
0.018877
0.018992
0.019033
0.019066
0.019011
0.018974
0.019371
0.019874
0.019150
0.019114
0.020107
0.019142
0.019202
0.018493
0.018448
0.018709
0.018809
0.018847
0.018823
0.021116
0.019073
0.023055
0.027210
0.027597
0.024253
0.022141
0.021212
0.020414
0.019786
0.020509
0.018690
0.018788
0.018685
0.018685
0.018863
0.018951
0.019381
0.018798
0.019737
0.018745
0.018739
0.020081
0.027195
0.023416
0.023463
0.023504
0.023301
0.022302
0.018790
0.018569
0.018539
0.018627
0.018429
0.019003
0.019868
0.020430
0.018783
0.018765
0.018716
0.018655
0.018846
0.018762
0.018806
0.018770
0.019125
0.018903
0.018699
0.018687
0.020234
0.018987
0.018870
0.018723
0.018472
0.018517
0.019243
0.019299
0.019116
0.019312
0.019314
0.019222
0.019326
0.020143
0.022355
0.023922
0.023452
0.019842
0.019470
0.018887
0.026053
0.031933
0.030636
0.026714
0.023954
0.021623
0.021037
0.019954
0.018773
0.018710
0.019235
0.018921
0.019231
0.018798
0.019168
0.019306
0.019130
0.020114
0.021150
0.020022
0.026132
0.024526
0.022219
0.022542
0.018607
0.018596
0.022058
0.018982
0.018750
0.018699
0.018824
0.019284
0.018850
0.018766
0.018837
0.020152
0.019058
0.018855
0.019893
0.018664
0.018595
0.019078
0.019014
0.018990
0.018893
0.019397
0.019975
0.019022
0.019213
0.019602
0.020536
0.018861
0.018729
0.018510
0.018604
0.018653
0.018972
0.018795
0.019996
0.022259
0.023983
0.021218
0.019217
0.018701
0.018630
0.018801
0.018891
0.018841
0.018972
0.019130
0.019046
0.018887
0.018932
0.018617
0.020835
0.018764
0.019136
0.018718
0.018669
0.018831
0.019109
0.019174
0.019001
0.019667
0.018971
0.019233
0.019808
0.019090
0.019089
0.022113
0.025538
0.036123
0.030127
0.030830
0.026915
0.034608
0.027000
0.034046
0.029775
0.030047
0.031342
0.035322
0.030210
0.029959
0.036249
0.030747
0.027365
0.023190
0.022732
0.020018
0.026986
0.018412
0.019355
0.019440
0.019356
0.019115
0.024861
0.025202
0.019197
0.020582
0.019180
0.018839
0.018799
0.021152
0.022008
0.024918
0.025534
0.023541
0.019677
0.018801
0.018978
0.019354
0.019170
0.018932
0.019047
0.019314
0.019144
0.019330
0.019220
0.019342
0.018943
0.018842
0.018692
0.018864
0.019077
0.018808
0.019064
0.019868
0.021063
0.036311
0.036373
0.037651
0.037857
0.046685
0.044624
0.037667
0.040161
0.041255
0.051466
0.043015
0.036966
0.031317
0.025272
0.026126
0.023166
0.031013
0.020130
0.018861
0.018955
0.019134
0.018947
0.018977
0.018911
0.021012
0.019149
0.019067
0.019352
0.020102
0.020832
0.019056
0.018745
0.018865
0.019323
0.019317
0.019144
0.019047
0.020263
0.025258
0.018944
0.019000
0.025305
0.019625
0.021169
0.026294
0.026327
0.025788
0.023630
0.020881
0.019440
0.018865
0.019885
0.022668
0.025383
0.019931
0.018582
0.018817
0.022705
0.019130
0.019163
0.019132
0.019260
0.020494
0.019055
0.019098
0.021228
0.020739
0.018836
0.019313
0.018982
0.018987
0.019092
0.019291
0.019430
0.026433
0.020032
0.019140
0.019234
0.021394
0.024192
0.020701
0.024086
0.018658
0.018774
0.018744
0.019009
0.018895
0.018865
0.019028
0.021094
0.019102
0.019323
0.019948
0.020498
0.018966
0.018927
0.018629
0.018887
0.018865
0.018728
0.018856
0.019117
0.019278
0.019104
0.018986
0.019027
0.019255
0.023934
0.019026
0.020784
0.021754
0.019869
0.019667
0.021484
0.021105
0.018961
0.019200
0.018581
0.018676
0.019026
0.020962
0.022402
0.020860
0.022289
0.023848
0.030925
0.031172
0.030781
0.027644
0.024453
0.027004
0.028199
0.024482
0.024627
0.032295
0.023680
0.023998
0.023743
0.022925
0.029796
0.029457
0.025232
0.022450
0.020406
0.019442
0.018414
0.018487
0.018686
0.019001
0.018989
0.018478
0.019845
0.025117
0.021285
0.018170
0.018109
0.018028
0.018553
0.018306
0.018286
0.018276
0.019265
0.020200
0.026593
0.027270
0.038572
0.037297
0.049170
0.059104
0.051463
0.038601
0.036315
0.031765
0.028415
0.026906
0.028735
0.024961
0.023710
0.023848
0.021439
0.018706
0.019464
0.019732
0.019656
0.019179
0.018969
0.019011
0.018668
0.018851
0.019232
0.019209
0.019300
0.019599
0.019696
0.019083
0.020069
0.020485
0.019140
0.022669
0.020001
0.018510
0.023280
0.023847
0.022858
0.018764
0.027003
0.029135
0.025700
0.023014
0.026550
0.027787
0.037932
0.043267
0.038150
0.034805
0.036156
0.036974
0.031470
0.031526
0.028148
0.029326
0.022031
0.023882
0.033669
0.030864
0.037343
0.032226
0.036158
0.034623
0.033495
0.029441
0.026232
0.023931
0.022405
0.023102
0.023089
0.023028
0.023862
0.024254
0.023434
0.023802
0.023624
0.028880
0.023703
0.022771
0.022602
0.023156
0.023174
0.022819
0.022480
0.023011
0.022856
0.023629
0.023362
0.023888
0.023294
0.026469
0.031635
0.048026
0.038145
0.032479
0.028439
0.025356
0.023234
0.031981
0.033384
0.023828
0.024773
0.024301
0.025517
0.024021
0.019424
0.023103
0.024070
0.023512
0.022875
0.019159
0.019127
0.019301
0.019659
0.019402
0.023505
0.023217
0.023560
0.022412
0.019328
0.019774
0.030238
0.023303
0.022928
0.019350
0.019747
0.023703
0.019644
0.019930
0.022066
0.019850
0.019660
0.023727
0.021385
0.022971
0.020064
0.022668
0.020380
0.020550
0.020574
0.026808
0.018801
0.020215
0.021151
0.020990
0.020807
0.025960
0.020119
0.020026
0.019868
0.019303
0.019767
0.020957
0.019191
0.019480
0.019710
0.019682
0.023198
0.019092
0.019201
0.019284
0.019503
0.019418
0.019493
0.019526
0.019810
0.020874
0.019122
0.018808
0.021129
0.019332
0.018815
0.018882
0.019088
0.018909
0.019446
0.019088
0.023620
0.023064
0.020952
0.024548
0.020665
0.022232
0.025656
0.019729
0.019816
0.020378
0.019811
0.020550
0.018813
0.018723
0.018747
0.019175
0.018938
0.019251
0.018938
0.018873
0.019168
0.018908
0.019011
0.020135
0.019314
0.018991
0.018827
0.018668
0.019047
0.019038
0.019087
0.019114
0.023002
0.026534
0.024942
0.023095
0.018754
0.022961
0.019475
0.025230
0.018976
0.022542
0.019101
0.022327
0.019113
0.023580
0.022706
0.025085
0.022313
0.021081
0.019510
0.020061
0.019257
0.018977
0.019014
0.018999
0.019148
0.019292
0.019390
0.019502
0.019546
0.019554
0.019324
0.019621
0.020827
0.019329
0.019309
0.018965
0.018997
0.021331
0.028346
0.039499
0.033953
0.032615
0.026023
0.034434
0.027993
0.027577
0.025013
0.019623
0.022852
0.019080
0.023280
0.019013
0.019160
0.019819
0.019440
0.019277
0.020932
0.019524
0.022244
0.027588
0.029902
0.024778
0.022285
0.020420
0.023046
0.022105
0.020477
0.019912
0.021275
0.020599
0.026240
0.020902
0.020375
0.019345
0.019137
0.019307
0.020982
0.019320
0.019249
0.019420
0.019693
0.019359
0.019177
0.018867
0.018866
0.018899
0.018963
0.019195
0.019159
0.019334
0.019385
0.019208
0.019233
0.021124
0.021083
0.019195
0.018996
0.019054
0.019153
0.019333
0.019207
0.019665
0.019933
0.019832
0.020274
0.021302
0.032492
0.032645
0.028130
0.025159
0.025757
0.019718
0.019231
0.019068
0.023173
0.019176
0.022470
0.019345
0.019853
0.019347
0.019286
0.019169
0.023208
0.019155
0.019543
0.019087
0.019203
0.019151
0.019192
0.019299
0.019632
0.019112
0.019226
0.019268
0.019227
0.019534
0.019011
0.019023
0.018980
0.019110
0.019192
0.019087
0.019120
0.019102
0.019398
0.019196
0.019560
0.021279
0.020860
0.019062
0.019042
0.018951
0.019090
0.019189
0.019165
0.019300
0.019202
0.020082
0.020050
0.019339
0.020760
0.019365
0.019007
0.019192
0.019301
0.019592
0.019768
0.020314
0.020360
0.021266
0.019188
0.019086
0.019090
0.018899
0.019405
0.019248
0.019229
0.019115
0.019326
0.019168
0.019131
0.019436
0.021077
0.018938
0.018745
0.018951
0.018988
0.019062
0.019109
0.019104
0.019225
0.019331
0.019320
0.019183
0.019299
0.020268
0.021116
0.019159
0.018992
0.018890
0.018981
0.019194
0.019068
0.019160
0.019175
0.019422
0.019353
0.019174
0.019125
0.019244
0.019349
0.019062
0.018985
0.019117
0.020036
0.020066
0.019238
0.019228
0.019580
0.019799
0.019261
0.019064
0.019679
0.020944
0.019150
0.019668
0.019089
0.019684
0.019229
0.019325
0.019054
0.019779
0.020165
0.023683
0.019449
0.023837
0.031205
0.031086
0.035074
0.032507
0.024156
0.024369
0.021419
0.024215
0.020677
0.020141
0.019394
0.024732
0.025212
0.022416
0.019020
0.031651
0.030299
0.019244
0.020091
0.019623
0.019367
0.021125
0.022365
0.025845
0.027886
0.026363
0.022963
0.021692
0.038988
0.024041
0.030314
0.027710
0.026761
0.029058
0.028672
0.033885
0.025771
0.019241
0.023925
0.019180
0.019057
0.019364
0.019759
0.019256
0.019212
0.019287
0.019489
0.019708
0.032969
0.025897
0.019662
0.019222
0.019345
0.027175
0.019806
0.024716
0.019555
0.020221
0.020212
0.019264
0.026759
0.020266
0.019492
0.020342
0.019161
0.018972
0.019318
0.027998
0.019449
0.019382
0.019766
0.019465
0.019506
0.019411
0.019959
0.019114
0.019176
0.018764
0.019456
0.019547
0.018915
0.018978
0.023358
0.025568
0.020238
0.019332
0.019581
0.019633
0.019654
0.019640
0.020408
0.020922
0.019680
0.020851
0.021349
0.019613
0.019392
0.019363
0.019341
0.019537
0.019782
0.019697
0.019656
0.019807
0.019454
0.019625
0.019422
0.020773
0.019724
0.019511
0.019180
0.019191
0.019786
0.019617
0.019447
0.019419
0.019480
0.020047
0.019330
0.019542
0.020508
0.020103
0.019169
0.019122
0.019187
0.019399
0.019785
0.019455
0.019459
0.019415
0.020165
0.019429
0.020251
0.020667
0.021251
0.019634
0.019669
0.019275
0.019332
0.019461
0.019587
0.019442
0.019609
0.019878
0.019419
0.020307
0.021131
0.021188
0.019348
0.019145
0.018981
0.019129
0.019448
0.019230
0.019289
0.019984
0.020066
0.020007
0.019364
0.019371
0.019171
0.019737
0.019521
0.019333
0.019156
0.019320
0.024280
0.033360
0.028541
0.026411
0.024502
0.021765
0.020144
0.019426
0.020030
0.021194
0.019368
0.019325
0.019114
0.019245
0.019845
0.019520
0.019946
0.019383
0.019244
0.019269
0.021137
0.019482
0.019326
0.019342
0.019292
0.019401
0.019464
0.019593
0.019441
0.019577
0.019967
0.019663
0.019407
0.019654
0.021487
0.019368
0.019192
0.019311
0.019125
0.019404
0.019401
0.019305
0.019313
0.019424
0.019592
0.019483
0.019575
0.019219
0.019399
0.019477
0.019266
0.019248
0.019431
0.019400
0.019386
0.019607
0.019399
0.019562
0.019735
0.019527
0.019602
0.020908
0.019625
0.019519
0.019089
0.019144
0.019191
0.019480
0.019455
0.019361
0.019531
0.020651
0.019712
0.019452
0.020433
0.019566
0.019559
0.019341
0.019165
0.019312
0.019464
0.019557
0.019498
0.019363
0.019768
0.019420
0.019418
0.019549
0.021090
0.019460
0.019268
0.019219
0.019422
0.019564
0.019310
0.019491
0.019450
0.019845
0.019547
0.019610
0.019244
0.019698
0.019650
0.019760
0.022208
0.022670
0.021054
0.019449
0.019391
0.019516
0.019447
0.020940
0.020649
0.019273
0.019185
0.019285
0.019331
0.019661
0.019697
0.019458
0.019616
0.019618
0.019515
0.019281
0.019466
0.019493
0.019372
0.019200
0.019218
0.019399
0.019537
0.019412
0.020080
0.020594
0.019347
0.019832
0.019535
0.019692
0.019542
0.019460
0.019411
0.019355
0.019553
0.019663
0.019368
0.019602
0.019852
0.019655
0.021365
0.021117
0.019368
0.019109
0.019721
0.019411
0.019437
0.023592
0.023871
0.020774
0.020583
0.021270
0.021574
0.020890
0.019325
0.019323
0.019171
0.019208
0.019793
0.019256
0.019853
0.020296
0.021589
0.022342
0.020651
0.019444
0.019427
0.019572
0.019426
0.019838
0.020139
0.019448
0.019718
0.021099
0.019276
0.019293
0.019437
0.019265
0.019383
0.019519
0.019382
0.019466
0.021805
0.019568
0.019639
0.020852
0.021038
0.019085
0.019330
0.019150
0.019467
0.019619
0.019495
0.019396
0.024994
0.029836
0.025996
0.024877
0.023840
0.021655
0.019893
0.019547
0.019302
0.019098
0.019465
0.019226
0.019213
0.019195
0.019440
0.019315
0.019309
0.019421
0.019733
0.019549
0.019393
0.019543
0.020195
0.019521
0.019332
0.019257
0.019227
0.019200
0.019275
0.019716
0.019179
0.019261
0.019439
0.019296
0.019204
0.020313
0.021436
0.019426
0.019279
0.019030
0.019279
0.019343
0.019289
0.019537
0.019710
0.019832
0.019392
0.020269
0.021172
0.021059
0.019468
0.019041
0.019069
0.019373
0.019609
0.018456
0.018416
0.018556
0.019950
0.018598
0.018631
0.019107
0.018645
0.018762
0.018410
0.018363
0.018553
0.018664
0.018652
0.018558
0.018600
0.018689
0.020613
0.018648
0.018906
0.018947
0.022546
0.023786
0.018390
0.018274
0.018458
0.018296
0.018476
0.018374
0.018506
0.019691
0.018706
0.018486
0.018692
0.018601
0.018816
0.018390
0.018302
0.020692
0.020186
0.019104
0.018622
0.022956
0.019902
0.019088
0.018993
0.019312
0.027887
0.020053
0.019356
0.019194
0.019376
0.019430
0.019614
0.019580
0.019635
0.020287
0.019855
0.019866
0.021721
0.020666
0.019261
0.019171
0.019211
0.019450
0.019534
0.019367
0.019402
0.019511
0.019817
0.019763
0.019401
0.021488
0.019603
0.019215
0.019222
0.019302
0.019338
0.019436
0.020018
0.019639
0.019943
0.019765
0.019598
0.020369
0.019547
0.019647
0.019449
0.019252
0.019198
0.019345
0.019446
0.019588
0.019783
0.019753
0.019334
0.019352
0.019412
0.019613
0.019728
0.019407
0.019548
0.019539
0.019790
0.019631
0.019812
0.019671
0.020314
0.020241
0.019652
0.019621
0.019665
0.019687
0.019301
0.019355
0.019310
0.019605
0.019773
0.019531
0.019380
0.019870
0.020062
0.019773
0.019918
0.021335
0.019487
0.019557
0.019437
0.019387
0.019490
0.019891
0.019486
0.019711
0.019786
0.019562
0.019608
0.021471
0.021342
0.019305
0.019371
0.019476
0.019549
0.019406
0.019444
0.019811
0.019662
0.019743
0.019564
0.019693
0.020222
0.019824
0.019466
0.019564
0.019426
0.019527
0.019658
0.019498
0.019524
0.020076
0.019710
0.019470
0.019741
0.021285
0.019627
0.019681
0.019334
0.019469
0.019552
0.019429
0.019612
0.019399
0.019464
0.019837
0.019346
