0.000529
0.019871
0.025227
0.026748
0.023884
0.026780
0.029226
0.027943
0.025362
0.023950
0.021918
0.024412
0.023846
0.024916
0.028187
0.027781
0.027514
0.026510
0.025576
0.023716
0.027267
0.030503
0.035319
0.033416
0.030865
0.026328
0.029431
0.032593
0.033894
0.041409
0.040502
0.034906
0.029313
0.025232
0.029505
0.028056
0.027028
0.032814
0.030568
0.025746
0.026406
0.020241
0.019314
0.019082
0.018839
0.018941
0.019007
0.018929
0.019068
0.020639
0.018942
0.018731
0.018625
0.018693
0.018996
0.019072
0.018893
0.018987
0.019415
0.020498
0.021063
0.018925
0.018705
0.018656
0.018636
0.018868
0.018877
0.018803
0.018853
0.019284
0.019435
0.020710
0.018775
0.018675
0.018638
0.018729
0.018687
0.018785
0.018890
0.018964
0.018937
0.019739
0.020885
0.019080
0.018857
0.019061
0.018685
0.018698
0.018964
0.018929
0.018840
0.019089
0.018956
0.019474
0.020910
0.018875
0.018743
0.018536
0.018488
0.018763
0.018736
0.019106
0.020819
0.022265
0.026104
0.026386
0.024172
0.022703
0.025118
0.025931
0.023588
0.026059
0.025905
0.022854
0.027722
0.033930
0.026980
0.025889
0.025458
0.026883
0.032405
0.033126
0.029947
0.026632
0.023185
0.021776
0.028616
0.024118
0.024872
0.024944
0.026954
0.031464
0.034329
0.032559
0.028613
0.030600
0.030248
0.022806
0.026511
0.025369
0.023208
0.025140
0.029211
0.033517
0.031401
0.026117
0.023414
0.021655
0.022121
0.023046
0.023042
0.019163
0.018760
0.018858
0.018928
0.018957
0.019038
0.018918
0.018822
0.019821
0.021033
0.019002
0.018808
0.018607
0.018643
0.019367
0.018819
0.023305
0.022314
0.023049
0.019181
0.018828
0.018898
0.018958
0.019028
0.019090
0.020128
0.019066
0.022858
0.018797
0.018673
0.018698
0.018830
0.018986
0.022562
0.018761
0.020051
0.020532
0.022572
0.022068
0.022251
0.019088
0.018796
0.018845
0.018958
0.018909
0.019013
0.019554
0.018862
0.020583
0.023516
0.022490
0.021722
0.020570
0.018770
0.019191
0.018687
0.018600
0.019270
0.020572
0.025060
0.026932
0.024210
0.023161
0.021556
0.018871
0.018543
0.018489
0.018420
0.018539
0.018796
0.018868
0.019022
0.018821
0.024045
0.023135
0.022007
0.022725
0.020012
0.019265
0.018873
0.022165
0.018813
0.020818
0.020854
0.024543
0.019160
0.018526
0.018711
0.018579
0.018606
0.018700
0.018736
0.018868
0.018951
0.020653
0.018949
0.019521
0.018637
0.018554
0.018640
0.018838
0.018784
0.018815
0.019008
0.021099
0.020998
0.018944
0.018676
0.018739
0.018583
0.019269
0.020801
0.021631
0.026966
0.033533
0.028803
0.027778
0.031981
0.045484
0.049359
0.042213
0.042129
0.038750
0.042343
0.038916
0.033520
0.040322
0.032059
0.028799
0.025633
0.022800
0.020854
0.019118
0.021328
0.025135
0.020898
0.019475
0.018640
0.018784
0.018899
0.019215
0.019176
0.020681
0.022529
0.022220
0.021785
0.020548
0.018620
0.018516
0.018606
0.018502
0.018652
0.018760
0.018741
0.018952
0.018962
0.019299
0.020687
0.018775
0.018579
0.018641
0.018493
0.019034
0.018826
0.018791
0.018747
0.018893
0.020756
0.020633
0.018844
0.018583
0.018447
0.018579
0.018859
0.019281
0.018672
0.018610
0.018636
0.019487
0.018833
0.018855
0.018841
0.018723
0.020315
0.021103
0.022161
0.018636
0.018754
0.018771
0.018752
0.018595
0.018644
0.018767
0.018711
0.018692
0.018778
0.018723
0.018755
0.018678
0.018763
0.018783
0.018954
0.018807
0.018960
0.018824
0.018789
0.018665
0.018788
0.018771
0.018688
0.018607
0.018742
0.018730
0.018914
0.018737
0.018716
0.018763
0.018877
0.018768
0.018754
0.018737
0.018908
0.018808
0.018826
0.018808
0.018908
0.018784
0.018899
0.018765
0.018890
0.018840
0.018652
0.018626
0.018877
0.018706
0.018690
0.018787
0.018727
0.018625
0.018683
0.018663
0.018500
0.018547
0.018727
0.018625
0.018785
0.018775
0.018772
0.018877
0.018846
0.018775
0.018688
0.018622
0.018661
0.018722
0.018723
0.018743
0.018728
0.018734
0.018611
0.018574
0.018562
0.018607
0.018604
0.018705
0.018513
0.018557
0.018672
0.018655
0.018621
0.018678
0.018550
0.018658
0.018748
0.018659
0.018528
0.018696
0.018661
0.018702
0.018678
0.018668
0.018566
0.018698
0.018669
0.018580
0.018540
0.018527
0.018576
0.018748
0.018552
0.018467
0.018377
0.018484
0.018584
0.018583
0.018729
0.018543
0.018661
0.018685
0.018661
0.018613
0.018561
0.018644
0.018598
0.018741
0.018606
0.018578
0.018579
0.018643
0.018664
0.018686
0.018666
0.018651
0.018584
0.018526
0.018538
0.018551
0.018515
0.018469
0.018463
0.018548
0.018611
0.018608
0.018641
0.018696
0.018679
0.018687
0.018850
0.018602
0.018573
0.018694
0.018570
0.018617
0.018684
0.018685
0.018666
0.018655
0.018628
0.018655
0.018618
0.018596
0.018565
0.018577
0.018601
0.018598
0.018498
0.018490
0.018615
0.018518
0.018697
0.018754
0.018708
0.018565
0.018727
0.018756
0.018576
0.018471
0.018598
0.018497
0.018539
0.018586
0.018478
0.018492
0.018447
0.018522
0.018536
0.018578
0.018474
0.018433
0.018453
0.018583
0.018646
0.018566
0.018602
0.018726
0.022565
0.018598
0.018597
0.018596
0.018645
0.018687
0.018886
0.018716
0.018613
0.022486
0.018640
0.021966
0.018703
0.018672
0.018688
0.018653
0.018458
0.018421
0.018488
0.018548
0.018544
0.018527
0.018627
0.018601
0.018654
0.018588
0.018602
0.018774
0.018727
0.018684
0.022252
0.022282
0.022219
0.022378
0.018745
0.018548
0.018610
0.019149
0.018823
0.018639
0.018554
0.018593
0.018689
0.018691
0.018677
0.018612
0.018641
0.018834
0.018743
0.018658
0.018681
0.018757
0.018775
0.018692
0.018616
0.018656
0.018712
0.018522
0.018742
0.018611
0.018584
0.018420
0.018466
0.018605
0.018632
0.018492
0.019351
0.018537
0.018644
0.018549
0.018615
0.018531
0.018752
0.018569
0.018747
0.018658
0.018723
0.018679
0.018593
0.018579
0.018533
0.018542
0.018551
0.018813
0.018601
0.018626
0.018708
0.022184
0.022480
0.021870
0.023023
0.018550
0.018621
0.018721
0.018886
0.018739
0.019224
0.025323
0.029219
0.026022
0.018749
0.018661
0.018786
0.018820
0.020208
0.018922
0.019150
0.020530
0.023018
0.019070
0.018897
0.023601
0.024348
0.018533
0.018671
0.018564
0.018717
0.018723
0.018877
0.018882
0.019378
0.019145
0.018860
0.022227
0.020903
0.018644
0.018699
0.018557
0.018506
0.018736
0.018685
0.018839
0.018978
0.023113
0.018979
0.018608
0.018640
0.019594
0.018966
0.018749
0.018621
0.018654
0.018670
0.018831
0.018856
0.018772
0.018992
0.019537
0.020440
0.019207
0.019392
0.020018
0.020346
0.022941
0.018580
0.018633
0.018568
0.018765
0.018856
0.018652
0.018612
0.018927
0.018826
0.018791
0.019032
0.019865
0.018986
0.018926
0.018668
0.018644
0.018755
0.018880
0.018838
0.018773
0.018902
0.018818
0.018661
0.020841
0.018998
0.019021
0.018745
0.020764
0.018831
0.018407
0.018462
0.018394
0.018489
0.018586
0.018728
0.018713
0.018734
0.018769
0.018954
0.019669
0.018757
0.019027
0.020810
0.020945
0.018738
0.018584
0.018844
0.018686
0.018817
0.018751
0.018764
0.018794
0.018986
0.020582
0.018901
0.019160
0.019781
0.020760
0.019019
0.018628
0.018675
0.019185
0.018719
0.018777
0.018893
0.018824
0.018953
0.020623
0.018814
0.018738
0.018657
0.018863
0.018688
0.018619
0.018596
0.018635
0.018842
0.018540
0.018552
0.018803
0.018977
0.019354
0.019261
0.019549
0.020679
0.020979
0.018865
0.018952
0.018825
0.018905
0.018974
0.018850
0.019015
0.019912
0.019213
0.019170
0.018941
0.019364
0.020102
0.022266
0.019454
0.022278
0.027038
0.031729
0.032992
0.034076
0.027584
0.026582
0.031868
0.035439
0.026397
0.026949
0.030567
0.030568
0.030350
0.030332
0.027372
0.027519
0.027981
0.027509
0.026975
0.027194
0.026927
0.027903
0.026788
0.027421
0.027649
0.029978
0.030502
0.033498
0.029300
0.031122
0.032467
0.030500
0.030390
0.023087
0.030997
0.033467
0.033763
0.040814
0.037362
0.036258
0.034076
0.029029
0.025707
0.025476
0.027802
0.027951
0.033382
0.032396
0.035084
0.033627
0.036837
0.038406
0.039357
0.039321
0.038704
0.025278
0.029238
0.026612
0.025017
0.025834
0.026652
0.023610
0.025697
0.026412
0.023174
0.026291
0.033890
0.042359
0.042788
0.042872
0.037784
0.038756
0.040276
0.043186
0.025978
0.030717
0.034008
0.032065
0.030612
0.030769
0.029948
0.030155
0.025323
0.030895
0.027362
0.028474
0.031407
0.029412
0.027415
0.024362
0.022325
0.021912
0.018845
0.019052
0.019013
0.018895
0.019032
0.019009
0.018899
0.018979
0.020870
0.019131
0.018765
0.018564
0.018720
0.018806
0.018703
0.018678
0.018690
0.019550
0.019378
0.019212
0.019512
0.020916
0.018811
0.018642
0.018800
0.018773
0.018769
0.018871
0.018805
0.018875
0.019020
0.019025
0.018855
0.018624
0.019048
0.020884
0.018864
0.018557
0.018549
0.018514
0.018790
0.018803
0.018841
0.018783
0.020050
0.018950
0.018942
0.018790
0.019970
0.018838
0.018744
0.018803
0.018711
0.018831
0.018789
0.018832
0.018691
0.019135
0.018750
0.019649
0.018637
0.018718
0.018809
0.018620
0.018623
0.018773
0.018752
0.018698
0.019023
0.018786
0.019315
0.019007
0.019099
0.020164
0.019352
0.018682
0.018476
0.018777
0.018661
0.018909
0.019050
0.018983
0.018802
0.018938
0.018660
0.018699
0.019891
0.018883
0.018645
0.018672
0.018626
0.018684
0.018969
0.018813
0.018778
0.019186
0.018820
0.018878
0.019148
0.018670
0.019078
0.019081
0.018528
0.018469
0.018756
0.018634
0.018665
0.018670
0.018675
0.019913
0.020801
0.018803
0.018627
0.019146
0.018925
0.018621
0.018649
0.018629
0.018695
0.019083
0.018816
0.019578
0.019705
0.019223
0.018780
0.019945
0.018734
0.023551
0.018060
0.018286
0.018263
0.018578
0.018399
0.019101
0.020098
0.018368
0.018254
0.018438
0.018557
0.018760
0.018210
0.018790
0.018526
0.018423
0.018463
0.018387
0.020738
0.018594
0.019109
0.018326
0.018490
0.025256
0.018608
0.018185
0.018511
0.018252
0.018422
0.018311
0.018402
0.018429
0.020585
0.018380
0.018808
0.019129
0.019989
0.018144
0.018170
0.018045
0.018049
0.018307
0.018188
0.018239
0.018409
0.019533
0.017990
0.018265
0.020242
0.018694
0.019060
0.019066
0.019240
0.018795
0.018879
0.018797
0.018944
0.019256
0.019071
0.019428
0.020669
0.019167
0.018953
0.018644
0.018664
0.018696
0.018914
0.019013
0.018771
0.018840
0.019342
0.018795
0.019243
0.019553
0.021142
0.018998
0.018634
0.019032
0.018691
0.018996
0.018950
0.018971
0.019038
0.020018
0.018999
0.018882
0.018777
0.019390
0.020810
0.018785
0.018841
0.018724
0.018605
0.018730
0.018752
0.018759
0.018998
0.019019
0.018723
0.018841
0.020702
0.019047
0.018821
0.018694
0.018753
0.018733
0.018836
0.019013
0.018849
0.019044
0.019090
0.018905
0.019001
0.020802
0.019063
0.018868
0.018608
0.018453
0.018495
0.018621
0.018826
0.018902
0.018702
0.019015
0.019276
0.019004
0.018887
0.020986
0.020966
0.018877
0.018649
0.018648
0.018692
0.018883
0.018951
0.019447
0.019288
0.020013
0.021029
0.018925
0.018661
0.018830
0.018607
0.019173
0.019342
0.018937
0.018850
0.019718
0.019186
0.019240
0.019609
0.020294
0.018695
0.018974
