0.000456
0.019352
0.018907
0.019088
0.019264
0.019023
0.018920
0.018987
0.018900
0.019741
0.019139
0.018821
0.018775
0.018893
0.018892
0.019001
0.019046
0.019016
0.019108
0.019238
0.019531
0.019992
0.021323
0.021088
0.018914
0.018729
0.018706
0.018786
0.018987
0.018741
0.018742
0.018849
0.019381
0.019153
0.024432
0.026409
0.023560
0.021329
0.019594
0.019006
0.019896
0.019225
0.018855
0.019337
0.019306
0.019099
0.019021
0.018975
0.018714
0.018678
0.018929
0.018881
0.018819
0.019006
0.019407
0.019026
0.018884
0.019012
0.018817
0.018917
0.019489
0.018797
0.018927
0.018720
0.018942
0.019814
0.019124
0.018928
0.019171
0.019147
0.018987
0.019112
0.019752
0.018899
0.018869
0.018828
0.018790
0.018838
0.018822
0.018943
0.019020
0.018959
0.019053
0.019451
0.019139
0.019320
0.019164
0.021136
0.018911
0.018951
0.018833
0.019092
0.019044
0.018979
0.018867
0.019082
0.019294
0.019076
0.018965
0.018816
0.019216
0.019149
0.018783
0.018840
0.018795
0.018975
0.018915
0.018983
0.018982
0.019111
0.020106
0.020906
0.019080
0.021453
0.020445
0.018969
0.018877
0.018806
0.018718
0.018927
0.019176
0.018862
0.018825
0.019004
0.018944
0.018962
0.019120
0.019787
0.020957
0.018999
0.018888
0.018944
0.018880
0.018924
0.019304
0.019361
0.019322
0.018975
0.019221
0.019328
0.019113
0.019301
0.019407
0.020622
0.019768
0.018807
0.018695
0.018691
0.018666
0.018814
0.018918
0.019017
0.019114
0.019421
0.019402
0.019795
0.020669
0.030383
0.031899
0.019554
0.019447
0.018902
0.018949
0.018899
0.019007
0.019037
0.018901
0.019235
0.019206
0.019205
0.019037
0.032184
0.026606
0.019166
0.018996
0.018749
0.018933
0.018929
0.018869
0.019090
0.019414
0.019027
0.019328
0.019672
0.032480
0.024889
0.019023
0.018784
0.018788
0.018748
0.018852
0.018876
0.019010
0.018895
0.019001
0.019765
0.020948
0.019478
0.020175
0.020500
0.018902
0.018811
0.018823
0.018855
0.018926
0.019073
0.018881
0.019056
0.019102
0.020064
0.019351
0.020470
0.019563
0.019029
0.018972
0.018667
0.018715
0.018705
0.018906
0.019070
0.018950
0.019024
0.019461
0.019600
0.029555
0.031325
0.019315
0.018903
0.018778
0.018668
0.018913
0.019054
0.018996
0.018988
0.019762
0.032571
0.020050
0.018890
0.018688
0.018801
0.018776
0.018891
0.019176
0.018974
0.018963
0.019161
0.019451
0.020739
0.029067
0.028999
0.021529
0.018554
0.018332
0.018333
0.018298
0.019022
0.018906
0.019399
0.019007
0.018950
0.019420
0.019254
0.024828
0.032857
0.020314
0.018394
0.018337
0.018296
0.018356
0.018415
0.018414
0.018485
0.018394
0.018575
0.018602
0.019310
0.032310
0.025005
0.018581
0.018410
0.018215
0.018157
0.018218
0.018417
0.018539
0.018494
0.018583
0.018592
0.018944
0.032302
0.025632
0.018631
0.018303
0.018367
0.018303
0.018476
0.018466
0.018530
0.018557
0.018548
0.020783
0.018755
0.029017
0.031368
0.018577
0.018377
0.018272
0.018326
0.018381
0.018515
0.018567
0.018592
0.018723
0.019129
0.018623
0.030187
0.028883
0.018695
0.018336
0.018307
0.018398
0.018500
0.018498
0.018441
0.018596
0.018682
0.019822
0.018949
0.029377
0.030109
0.018647
0.018459
0.018247
0.018291
0.018582
0.018574
0.018571
0.018631
0.018726
0.019379
0.018973
0.029090
0.030894
0.018674
0.018429
0.018589
0.018271
0.018325
0.018802
0.018666
0.018529
0.018523
0.018661
0.018626
0.018608
0.032290
0.026959
0.018782
0.018405
0.018512
0.018372
0.018724
0.018500
0.018600
0.018548
0.018680
0.019129
0.018825
0.028674
0.019828
0.020560
0.018739
0.019275
0.018481
0.018600
0.018733
0.018740
0.018875
0.018784
0.019151
0.018942
0.019007
0.019736
0.018908
0.019016
0.018827
0.020510
0.019235
0.018532
0.019317
0.019196
0.019034
0.019247
0.019378
0.019947
0.019159
0.021024
0.022128
0.018718
0.019088
0.019223
0.018631
0.019341
0.018969
0.019574
0.018980
0.019752
0.019540
0.019258
0.019333
0.019105
0.019782
0.019021
0.018787
0.018755
0.018678
0.019325
0.018932
0.019039
0.019551
0.019552
0.021607
0.019184
0.019753
0.021096
0.019320
0.018888
0.018882
0.018699
0.019448
0.020005
0.019320
0.019511
0.019995
0.019795
0.019532
0.019440
0.021418
0.021589
0.019480
0.019221
0.019104
0.019415
0.022599
0.025321
0.024996
0.027107
0.024044
0.019043
0.020985
0.021282
0.019446
0.019343
0.019218
0.019164
0.019573
0.019675
0.019651
0.019456
0.019412
0.019835
0.019678
0.019438
0.020082
0.019492
0.019513
0.019510
0.019386
0.019394
0.019024
0.019227
0.019282
0.019415
0.019470
0.019311
0.019526
0.019877
0.020170
0.019586
0.020706
0.022047
0.023642
0.023425
0.024404
0.025447
0.024619
0.024785
0.022781
0.019437
0.019181
0.019197
0.019284
0.020526
0.021517
0.019403
0.019437
0.018802
0.018690
0.019068
0.019022
0.018828
0.018987
0.019207
0.019116
0.019135
0.019305
0.020651
0.021235
0.018883
0.018751
0.018622
0.018782
0.018758
0.018945
0.018694
0.018657
0.018790
0.019196
0.018853
0.019148
0.021029
0.021033
0.018926
0.018732
0.018931
0.018735
0.018820
0.018753
0.018882
0.019016
0.019291
0.018808
0.018791
0.018882
0.019872
0.018781
0.018539
0.018618
0.018599
0.018527
0.018555
0.018646
0.018729
0.018653
0.018867
0.018942
0.019070
0.018896
0.018786
0.019696
0.021145
0.018846
0.018883
0.018588
0.018540
0.018836
0.019001
0.018707
0.018907
0.019055
0.018705
0.018982
0.018611
0.018775
0.018700
0.018472
0.018545
0.018599
0.018654
0.018813
0.018865
0.018818
0.018750
0.019350
0.019063
0.018883
0.018762
0.020573
0.019092
0.018567
0.018791
0.018429
0.018519
0.018663
0.018683
0.018770
0.018836
0.018900
0.018932
0.018717
0.018823
0.018928
0.018765
0.018858
0.018957
0.018642
0.018632
0.018790
0.018856
0.018875
0.019064
0.021051
0.019031
0.018998
0.019298
0.020919
0.018760
0.018651
0.018668
0.018685
0.018975
0.018602
0.018678
0.018909
0.019832
0.018861
0.018770
0.019336
0.019136
0.019609
0.018754
0.018913
0.018707
0.018822
0.019103
0.019054
0.019056
0.018980
0.019991
0.019497
0.019990
0.019123
0.019626
0.018951
0.018966
0.018568
0.018634
0.018844
0.018775
0.018855
0.018785
0.018957
0.018983
0.018804
0.019592
0.021173
0.021237
0.018870
0.018599
0.018588
0.018715
0.018879
0.018884
0.018734
0.018913
0.019272
0.019091
0.018845
0.019016
0.019364
0.021191
0.018959
0.019022
0.019155
0.019160
0.019213
0.019230
0.019243
0.019389
0.019900
0.019746
0.019295
0.020268
0.019491
0.019433
0.019399
0.019288
0.019297
0.019748
0.019096
0.019369
0.019394
0.019503
0.019832
0.019008
0.019137
0.020515
0.021453
0.019203
0.019093
0.019151
0.019099
0.019305
0.019395
0.019328
0.019310
0.021268
0.019298
0.019295
0.019597
0.019628
0.019379
0.019081
0.018999
0.019217
0.019363
0.019243
0.019175
0.019063
0.018989
0.019513
0.018782
0.018517
0.018716
0.020225
0.020927
0.018637
0.018825
0.018463
0.018469
0.018625
0.018619
0.018527
0.018523
0.018730
0.018767
0.018971
0.018612
0.020362
0.018939
0.018720
0.018513
0.018850
0.018703
0.018849
0.018925
0.018816
0.019016
0.018987
0.018834
0.018733
0.020613
0.021051
0.018721
0.018730
0.018796
0.018728
0.019096
0.018831
0.018798
0.018879
0.019424
0.019299
0.018879
0.019164
0.019486
0.019114
0.018672
0.018692
0.018754
0.018720
0.018814
0.018780
0.018789
0.019131
0.018904
0.018888
0.018907
0.018761
0.019685
0.019679
0.018672
0.018582
0.018828
0.018720
0.018830
0.018885
0.018893
0.019100
0.019169
0.018816
0.018835
0.019402
0.020723
0.018730
0.018645
0.018655
0.018605
0.018594
0.018660
0.018700
0.018816
0.018932
0.018866
0.018831
0.018888
0.019035
0.018620
0.018933
0.018980
0.020798
0.018836
0.018714
0.018795
0.018800
0.018685
0.018664
0.018782
0.018650
0.018832
0.018747
0.018893
0.018908
0.019061
0.020777
0.018873
0.018821
0.018898
0.018878
0.018993
0.018963
0.018767
0.018792
0.019309
0.022170
0.028031
0.032115
0.030051
0.025641
0.023631
0.020999
0.019972
0.018807
0.019991
0.018716
0.018669
0.018673
0.018621
0.018675
0.018842
0.018813
0.018898
0.018898
0.018705
0.018620
0.018914
0.020597
0.019280
0.018688
0.018696
0.018821
0.018631
0.018952
0.019120
0.018980
0.019177
0.019281
0.019046
0.018926
0.019424
0.018719
0.019027
0.018834
0.018727
0.018708
0.018891
0.018785
0.018696
0.018693
0.018857
0.018995
0.019056
0.019017
0.019027
0.018799
0.018825
0.018889
0.018932
0.018829
0.018707
0.018765
0.018697
0.018866
0.018844
0.018920
0.019025
0.020421
0.019383
0.019136
0.019029
0.020549
0.018843
0.018680
0.018727
0.018836
0.018951
0.019039
0.018832
0.019271
0.021677
0.019356
0.019471
0.020775
0.020441
0.018953
0.018887
0.018981
0.018942
0.019012
0.019279
0.019198
0.019152
0.019344
0.019489
0.021144
0.019283
0.018974
0.019405
0.019609
0.019151
0.018928
0.018902
0.018930
0.019060
0.019173
0.019078
0.019340
0.019735
0.019279
0.019313
0.020174
0.021322
0.019158
0.019290
0.019283
0.019174
0.019268
0.019726
0.019412
0.018874
0.018846
0.019315
0.019523
0.021338
0.019354
0.019244
0.019196
0.019161
0.019212
0.019238
0.019237
0.019000
0.019155
0.019750
0.019102
0.019068
0.019133
0.021019
0.018800
0.018870
0.018824
0.019000
0.018883
0.018831
0.018724
0.018784
0.019138
0.019119
0.019008
0.020174
0.021120
0.019000
0.018928
0.018955
0.018964
0.019106
0.019125
0.019020
0.018844
0.019459
0.019208
0.019239
0.019903
0.021000
0.019016
0.018908
0.018520
0.018613
0.018686
0.018923
0.018747
0.018747
0.019514
0.019410
0.019062
0.019340
0.018979
0.019095
0.019582
0.019383
0.024436
0.026159
0.025832
0.022889
0.020874
0.020929
0.018615
0.018582
0.018839
0.018873
0.018881
0.018948
0.018844
0.019267
0.018793
0.018781
0.018835
0.019726
0.019467
0.018992
0.018167
0.018337
0.018169
0.018853
0.018917
0.018513
0.018644
0.018999
0.018143
0.018266
0.019790
0.019202
0.020551
0.018850
0.018736
0.018806
0.018799
0.018920
0.018984
0.018755
0.019152
0.018786
0.018913
0.018851
0.019321
0.020775
0.018749
0.020488
0.018785
0.018682
0.018780
0.018851
0.018804
0.018920
0.019372
0.019271
0.019062
0.019017
0.020431
0.018983
0.019435
0.019280
0.018876
0.018723
0.018773
0.018824
0.018854
0.018753
0.019150
0.018764
0.018827
0.018744
0.019217
0.019043
0.020639
0.018635
0.018584
0.018720
0.018916
0.019010
0.018833
0.019242
0.020508
0.019091
0.019107
0.019485
0.020927
0.019106
0.020018
0.020997
0.019586
0.019913
0.020761
0.019283
0.019527
0.020699
0.018640
0.018644
0.018692
0.018554
0.018724
0.018831
0.018899
0.018903
0.019239
0.018918
0.019046
0.018950
0.020755
0.021001
0.018960
0.018674
0.018631
0.018616
0.018892
0.018730
0.018849
0.023408
0.022450
0.021483
0.019494
0.019754
0.018873
0.018898
0.019441
0.019060
0.018995
0.020916
0.019118
0.020597
0.019221
0.019512
0.019362
0.018906
0.019066
0.019046
0.020249
0.019072
0.020133
0.019218
0.021083
0.019158
0.019389
0.018447
