0.000549
0.021430
0.019561
0.020095
0.018873
0.019248
0.023628
0.022927
0.024350
0.024456
0.020293
0.023175
0.025563
0.030081
0.026263
0.024663
0.023827
0.023584
0.024257
0.025002
0.021294
0.021317
0.020545
0.024592
0.030533
0.030105
0.027948
0.026454
0.023407
0.027812
0.023042
0.034143
0.032663
0.032223
0.034096
0.028506
0.022646
0.020891
0.020015
0.019520
0.022593
0.019659
0.019047
0.018708
0.018721
0.018655
0.019090
0.018888
0.019083
0.018571
0.018767
0.018823
0.018899
0.018932
0.018886
0.019380
0.019027
0.018935
0.019090
0.020761
0.019414
0.019047
0.018808
0.018763
0.018827
0.019063
0.018999
0.019652
0.023530
0.029574
0.029990
0.026251
0.023297
0.021654
0.020352
0.020679
0.019114
0.018684
0.018811
0.018828
0.018988
0.019086
0.019551
0.019344
0.020631
0.020244
0.019090
0.019168
0.020595
0.018779
0.018835
0.018722
0.018788
0.019124
0.019112
0.018962
0.019391
0.018843
0.018790
0.018599
0.019371
0.018992
0.018835
0.018341
0.018481
0.018623
0.018439
0.018251
0.019627
0.021035
0.021729
0.021395
0.021877
0.018439
0.018480
0.018403
0.018234
0.018866
0.019226
0.018490
0.018463
0.018187
0.018260
0.019100
0.023427
0.027345
0.021724
0.026705
0.025197
0.019175
0.019142
0.018973
0.021391
0.020121
0.019509
0.023376
0.026536
0.028747
0.032871
0.035351
0.033252
0.027197
0.029725
0.029693
0.031938
0.026212
0.027186
0.026202
0.025913
0.024300
0.023900
0.024613
0.031035
0.035867
0.038225
0.036893
0.034399
0.031993
0.027565
0.025766
0.027629
0.031231
0.032302
0.027676
0.027773
0.032753
0.027667
0.028202
0.024903
0.025029
0.027527
0.031487
0.029601
0.027600
0.024874
0.023500
0.021166
0.019479
0.019350
0.019123
0.019417
0.019261
0.021578
0.020023
0.019061
0.019837
0.022280
0.024942
0.026033
0.023073
0.025231
0.031673
0.038369
0.039547
0.038733
0.035835
0.033662
0.032675
0.029299
0.028019
0.025457
0.022475
0.019074
0.022549
0.019066
0.019368
0.019289
0.019334
0.019414
0.019661
0.020694
0.019343
0.019353
0.020070
0.019604
0.019262
0.019264
0.019170
0.019213
0.019280
0.019261
0.019336
0.019323
0.020678
0.019492
0.019170
0.021140
0.019413
0.019115
0.018918
0.019026
0.019068
0.019567
0.019234
0.019178
0.019248
0.019460
0.019172
0.019058
0.018979
0.020683
0.019213
0.019101
0.018996
0.018902
0.019117
0.019139
0.019100
0.019130
0.019365
0.019327
0.019019
0.019028
0.019139
0.019017
0.019249
0.019102
0.018933
0.018985
0.018949
0.019177
0.018981
0.019152
0.019310
0.019870
0.020035
0.019432
0.019071
0.019753
0.019210
0.018919
0.018954
0.018857
0.019049
0.019165
0.019150
0.018992
0.018936
0.019294
0.019954
0.019222
0.019062
0.018953
0.019177
0.019335
0.018957
0.018908
0.018942
0.019204
0.019136
0.019086
0.019170
0.019196
0.020064
0.019175
0.018985
0.019092
0.019105
0.018848
0.018985
0.019209
0.018879
0.019119
0.019058
0.019022
0.019252
0.019480
0.020038
0.019252
0.019177
0.020258
0.019365
0.019103
0.018886
0.019176
0.018917
0.019142
0.019194
0.019139
0.019320
0.019532
0.019236
0.018977
0.021311
0.019804
0.019194
0.019618
0.021479
0.021993
0.023948
0.024683
0.022059
0.026177
0.027018
0.024591
0.022777
0.023478
0.024031
0.024556
0.025244
0.023840
0.022405
0.022249
0.020822
0.019600
0.019576
0.019202
0.019032
0.019786
0.019159
0.019336
0.019623
0.019551
0.019496
0.019608
0.019997
0.019474
0.019415
0.019471
0.019464
0.019347
0.019165
0.019189
0.019100
0.019115
0.019534
0.019821
0.021434
0.022832
0.020510
0.022295
0.023463
0.024367
0.022845
0.020621
0.019283
0.019123
0.019293
0.018990
0.019076
0.019032
0.019609
0.019282
0.019284
0.019234
0.019563
0.019493
0.019257
0.019171
0.019325
0.019926
0.019933
0.020160
0.022617
0.024979
0.024987
0.030143
0.034859
0.034898
0.032417
0.029885
0.030970
0.029623
0.024813
0.033774
0.027089
0.032009
0.038297
0.036616
0.022797
0.022528
0.023157
0.023406
0.023834
0.027607
0.027798
0.027571
0.028670
0.027236
0.028259
0.027737
0.031512
0.028814
0.027466
0.027633
0.027770
0.027644
0.031039
0.027622
0.027870
0.031070
0.031505
0.031732
0.027319
0.026942
0.030972
0.031973
0.033272
0.031026
0.031590
0.031704
0.031626
0.028708
0.028284
0.031712
0.026618
0.019371
0.019766
0.020743
0.021853
0.020346
0.021530
0.022677
0.023779
0.029164
0.029261
0.035058
0.030884
0.033278
0.032227
0.031165
0.030911
0.033888
0.031132
0.026775
0.025330
0.026521
0.020768
0.022149
0.023363
0.024405
0.025258
0.025121
0.023834
0.024338
0.023872
0.023506
0.024529
0.024717
0.024283
0.024893
0.028947
0.023363
0.023618
0.023769
0.023909
0.024752
0.024413
0.025097
0.024945
0.025336
0.026290
0.025695
0.023580
0.025171
0.026265
0.027428
0.031323
0.030188
0.031168
0.027078
0.029362
0.031181
0.035461
0.036019
0.032547
0.032470
0.029433
0.029480
0.031829
0.035681
0.024166
0.024562
0.025641
0.025608
0.026163
0.023177
0.021252
0.028691
0.026736
0.026675
0.027321
0.027016
0.023910
0.023767
0.023491
0.023127
0.025341
0.026069
0.027310
0.027814
0.026294
0.028627
0.025697
0.027497
0.027397
0.029811
0.033354
0.033334
0.032304
0.024122
0.022067
0.025184
0.022304
0.023341
0.023461
0.021743
0.021937
0.022424
0.024471
0.028071
0.027721
0.026811
0.027093
0.028365
0.025214
0.026439
0.027097
0.033860
0.034559
0.027504
0.026604
0.029541
0.031353
0.037148
0.033097
0.025071
0.024166
0.023725
0.022702
0.030976
0.032065
0.030668
0.031076
0.027376
0.027511
0.030152
0.033185
0.020202
0.020520
0.020498
0.020430
0.020495
0.021724
0.021622
0.022037
0.022454
0.023708
0.023692
0.025517
0.024648
0.030562
0.022839
0.024683
0.024905
0.027655
0.029181
0.028331
0.028449
0.031044
0.032725
0.039535
0.045444
0.042941
0.044360
0.040071
0.040254
0.044385
0.039087
0.041333
0.047509
0.045538
0.042467
0.040326
0.026717
0.038303
0.040654
0.037649
0.036658
0.034264
0.027463
0.024269
0.029768
0.032617
0.033260
0.029459
0.032609
0.032551
0.035553
0.030662
0.028554
0.028314
0.027030
0.025529
0.024923
0.026402
0.024497
0.034298
0.036056
0.032288
0.029603
0.031116
0.031734
0.034063
0.036096
0.034559
0.033411
0.025232
0.024304
0.024862
0.024211
0.020327
0.019716
0.020331
0.020158
0.020165
0.020750
0.021920
0.021600
0.022565
0.019491
0.019241
0.019484
0.019462
0.019338
0.019437
0.019071
0.019413
0.019515
0.019664
0.019223
0.019829
0.020028
0.026016
0.020708
0.021649
0.018139
0.020358
0.019171
0.018366
0.023506
0.025169
0.019676
0.019576
0.019860
0.020802
0.019024
0.018924
0.019732
0.021220
0.018742
0.018883
0.018801
0.018669
0.019292
0.019831
0.020178
0.019867
0.020483
0.019383
0.018696
0.018817
0.018672
0.018878
0.018736
0.019066
0.018923
0.018864
0.019878
0.020734
0.019320
0.019749
0.020458
0.020540
0.020690
0.019168
0.018765
0.019071
0.021002
0.019047
0.019324
0.019064
0.019235
0.018779
0.018600
0.018592
0.018866
0.018675
0.018783
0.018882
0.018697
0.018838
0.018856
0.019063
0.018790
0.018855
0.018752
0.018537
0.019739
0.018802
0.018774
0.018547
0.019050
0.018806
0.018912
0.018840
0.018882
0.019178
0.019158
0.019131
0.018914
0.020736
0.019307
0.018679
0.018561
0.018617
0.018549
0.018789
0.018842
0.019024
0.018812
0.019216
0.018958
0.018666
0.018695
0.020578
0.018933
0.018606
0.018816
0.018710
0.018608
0.018775
0.018823
0.018786
0.019913
0.019301
0.019220
0.019103
0.019976
0.021464
0.022393
0.023710
0.022772
0.021405
0.019735
0.019392
0.023787
0.028578
0.029501
0.028139
0.026321
0.029866
0.033962
0.040192
0.035473
0.029713
0.027430
0.026120
0.026421
0.025430
0.029771
0.034661
0.031722
0.028409
0.025324
0.024850
0.023973
0.026559
0.028005
0.031657
0.036611
0.034421
0.035831
0.033515
0.030279
0.031688
0.032173
0.028230
0.019581
0.026474
0.026303
0.032048
0.034958
0.036026
0.033960
0.029063
0.027796
0.026063
0.026129
0.026997
0.028212
0.026541
0.027046
0.027610
0.027491
0.025899
0.031357
0.030705
0.030809
0.027583
0.024889
0.022634
0.022290
0.023133
0.032384
0.028623
0.025945
0.025001
0.023446
0.021336
0.019693
0.018952
0.019031
0.019011
0.018929
0.019043
0.019859
0.019151
0.019033
0.019358
0.018976
0.019073
0.019137
0.018999
0.019591
0.019036
0.019403
0.018788
0.020244
0.019228
0.019963
0.018993
0.019197
0.021260
0.019316
0.019258
0.021147
0.019703
0.020575
0.021129
0.019457
0.020130
0.019047
0.018480
0.018286
0.024055
0.024981
0.018848
0.025171
0.018708
0.019172
0.024845
0.018687
0.020167
0.019149
0.019186
0.019039
0.019451
0.019181
0.019141
0.018914
0.019065
0.020821
0.022221
0.022100
0.022718
0.019439
0.018757
0.018714
0.018771
0.018777
0.018934
0.018972
0.018882
0.019085
0.019556
0.019626
0.021050
0.020806
0.020197
0.019031
0.018800
0.019168
0.019061
0.019069
0.019314
0.019348
0.019840
0.025624
0.025523
0.023576
0.021712
0.020296
0.019416
0.022344
0.019974
0.019399
0.019874
0.019467
0.019857
0.021544
0.025488
0.031492
0.029865
0.025322
0.020415
0.019090
0.018987
0.019076
0.018836
0.019511
0.019053
0.019311
0.020442
0.019189
0.019111
0.019730
0.019255
0.019061
0.018847
0.019546
0.020876
0.022948
0.022243
0.020681
0.019285
0.019673
0.019065
0.018973
0.018772
0.019141
0.019667
0.020245
0.018842
0.019775
0.019906
0.020583
0.024172
0.024129
0.024553
0.019996
0.022629
0.023071
0.023545
0.020095
0.025040
0.023418
0.019729
0.025225
0.021670
0.020502
0.023888
0.022948
0.022436
0.022723
0.022492
0.021247
0.019912
0.019659
0.020029
0.021341
0.019914
0.023086
0.019199
0.019776
0.020543
0.020058
0.019632
0.019682
0.019635
0.019729
0.019474
0.019334
0.019636
0.022843
0.024797
0.024157
0.025585
0.022766
0.020829
0.019742
0.018815
0.019498
0.020024
0.020916
0.019445
0.019644
0.019315
0.018708
0.018612
0.018672
0.018862
0.019096
0.018767
0.019157
0.020603
0.018987
0.018991
0.018827
0.018743
0.018710
0.018689
0.018695
0.018721
0.018749
0.018862
0.019163
0.019569
0.019191
0.019164
0.019446
0.019429
0.019163
0.019033
0.019777
0.019438
0.018984
0.018768
0.018682
0.018704
0.018946
0.018984
0.018926
0.018929
0.019073
0.019132
0.018924
0.019472
0.020029
0.020619
0.019051
0.018875
0.018990
0.018832
0.019049
0.018928
0.019099
0.019035
0.019048
0.019150
0.019200
0.018956
0.018883
0.019691
0.019169
0.019261
0.018500
0.018494
0.018437
0.018781
0.018600
0.018611
0.018571
0.019363
0.019145
0.018820
0.018968
0.020248
0.019028
0.018878
0.018652
0.018751
0.018696
0.019006
0.018892
0.018864
0.018922
0.019347
0.020561
0.019126
0.019154
0.020072
0.019387
0.018792
0.026559
0.021798
0.019792
0.019111
0.021693
0.019210
0.019248
0.019872
0.019183
0.019301
0.020996
0.019670
0.019161
0.018983
0.019372
0.019069
0.019371
0.019395
0.019279
0.019776
0.020077
0.020806
0.019616
0.019921
0.020911
0.019441
0.019030
0.019035
0.019126
0.019155
0.019193
0.019217
0.019141
0.019273
0.019512
0.019230
0.019414
0.019219
0.021441
0.019828
0.019223
0.018955
0.019005
0.019039
0.019255
0.019243
0.019233
0.019386
0.020362
0.019604
0.019307
0.019943
0.021250
0.019565
0.020440
0.019245
0.019445
0.019254
0.019611
0.019587
0.019365
0.019439
0.019716
0.019273
0.019747
0.019734
0.019577
0.019094
0.019194
0.018936
0.019261
0.019484
0.019572
0.019518
0.019181
0.019338
0.019894
0.019506
0.019275
0.019485
0.019356
0.020055
0.019486
0.019549
0.019298
0.019399
0.019363
0.019396
0.019326
0.019495
0.019486
0.019269
0.019525
0.022856
0.019799
0.019356
0.024539
0.025110
0.019145
0.018873
0.018562
0.018782
0.018774
0.018808
0.018517
0.018625
0.018994
0.020701
0.025287
0.028020
0.018667
0.023603
0.023646
0.024654
0.021139
0.019119
0.019158
0.019029
0.027482
0.026360
0.018498
0.018464
0.018581
0.018720
0.018682
0.018742
0.018784
0.019228
0.018751
0.018547
0.020758
0.019150
0.019383
0.018702
0.018806
0.019169
0.018717
0.018681
0.018678
0.018646
0.019840
0.018666
0.018779
0.018705
0.019122
0.018758
0.018431
0.018808
0.018692
0.019022
0.018983
0.018812
0.018781
0.018860
0.018613
0.019178
0.018942
0.020448
0.018880
0.018658
0.018466
0.018546
0.018516
0.018690
0.018963
0.019530
0.019140
0.019630
0.020233
0.021112
0.022291
0.022834
0.019357
0.018725
0.020114
0.019926
0.019329
0.018899
0.018767
0.018874
0.018800
0.018925
0.019702
0.019018
0.021868
0.020139
0.021739
0.022970
0.025434
0.027521
0.027949
0.025762
0.024094
0.023143
0.022216
0.023100
0.021389
0.019658
0.019834
0.019298
0.019053
0.019493
0.019766
0.019789
0.020443
0.021647
0.022162
0.023459
0.022690
0.021018
0.021064
0.019554
0.019478
0.019830
0.020480
0.019803
0.021009
0.020434
0.021098
0.020700
0.019596
0.019994
0.019567
0.019661
0.019145
0.019027
0.020244
0.020869
0.024204
0.027666
0.019487
0.024328
0.019063
0.018637
0.019373
0.018670
0.018650
0.026859
0.020657
0.025970
0.019296
0.024264
0.025081
0.018704
0.019235
0.023919
0.019376
0.018499
0.019453
0.019008
0.019234
0.019205
0.019237
0.019455
0.021179
0.019526
0.019088
0.019492
0.019074
0.019616
0.019687
0.019437
0.019729
0.023782
0.026003
0.018947
0.020289
0.024179
0.022734
0.018894
0.019727
0.019500
0.019190
0.019270
0.019230
0.019149
0.019204
0.019341
0.019272
0.019755
0.019821
0.019592
0.020579
0.019803
0.019906
0.019403
0.019336
0.019302
0.019074
0.019127
0.020738
0.024892
0.025570
0.025574
0.023946
0.021774
0.020030
0.019799
0.019310
0.019087
0.021434
0.019296
0.019391
0.018892
0.019071
0.019021
0.019411
0.019313
0.019137
0.019428
0.019121
0.019096
0.019125
0.019185
0.019480
0.019113
0.019123
0.019389
0.019117
0.019481
0.019645
0.019571
0.022271
0.025140
0.023594
0.021476
0.019878
0.019601
0.019538
0.019992
0.022341
0.020039
0.022699
0.025023
0.019375
0.019298
0.019917
0.019740
0.022879
0.026941
0.027405
0.024571
0.022423
0.020592
0.019861
0.019843
0.019434
0.019406
0.019738
0.023687
0.021307
0.019978
0.019570
0.019460
0.019563
0.020351
0.019699
0.019753
0.020777
0.020173
0.019094
0.018958
0.019761
0.019281
0.019186
0.019542
0.019767
0.019320
0.019128
0.019777
0.019792
0.019050
0.019094
0.019601
0.019613
0.019771
0.019796
0.019730
0.019310
0.020498
0.020055
0.019272
0.019195
0.019198
0.019196
0.019334
0.019509
0.029318
0.031258
0.022691
0.021857
0.019494
0.018867
0.018922
0.018774
0.018701
0.019493
0.018939
0.019347
0.021442
0.026530
0.029665
0.026079
0.023204
0.024556
0.023361
0.023810
0.019581
0.019860
0.020057
0.020145
0.019915
0.019813
0.019929
0.019696
0.019988
0.019820
0.019809
0.020058
0.023818
0.020242
0.019651
0.019512
0.023342
0.019824
0.019537
0.019613
0.020022
0.020522
0.019745
0.019432
0.019642
0.019897
0.019261
0.019625
0.022976
0.019314
0.022742
0.019433
0.023352
0.019345
0.019836
0.019603
0.019697
0.019426
0.019734
0.019303
0.019141
0.019105
0.019034
0.019204
0.019341
0.019252
0.019510
0.019542
0.021634
0.019983
0.019342
0.019524
0.019614
0.019815
0.019607
0.019268
0.019437
0.019597
0.019716
0.019642
0.019608
0.019982
0.019643
0.019726
0.020693
0.020108
0.019710
0.019272
0.019393
0.019464
0.019263
0.019425
0.019438
0.019596
0.019712
0.019812
0.020442
0.019778
0.021063
0.021282
0.019474
0.019506
0.019432
0.019434
0.019517
0.019553
0.019627
0.019648
0.019684
0.019476
0.019472
0.019593
0.019643
0.019832
0.019281
0.019353
0.019260
0.019336
0.019589
0.019548
0.019502
0.019358
0.019653
0.019706
0.019589
0.019504
0.021513
0.019904
0.019345
0.019337
0.019283
0.019360
0.019251
0.019295
0.019267
0.019381
0.019490
0.019638
0.019483
0.019354
0.020492
0.020449
0.019310
0.019189
0.019256
0.019418
0.019373
0.019487
0.019515
0.019358
0.019687
0.019739
0.019566
0.019451
0.019675
0.019693
0.019434
0.018961
0.018987
0.019029
0.019210
0.019487
0.019536
0.019614
0.019733
0.019655
0.019804
0.019709
0.019825
0.020485
0.021855
0.023735
0.023716
0.026822
0.030244
0.035064
0.035322
0.031598
0.028946
0.025236
0.026507
0.026664
0.026072
0.024372
0.023225
0.020966
0.020268
0.019120
0.019052
0.019048
0.019361
0.020517
0.021563
0.019648
0.019305
0.020426
0.019530
0.019731
0.020767
0.019452
0.019752
0.020355
0.019826
0.019658
0.020022
0.020195
0.020251
0.021116
0.019708
0.019670
0.019760
0.019829
0.019750
0.019701
0.022105
0.020435
0.020955
0.020243
0.019735
0.019655
0.019383
0.019579
0.019690
0.019689
0.022894
0.026511
0.025892
0.024594
0.022496
0.020782
0.019722
0.019884
0.021174
0.024829
0.027219
0.026449
0.024387
0.023304
0.020355
0.019795
0.019668
0.019800
0.019688
0.020083
0.020314
0.019483
0.019387
0.019491
0.019569
0.019503
0.019402
0.020119
0.021188
0.019654
0.020704
0.020057
0.019579
0.019088
0.019263
0.019181
0.019311
0.019569
0.019422
0.019507
0.019709
0.020346
0.019688
0.019674
0.020469
0.019695
0.019634
0.019355
0.019133
0.019526
0.019175
0.019418
0.019564
0.019547
0.019533
0.019713
0.019636
0.019301
0.019302
0.020036
0.020453
0.021235
0.019678
0.019660
0.019905
0.019732
0.020234
0.020465
0.020200
0.019372
0.019777
0.019845
0.019552
0.019861
0.020090
0.020177
0.019742
0.019087
0.019190
0.019416
0.019895
0.019547
0.019726
0.019449
0.019438
0.020070
0.019512
0.019483
0.020912
0.020188
0.019700
0.019279
0.019152
0.019768
0.019289
0.019329
0.019290
0.019371
0.020477
0.019262
0.019067
0.019541
0.020176
0.019613
0.019701
0.019068
0.018993
0.019064
0.019001
0.019535
0.019544
0.019499
0.019680
0.019751
0.019418
0.019764
0.019596
0.021035
0.019370
0.019174
0.019182
0.019336
0.019443
0.019619
0.019500
0.019367
0.020035
0.019471
0.019673
0.020042
0.019391
0.019735
0.019323
0.019628
0.019355
0.019287
0.019487
0.019473
0.019672
0.019499
0.019966
0.019556
0.019632
0.019409
0.019761
0.019811
0.019201
0.019409
0.019410
0.019251
0.019331
0.019693
0.019293
0.019349
0.019330
0.020812
0.019314
0.019247
0.020083
0.019571
0.019820
0.019292
0.019172
0.019354
0.019334
0.019302
0.019338
0.019220
0.019396
0.021615
0.019588
0.019371
0.020748
0.019892
0.019099
0.019404
0.019407
0.019813
0.019343
0.019182
0.019114
0.019220
0.019508
0.019804
0.019463
0.019570
0.019316
0.019237
0.019559
0.019351
0.019388
0.019323
0.019213
0.019599
0.019624
0.019571
0.019638
0.019859
0.019967
0.019493
0.019386
0.021022
0.020448
0.019117
0.019055
0.019031
0.019240
0.019873
0.019329
0.019329
0.019037
0.019555
0.019278
0.019151
0.019466
0.021077
0.019603
0.019386
0.018840
0.018863
0.018896
0.019198
0.019322
0.019306
0.019099
0.019784
0.021113
0.019073
0.019876
0.019274
0.019194
0.019010
0.018890
0.019099
0.019114
0.019272
0.019489
0.019363
0.019467
0.021955
0.019779
0.020560
0.019715
0.019642
0.019378
0.019160
0.019331
0.019440
0.019507
0.019208
0.019666
0.019403
0.020993
0.019403
0.019619
0.020844
0.019766
0.019344
0.019297
0.019215
0.019323
0.019365
0.019492
0.019434
0.019493
0.020362
0.019814
0.022161
0.023920
0.025516
0.025576
0.025665
0.023849
0.023195
0.021480
0.019258
0.019146
0.019150
0.019481
0.019819
0.019256
0.019756
0.019727
0.019702
0.019833
0.019620
0.019214
0.019569
0.019604
0.019093
0.019086
0.019239
0.019469
0.019575
0.019595
0.019218
0.019341
0.019888
0.019691
0.019664
0.019963
0.020782
0.021525
0.020559
0.019526
0.019295
0.019700
0.019625
0.019370
0.019015
0.019168
0.019909
0.019521
0.019536
0.019502
0.019672
0.019736
0.019565
0.019722
0.019410
0.020707
0.020072
0.019639
0.019872
0.019811
0.019694
0.019655
0.019422
0.019563
0.019823
0.019680
0.019522
0.019634
0.019392
0.019542
0.019987
0.019646
0.019982
0.019645
0.019466
0.019641
0.020133
0.019832
0.019399
0.019412
0.021283
0.019522
0.019509
0.019740
0.019372
0.020095
0.019563
0.023576
0.019970
0.024177
0.019889
0.019486
0.019801
0.019467
0.019583
0.019575
0.023913
0.020252
0.023406
0.020257
0.019641
0.021346
0.019744
0.019417
0.019374
0.019458
0.019445
0.019722
0.019929
0.020650
0.020723
0.021203
0.022376
0.020544
0.021196
0.020364
0.021040
0.020611
0.022770
0.021455
0.021811
0.021355
0.021756
0.023715
0.022339
0.020799
0.021198
0.020749
0.020901
0.020857
0.021132
0.021280
0.022056
0.022255
0.023049
0.021746
0.019905
0.021123
0.020515
0.021445
0.022343
0.021513
0.022153
0.019691
0.019132
0.019453
0.019243
0.019463
0.018972
0.018788
0.018898
0.018855
0.019449
0.019209
0.019379
0.019333
0.019260
0.019453
0.019586
0.020032
0.021374
0.022451
0.022914
0.025581
0.035897
0.042680
0.037024
0.030628
0.028517
0.036854
0.034026
0.034178
0.026792
0.029966
0.027099
0.021869
0.019972
0.019499
0.019231
0.025834
0.023560
