0.035824
1.636972
0.061472
0.045118
0.060373
0.048259
0.046847
0.062075
0.046431
0.042494
0.048589
0.057704
0.056533
0.050756
0.060678
0.054655
0.037464
0.052761
0.035910
0.050598
0.046669
0.051773
0.035476
0.039677
0.058767
0.051617
0.047408
0.049546
0.046370
0.048459
0.054561
0.072633
0.051745
0.049642
0.050564
0.066453
0.053466
0.035604
0.050847
0.050184
0.061447
0.049067
0.062077
0.062876
0.066130
0.075187
0.061953
0.065415
0.061878
0.065799
0.065533
0.062790
0.055517
0.090079
0.059934
0.055180
0.054516
0.072066
0.059483
0.053828
0.094779
0.058215
0.070496
0.066600
0.055015
0.068585
0.052786
0.054511
0.060455
0.077190
0.056270
0.074172
0.070612
0.087358
0.090032
0.091559
0.091730
0.106104
0.056679
0.069711
0.088376
0.117553
0.101130
0.115905
0.115304
0.075469
0.077536
0.092685
0.096056
0.079298
0.070174
0.057684
0.076518
0.086083
0.079669
0.083977
0.080061
0.104063
0.054459
0.119794
0.120625
0.087484
0.061495
0.080505
0.073468
0.086445
0.072557
0.081477
0.088602
0.085868
0.062704
0.066880
0.088556
0.094247
0.087211
0.095522
0.069464
0.071883
0.088548
0.068142
0.071312
0.070656
0.062555
0.077438
0.078477
0.091211
0.086188
0.072679
0.073810
0.068563
0.095569
0.094447
0.083793
0.096862
0.081551
0.070348
0.066614
0.090358
0.072435
0.083611
0.089605
0.090316
0.080839
0.065958
0.075373
0.063437
0.077497
0.087428
0.082554
0.070528
0.092375
0.054160
0.096403
0.089064
0.081985
0.078779
0.079588
0.080235
0.089185
0.096976
0.101929
0.091069
0.093976
0.109601
0.071926
0.079841
0.074628
0.074649
0.082551
0.063907
0.075422
0.086690
0.068643
0.053152
0.065708
0.074805
0.098317
0.060858
0.086797
0.095157
0.070618
0.078727
0.086643
0.089554
0.087511
0.080948
0.092890
0.114487
0.082267
0.108746
0.055613
0.069473
0.076474
0.083327
0.084602
0.087808
0.102787
0.080519
0.086437
0.074773
0.082835
0.079545
0.080758
0.057209
0.072049
0.054392
0.086452
0.071996
0.055446
0.082913
0.079583
0.069405
0.079891
0.069789
0.067729
0.058606
0.069276
0.055983
0.066113
0.075695
0.073600
0.076363
0.098145
0.067210
0.070451
0.054336
0.074789
0.090995
0.066334
0.083734
0.076586
0.089139
0.078772
0.077593
0.059480
0.084452
0.066356
0.079201
0.077557
0.096878
0.074199
0.071097
0.082036
0.088756
0.074571
0.076709
0.068861
0.064483
0.075485
0.069698
0.050706
0.060474
0.098444
0.073253
0.104627
0.094737
0.098586
0.058493
0.058988
0.066817
0.074510
0.059023
0.085985
0.074507
0.066458
0.080124
0.068971
0.087540
0.078099
0.082144
0.075095
0.071501
0.086668
0.052586
0.065814
0.094899
0.076286
0.090453
0.103280
0.090737
0.053458
0.051078
0.073568
0.062684
0.068210
0.082961
0.062382
0.071189
0.065456
0.101636
0.072596
0.084328
0.101312
0.109807
0.129301
0.096124
0.073536
0.088593
0.081723
0.082203
0.076342
0.080434
0.075755
0.069303
0.077447
0.089059
0.067802
0.105918
0.093282
0.085358
0.077213
0.090346
0.078900
0.070992
0.084810
0.088740
0.101789
0.137605
0.092121
0.133435
0.127399
0.080657
0.094432
0.068651
0.077236
0.068709
0.081920
0.055791
0.062030
0.073725
0.085284
0.075979
0.068568
0.070585
0.076777
0.073298
0.064398
0.061831
0.059535
0.066479
0.064332
0.070486
0.070528
0.071418
0.082251
0.078564
0.068030
0.069807
0.092272
0.072704
0.057528
0.089897
0.055760
0.079726
0.060299
0.070137
0.047575
0.058350
0.076201
0.088347
0.068990
0.064293
0.070815
0.066240
0.067621
0.047749
0.094402
0.095989
0.085702
0.073991
0.084725
0.060076
0.063968
0.089724
0.066024
0.077294
0.075747
0.051762
0.060326
0.083178
0.062621
0.066941
0.078440
0.061331
0.070847
0.066873
0.055502
0.060669
0.071883
0.066391
0.070918
0.060767
0.063987
0.078728
0.085151
0.085124
0.075511
0.063703
0.065415
0.052736
0.086518
0.080867
0.054404
0.072721
0.079938
0.063154
0.060879
0.072441
0.067417
0.079970
0.062603
0.088199
0.071772
0.070548
0.093091
0.077769
0.062675
0.066895
0.078478
0.082243
0.064234
0.071619
0.069474
0.083758
0.098538
0.066502
0.071312
0.084790
0.078152
0.063029
0.075872
0.078953
0.112682
0.084126
0.074536
0.090031
0.072408
0.093609
0.098458
0.111446
0.076513
0.125056
0.065049
0.082797
0.074685
0.070435
0.116469
0.064257
0.077800
0.062134
0.075777
0.074202
0.073709
0.091379
0.081941
0.068942
0.068431
0.047839
0.076067
0.075419
0.058280
0.077713
0.067338
0.066685
0.064468
0.074441
0.087065
0.049180
0.100139
0.114088
0.075298
0.093061
0.063991
0.052476
0.085497
0.061826
0.102103
0.100259
0.087550
0.075824
0.070594
0.073078
0.067186
0.070451
0.084830
0.074816
0.060343
0.093998
0.074207
0.063896
0.053391
0.049039
0.072369
0.067726
0.061468
0.067274
0.054554
0.061474
0.055083
0.059118
0.054693
0.083467
0.056659
0.069455
0.078728
0.100540
0.059438
0.073251
0.072135
0.064883
0.076502
0.080096
0.073858
0.063004
0.094040
0.076162
0.068339
0.068539
0.073785
0.060982
0.054426
0.052682
0.119473
0.083498
0.065119
0.061314
0.062687
0.073597
0.085283
0.073500
0.062946
0.085507
0.072518
0.073413
0.072480
0.073573
0.072082
0.067475
0.057501
0.073039
0.105683
0.062100
0.054015
0.053379
0.064190
0.096178
0.065418
0.061433
0.087997
0.082379
0.067819
0.050908
0.072617
0.065829
0.066545
0.078502
0.071849
0.048668
0.070341
0.078511
0.045599
0.057145
0.057473
0.069858
0.075966
0.085233
0.066758
0.065420
0.091488
0.064464
0.061494
0.060802
0.062599
0.048687
0.050493
0.065850
0.065427
0.085339
0.070856
0.056417
0.089766
0.086247
0.065731
0.074218
0.061522
0.070064
0.088634
0.081314
0.074797
0.047417
0.053580
0.078308
0.068597
0.081088
0.097636
0.063269
0.070009
0.072326
0.066815
0.053033
0.069420
0.087273
0.049015
0.081472
0.067785
0.052004
0.077228
0.079840
0.064281
0.067414
0.047399
0.045212
0.070310
0.069142
0.063671
0.060398
0.085528
0.058691
0.064601
0.068618
0.055020
0.062805
0.077461
0.066341
0.093797
0.080754
0.060623
0.057221
0.059053
0.054676
0.084549
0.061649
0.085181
0.112402
0.086491
0.083346
0.067539
0.054611
0.081354
0.080564
0.064482
0.081615
0.065284
0.062380
0.073878
0.060483
0.067601
0.061523
0.066734
0.055888
0.082487
0.076939
0.067666
0.050047
0.069124
0.060334
0.076778
0.056973
0.058413
0.077197
0.059500
0.092469
0.074600
0.062321
0.060795
0.118493
0.100064
0.076061
0.070619
0.069617
0.082107
0.086429
0.076737
0.072208
0.071828
0.066984
0.056426
0.087796
0.105458
0.112904
0.078467
0.087841
0.088929
0.070231
0.084608
0.101779
0.119924
0.096691
0.073319
0.095628
0.074167
0.095572
0.093389
0.106914
0.124459
0.067082
0.136457
0.077002
0.073899
0.078878
0.077746
0.093946
0.078282
0.113346
0.092704
0.087670
0.107921
0.081742
0.091717
0.113447
0.070705
0.074795
0.092525
0.064859
0.071513
0.080944
0.074880
0.114378
0.079710
0.077925
0.092301
0.107072
0.103393
0.068283
0.076319
0.061021
0.084002
0.064004
0.066204
0.123168
0.108751
0.144581
0.097639
0.165594
0.126248
0.107246
0.122654
0.107928
0.139181
0.096389
0.108249
0.096655
0.094386
0.082581
0.088889
0.125821
0.101526
0.095154
0.080264
0.079109
0.088444
0.077573
0.110266
0.120620
0.080900
0.092229
0.071879
0.068421
0.096564
0.113659
0.126447
0.097617
0.137292
0.073900
0.103871
0.087001
0.074161
0.089604
0.094723
0.100262
0.059495
0.105497
0.100341
0.139029
0.098571
0.076360
0.080407
0.076343
0.078177
0.113801
0.092781
0.065709
0.079617
0.078854
0.083760
0.113995
0.121201
0.075211
0.076025
0.091718
0.089631
0.086177
0.107777
0.128292
0.074914
0.077385
0.073669
0.089588
0.131226
0.111719
0.085175
0.133685
0.093449
0.076302
0.086297
0.090774
0.095395
0.073900
0.088553
0.106486
0.070139
0.084520
0.066511
0.082905
0.049555
0.077105
0.094529
0.071738
0.078688
0.084034
0.133466
0.093572
0.059779
0.079466
0.085960
0.074699
0.068913
0.063110
0.059327
0.061649
0.060150
0.066260
0.062100
0.074176
0.059694
0.059600
0.084415
0.052281
0.108030
0.072764
0.080352
0.085031
0.097957
0.079210
0.097527
0.085751
0.118105
0.076501
0.085905
0.073934
0.070751
0.077637
0.058906
0.070797
0.067333
0.050131
0.046161
0.060089
0.067519
0.062829
0.068118
0.094425
0.079865
0.076420
0.078471
0.094444
0.120529
0.119442
0.095586
0.094954
0.077179
0.078248
0.081594
0.092635
0.079311
0.109720
0.080482
0.071073
0.129390
0.100594
0.125880
0.105022
0.105726
0.106172
0.100947
0.075415
0.088315
0.119565
0.089046
0.107178
0.078335
0.098353
0.085968
0.087216
0.062151
0.094092
0.062478
0.064904
0.084652
0.067101
0.087591
0.086030
0.097242
0.085267
0.093137
0.075852
0.081640
0.079459
0.096698
0.073965
0.104557
0.111177
0.081957
0.087552
0.081075
0.082114
0.081352
0.067002
0.084735
0.077022
0.070856
0.110866
0.107628
0.088243
0.097531
0.089772
0.080042
0.090505
0.066037
0.081764
0.077218
0.087366
0.103042
0.078804
0.072478
0.083851
0.086349
0.071642
0.073541
0.097474
0.096485
0.081499
0.065312
0.067496
0.087224
0.087158
0.099500
0.094938
0.088458
0.094945
0.119026
0.069950
0.070282
0.078783
0.067563
0.084960
0.084731
0.086314
0.076530
0.075920
0.090870
0.066218
0.094992
0.069504
0.064532
0.098799
0.093860
0.085601
0.062622
0.075558
0.096529
0.085362
0.068086
0.068449
0.079554
0.068834
0.057059
0.078593
0.071732
0.082125
0.084302
0.073307
0.061751
0.068497
0.073262
0.092573
0.080549
0.085382
0.075192
0.089057
0.081790
0.055371
0.056537
0.065003
0.092026
0.087769
0.065573
0.057112
0.059418
0.062539
0.062320
0.072078
0.078895
0.103983
0.072751
0.069375
0.070799
0.090077
0.052834
0.079972
0.091429
0.055544
0.080866
0.101396
0.085100
0.076886
0.100907
0.069473
0.091644
0.072028
0.060806
0.064924
0.060473
0.067365
0.071706
0.073750
0.067394
0.064607
0.081087
0.068623
0.085920
0.076844
0.069389
0.088117
0.073599
0.073551
0.076030
0.092894
0.074503
0.077429
0.059744
0.079997
0.076998
0.068461
0.082568
0.068017
0.076629
0.059188
0.070865
0.053411
0.092814
0.079516
0.078221
0.060190
0.045502
0.066772
0.098157
0.057925
0.063114
0.063948
0.073367
0.083977
0.100911
0.082472
0.077526
0.075798
0.102891
0.084587
0.085247
0.090494
0.098844
0.078025
0.062907
0.060479
0.063848
0.077596
0.063768
0.073163
0.086851
0.088489
0.071976
0.087479
0.064723
0.083048
0.087071
0.053067
0.082132
0.084317
0.081274
0.082659
0.080744
0.063581
0.071785
0.054660
0.078979
0.069089
0.070688
0.053440
0.054064
0.081110
0.092982
