0.040192
1.985136
0.069971
0.072331
0.087451
0.078570
0.073841
0.077636
0.092490
0.103001
0.073126
0.075948
0.084193
0.073100
0.073112
0.123510
0.088767
0.073503
0.087511
0.087459
0.110271
0.099709
0.118522
0.103623
0.101863
0.070437
0.097925
0.086059
0.090010
0.074112
0.097864
0.090278
0.113290
0.091475
0.081781
0.075336
0.091823
0.099174
0.081796
0.092934
0.086090
0.107253
0.090857
0.098467
0.075897
0.089761
0.089153
0.123712
0.111382
0.084077
0.083736
0.086733
0.091779
0.115750
0.103878
0.126544
0.101478
0.081740
0.091099
0.118332
0.071689
0.108661
0.068188
0.121596
0.079648
0.068720
0.075479
0.080892
0.080082
0.074000
0.078377
0.070631
0.109614
0.101658
0.084893
0.084821
0.066266
0.085238
0.118719
0.067267
0.073197
0.079842
0.083461
0.070843
0.087500
0.072906
0.109532
0.095059
0.140599
0.130207
0.116389
0.114582
0.090987
0.091516
0.087433
0.094537
0.090229
0.100393
0.099541
0.071808
0.073304
0.080747
0.085838
0.113508
0.091801
0.070696
0.081917
0.086586
0.086839
0.088586
0.113909
0.057460
0.094219
0.066723
0.071097
0.074227
0.076437
0.099517
0.087059
0.083846
0.076471
0.093720
0.110562
0.108323
0.075389
0.091225
0.116729
0.100021
0.124512
0.113173
0.103870
0.166978
0.103655
0.092703
0.106934
0.084637
0.092196
0.091383
0.092097
0.067468
0.089349
0.085486
0.092745
0.090809
0.111612
0.072505
0.099422
0.121011
0.074110
0.082576
0.066733
0.113994
0.110989
0.098064
0.094120
0.093094
0.087306
0.102918
0.079609
0.073136
0.124850
0.113141
0.109647
0.121136
0.085130
0.076535
0.093751
0.116655
0.118538
0.098776
0.066881
0.095485
0.100416
0.061752
0.085192
0.075369
0.088895
0.088506
0.095866
0.088293
0.092341
0.113095
0.072856
0.095492
0.075155
0.083693
0.103286
0.119346
0.082243
0.084471
0.136519
0.101604
0.082813
0.121496
0.092215
0.128917
0.127312
0.074554
0.119489
0.106162
0.108246
0.103517
0.120478
0.102897
0.095422
0.101421
0.106859
0.097115
0.119637
0.098901
0.148385
0.138265
0.110391
0.099493
0.127595
0.125574
0.137935
0.124608
0.103578
0.086457
0.109943
0.120849
0.088336
0.165059
0.132501
0.150401
0.137496
0.112449
0.119639
0.088447
0.082341
0.093527
0.085354
0.098246
0.104949
0.103071
0.099953
0.073544
0.108490
0.099337
0.113762
0.077664
0.118519
0.085208
0.091973
0.097206
0.078588
0.066373
0.084978
0.107995
0.124119
0.117927
0.121830
0.160630
0.112011
0.103500
0.103034
0.083038
0.077894
0.090880
0.095524
0.113176
0.099816
0.068892
0.079907
0.091537
0.062479
0.099408
0.139657
0.072493
0.065536
0.086034
0.109467
0.115495
0.081697
0.101535
0.080672
0.096786
0.120468
0.091569
0.076262
0.094692
0.115057
0.090111
0.069468
0.124917
0.105828
0.086650
0.116098
0.116024
0.109807
0.072919
0.088439
0.081410
0.112240
0.113257
0.102497
0.085447
0.087145
0.070282
0.084111
0.088566
0.086515
0.066942
0.083399
0.073451
0.058027
0.106630
0.096011
0.098695
0.094184
0.104540
0.121244
0.091379
0.106090
0.108257
0.115476
0.091907
0.124335
0.110508
0.076398
0.067358
0.092856
0.095772
0.079034
0.109542
0.100882
0.084025
0.130548
0.121339
0.184482
0.093047
0.102868
0.110588
0.089597
0.117530
0.102585
0.090940
0.137625
0.124685
0.145920
0.078162
0.138512
0.076974
0.094457
0.096864
0.118452
0.105898
0.069910
0.070743
0.071272
0.086818
0.067480
0.092497
0.092893
0.076069
0.077739
0.072766
0.087192
0.068853
0.070549
0.101431
0.081105
0.080237
0.094296
0.104555
0.083426
0.087925
0.092319
0.082462
0.109009
0.107996
0.087463
0.078892
0.079682
0.088459
0.070545
0.073473
0.098054
0.098952
0.093940
0.112789
0.086803
0.077536
0.078460
0.132305
0.080981
0.077441
0.096970
0.095450
0.099003
0.096862
0.107044
0.110032
0.077500
0.089479
0.124076
0.084174
0.099756
0.095123
0.068280
0.086816
0.116487
0.097259
0.104687
0.105783
0.136535
0.112851
0.103460
0.083047
0.079977
0.127495
0.097091
0.075489
0.110955
0.082580
0.084501
0.078050
0.072376
0.078454
0.088004
0.085541
0.110384
0.101288
0.090585
0.087446
0.105973
0.075534
0.080368
0.064632
0.110535
0.111573
0.125125
0.081202
0.101494
0.082539
0.093458
0.113708
0.133312
0.072318
0.095335
0.128644
0.096868
0.066545
0.114642
0.083345
0.114073
0.128068
0.088156
0.138591
0.110854
0.088919
0.100102
0.102962
0.094489
0.137181
0.127676
0.091436
0.100484
0.109863
0.119302
0.100529
0.076715
0.064847
0.109535
0.141504
0.079669
0.089326
0.078470
0.075910
0.073505
0.076488
0.105892
0.077484
0.097156
0.082555
0.085190
0.098186
0.079747
0.083314
0.084516
0.078353
0.073724
0.101707
0.091377
0.105036
0.114014
0.103163
0.099754
0.147763
0.123322
0.100114
0.091308
0.087846
0.081279
0.090868
0.082632
0.115381
0.076637
0.074522
0.082876
0.094762
0.084784
0.081762
0.065365
0.082529
0.097375
0.086028
0.102722
0.084312
0.077784
0.096510
0.077908
0.080080
0.062457
0.114031
0.075755
0.124451
0.101526
0.078484
0.096517
0.070699
0.110814
0.084845
0.196204
0.090389
0.061768
0.065848
0.066262
0.080568
0.078677
0.078649
0.074117
0.073143
0.060564
0.059833
0.079776
0.063533
0.082696
0.091272
0.125096
0.100654
0.058408
0.078725
0.066208
0.088687
0.084919
0.058828
0.072776
0.085728
0.069612
0.076419
0.074934
0.056900
0.095876
0.064128
0.071175
0.087510
0.067778
0.078583
0.083213
0.055554
0.089237
0.073657
0.071515
0.086547
0.079414
0.046413
0.071525
0.083552
0.077548
0.060719
0.081540
0.098948
0.079093
0.068599
0.082469
0.077480
0.097134
0.084925
0.068470
0.075267
0.056352
0.056640
0.062181
0.040019
0.088777
0.064514
0.060776
0.045330
0.080488
0.058909
0.073457
0.058621
0.061507
0.063564
0.101559
0.107471
0.090977
0.057325
0.061935
0.061828
0.060657
0.057562
0.052620
0.049349
0.056311
0.047751
0.065198
0.080137
0.072356
0.061068
0.060122
0.046528
0.071851
0.063847
0.066927
0.066748
0.096533
0.064516
0.065076
0.061414
0.107689
0.107529
0.063531
0.061850
0.087409
0.068316
0.092658
0.094002
0.078515
0.075038
0.071172
0.084472
0.047520
0.044463
0.052670
0.052826
0.044994
0.067888
0.072470
0.078554
0.062664
0.087188
0.083780
0.066906
0.113833
0.100883
0.111330
0.093767
0.100459
0.087136
0.081789
0.093901
0.136906
0.124362
0.152637
0.123914
0.118354
0.115442
0.124369
0.131160
0.119874
0.090368
0.097409
0.085651
0.095622
0.117337
0.113311
0.093054
0.076377
0.100778
0.098146
0.082525
0.094323
0.080543
0.064880
0.072402
0.116558
0.081935
0.101487
0.086382
0.075276
0.087523
0.114157
0.114070
0.121657
0.081469
0.121245
0.091885
0.079122
0.090219
0.104321
0.107950
0.118486
0.113672
0.098178
0.103528
0.092059
0.095445
0.090502
0.124017
0.090984
0.123297
0.090499
0.128778
0.087425
0.090103
0.089004
0.111581
0.138123
0.127061
0.096437
0.084558
0.067547
0.083097
0.112036
0.108626
0.134533
0.099456
0.085768
0.081377
0.106550
0.109830
0.100369
0.146123
0.109712
0.088507
0.075901
0.130213
0.097237
0.088557
0.090148
0.081100
0.098153
0.104953
0.102883
0.099689
0.110931
0.123322
0.121176
0.124819
0.112526
0.087564
0.092395
0.096769
0.119086
0.087594
0.083875
0.068062
0.094460
0.105645
0.118585
0.123547
0.124467
0.136301
0.108218
0.087462
0.086582
0.115083
0.086759
0.157213
0.109730
0.095645
0.101765
0.089098
0.084287
0.086394
0.110481
0.084805
0.093732
0.119862
0.102430
0.058800
0.085631
0.045637
0.055468
0.080218
0.083540
0.087570
0.084459
0.110330
0.098325
0.096524
0.105841
0.153541
0.086722
0.094628
0.079425
0.097559
0.103180
0.099643
0.108493
0.073528
0.070272
0.107069
0.112527
0.171563
0.112220
0.154067
0.091940
0.164008
0.104764
0.096445
0.074195
0.099959
0.106125
0.102497
0.113955
0.085387
0.077225
0.104294
0.069106
0.095038
0.082789
0.086766
0.156754
0.162012
0.089140
0.071737
0.124737
0.101593
0.103836
0.157950
0.096298
0.125655
0.105023
0.121054
0.122482
0.119345
0.091841
0.125214
0.099185
0.093281
0.130178
0.106471
0.100444
0.095543
0.093528
0.091519
0.099795
0.117597
0.077553
0.092495
0.088545
0.080570
0.077428
0.127883
0.097423
0.097204
0.110513
0.112716
0.082959
0.090914
0.072218
0.100783
0.068071
0.088477
0.109420
0.064194
0.074450
0.107954
0.105351
0.098622
0.111339
0.101990
0.091880
0.090382
0.092439
0.130960
0.114802
0.090482
0.090841
0.080490
0.094519
0.094160
0.085486
0.092305
0.102115
0.080737
0.085885
0.082819
0.107021
0.097717
0.109551
0.112438
0.120703
0.113507
0.100488
0.083813
0.120967
0.121827
0.092435
0.098928
0.096219
0.138287
0.096931
0.149077
0.131901
0.086500
0.087447
0.080284
0.106016
0.071449
0.070223
0.099535
0.082074
0.123743
0.078031
0.082924
0.096321
0.124268
0.118504
0.135536
0.118332
0.115738
0.082971
0.120903
0.119555
0.072217
0.114521
0.080897
0.086569
0.093508
0.081779
0.085554
0.091840
0.103990
0.078048
0.102106
0.078410
0.112251
0.134853
0.097686
0.103336
0.109548
0.090476
0.087985
0.100424
0.094706
0.103092
0.088290
0.111228
0.116662
0.140591
0.159588
0.079439
0.135164
0.100212
0.082396
0.088057
0.116382
0.154634
0.125001
0.105189
0.120461
0.132726
0.128447
0.098042
0.092423
0.088473
0.095456
0.110563
0.126864
0.110724
0.104409
0.130673
0.115669
0.095989
0.109360
0.101485
0.077452
0.060904
0.073877
0.097067
0.044762
0.070554
0.078999
0.095909
0.083681
0.081457
0.081695
0.073076
0.104878
0.094064
0.069185
0.089945
0.090708
0.109213
0.109514
0.167823
0.123611
0.100515
0.077881
0.098873
0.105364
0.092839
0.139048
0.104665
0.128654
0.127490
0.085539
0.077490
0.083249
0.125751
0.111852
0.148667
0.072855
0.096530
0.101213
0.113540
0.107026
0.106264
0.106636
0.109744
0.100577
0.100580
0.105736
0.115692
0.083447
0.138671
0.089532
0.071575
0.063421
0.083390
0.088273
0.121786
0.075490
0.085875
0.148563
0.101842
0.159467
0.083341
0.086444
0.078907
0.094123
0.129099
0.093922
0.091664
0.099968
0.111134
0.087204
0.075214
0.079640
0.085118
0.115342
0.096802
0.086026
0.113557
0.094494
0.092963
0.096020
0.128604
0.115210
0.111516
0.082068
0.084672
0.102143
0.111549
0.092483
0.148486
0.124092
0.098588
0.091554
0.076700
0.086918
0.126458
0.119547
0.101589
0.115636
0.099333
0.081478
0.072779
0.139383
0.117044
0.133553
0.105559
0.108802
0.090522
0.075675
0.084528
0.109232
0.084322
0.097756
0.118309
0.116842
0.086653
0.085530
0.111062
0.107846
0.084040
0.119566
0.109266
0.088529
0.075834
0.079812
0.096520
0.114434
0.080390
0.105859
0.117764
0.106528
0.086617
0.071601
0.084302
0.073604
0.078073
0.108856
0.099217
0.066790
0.096172
0.074478
0.139721
0.095299
0.092295
0.112171
0.108457
0.130564
0.099251
0.108223
0.104109
0.094851
0.126834
0.115478
0.089452
0.109589
0.090535
0.099873
0.065235
0.117826
0.095648
0.106627
0.139083
0.082514
0.081509
0.109718
0.094499
0.098544
0.136813
0.102042
0.096043
0.099789
0.126725
0.101523
0.107613
0.119524
0.111835
0.088007
0.112254
0.087465
0.100809
0.099541
0.112543
0.104478
0.092908
0.097759
0.075547
0.125539
0.082035
0.169528
0.101503
0.086522
0.131835
0.146206
0.145274
0.111372
0.123744
0.088309
0.131768
0.099790
0.088622
0.134535
0.123495
0.090800
0.096897
0.093959
0.108578
0.081774
0.075381
0.091999
0.083695
0.121740
0.092871
0.136883
0.096803
0.100570
0.079905
0.086481
0.090862
0.093094
0.101505
0.119598
0.070774
0.090248
0.117255
0.125774
0.088284
0.095190
0.089250
0.118505
0.113798
0.103166
0.123752
0.138627
0.119980
0.132782
0.090686
0.080928
0.077396
0.104539
0.097549
0.105570
0.103542
0.103228
0.089862
0.126559
0.094148
0.108444
0.105026
0.124804
0.095530
0.092457
0.109563
0.068875
0.093191
0.088736
0.077223
0.104806
0.084481
0.101475
0.122842
0.085532
0.094282
0.070400
0.069117
0.063697
0.084510
0.095899
0.086489
0.115363
0.093979
0.082441
0.101023
0.073715
0.083521
0.081888
0.101855
0.100526
0.091955
0.061461
0.077502
0.091797
0.089020
0.082066
0.087184
0.112523
0.111775
0.104188
0.125881
0.109869
0.132725
0.070621
0.085507
0.085863
0.090545
0.100258
0.130127
0.112618
0.107569
0.088367
0.134348
0.112660
0.111515
0.117498
0.101511
0.097507
0.105907
0.101292
0.127258
0.107883
0.111466
0.076113
0.100115
0.118535
0.077588
0.082509
0.124484
0.089578
0.103721
0.068412
0.074496
0.102552
0.123418
0.131492
0.098011
0.101754
0.098551
0.089861
0.096948
0.093408
0.098051
0.072535
0.100505
0.086802
0.108793
0.136992
0.114114
0.097044
0.126871
0.097595
0.100584
0.090625
0.101416
0.122049
0.107008
0.098447
0.120358
0.109541
0.106936
0.076488
0.121665
0.117542
0.099631
0.103858
0.114472
0.097201
0.096243
0.107870
0.080493
0.094813
0.097514
0.144358
0.093427
0.118895
0.092535
0.097084
0.119923
0.091549
0.104819
0.091000
0.083530
0.139892
0.078435
0.109071
0.077269
0.119514
0.076640
0.092062
0.062527
0.099615
0.101436
0.081610
0.076268
0.077820
0.092357
0.091955
0.075736
0.110167
0.080520
0.095228
0.097482
0.114952
0.125031
0.092613
0.113265
0.122211
0.085684
0.081821
0.133536
0.107881
0.080231
0.105576
0.094506
0.106600
0.087852
0.096630
0.107243
0.079929
0.079799
0.108215
0.075406
0.089550
0.073454
0.090528
0.088280
0.093666
0.124547
0.110908
0.074062
0.096359
0.097219
0.074567
0.130182
0.089860
0.084541
0.091595
0.078261
0.133578
0.105049
0.074736
0.082938
0.070407
0.078083
0.094567
0.097542
0.115611
0.112290
0.095540
0.067708
0.113625
0.097601
0.105758
0.114381
0.114990
0.102676
0.135435
0.137419
0.100681
0.149657
0.100026
0.108557
0.080483
0.125655
0.109682
0.103706
0.084552
0.102512
0.103382
0.074534
0.073574
0.117240
0.108892
0.077542
0.068280
0.059525
0.104605
0.092674
0.060229
0.094817
0.090044
0.064231
0.105563
0.105518
0.124499
0.106380
0.080272
0.100533
0.098587
0.139028
0.105516
0.099454
0.109080
0.072632
0.075995
0.079600
0.076943
0.100703
0.100899
0.110766
0.122447
0.102551
0.093690
0.087482
0.094774
0.119310
0.114236
0.114517
0.120182
0.084698
0.082630
0.070486
0.092636
0.082864
0.107991
0.109890
0.089530
0.084505
0.100540
0.089398
0.074652
0.113520
0.080688
0.081430
0.090472
0.100946
0.106092
0.137539
0.143121
0.109531
0.113184
0.082333
0.109744
0.071001
0.085642
0.065345
0.082715
0.108593
0.089372
0.096379
0.065832
0.082935
0.109355
0.072007
0.085837
0.063145
0.093157
0.138305
0.095156
0.106626
0.078831
0.130649
0.093250
0.118557
0.097403
0.089551
0.086548
0.115910
0.116014
0.153966
0.136786
0.083550
0.101596
0.123117
0.124667
0.111507
0.114052
0.084310
0.114458
0.126527
0.127034
0.070435
0.073538
0.088225
0.132699
0.105741
0.110927
0.098022
0.099782
0.097170
0.078611
0.100454
0.100271
0.077545
0.085503
0.135370
0.107332
0.097744
0.110385
0.109169
0.126550
0.095386
0.132106
0.080168
0.086442
0.140629
0.113861
0.091128
0.099863
0.129951
0.075288
0.101259
0.098184
0.119289
0.111715
0.121269
0.092552
0.129886
0.086795
0.087021
0.112019
0.092468
0.109948
0.086371
0.082428
0.109578
0.123809
0.130879
0.095412
0.072608
0.091042
0.090718
0.107213
0.075195
0.086133
0.108676
0.086740
0.143579
0.096857
0.074275
0.072385
0.088138
0.112642
0.091769
0.094570
0.097540
0.103247
0.074451
0.074328
0.088624
0.088932
0.072849
0.074605
0.099868
0.121130
0.102240
0.114286
0.068632
0.071445
0.080779
0.122857
0.115883
0.069225
0.067171
0.076372
0.062735
0.081285
0.097189
0.083924
0.088074
0.083696
0.080498
0.081697
0.074980
0.094550
0.086503
0.092248
0.103256
0.122047
0.134809
0.138039
0.096965
0.096680
0.134389
0.097513
0.075825
0.088582
0.109328
0.108503
0.095469
0.119910
0.105905
0.087727
0.082494
0.133613
0.105605
0.098509
0.105705
0.083740
0.082066
0.089270
0.073520
0.065389
0.072506
0.071151
0.073617
0.053730
0.076889
0.075930
0.078257
0.076538
0.098538
0.086800
0.078508
0.081113
0.097228
0.086558
0.116006
0.143546
0.109211
0.072526
0.110509
0.099907
0.118853
0.082565
0.076501
0.103536
0.137665
0.126897
0.104061
0.081376
0.121521
0.127780
0.108546
0.100014
0.081875
0.069815
0.088030
0.121411
0.106381
0.163448
0.079927
0.080786
0.066541
0.077489
0.097221
0.075230
0.092547
0.071562
0.089791
0.115992
0.088501
0.087075
0.075379
0.101866
0.097940
0.102116
0.088909
0.078495
0.111574
0.086477
0.094536
0.107061
0.100501
0.134496
0.071784
0.086020
0.077165
0.099177
0.100824
0.098868
0.115516
0.116824
0.077477
0.109344
0.124941
0.081459
0.081480
0.083748
0.083612
0.095865
0.186651
0.101769
0.102785
0.109460
0.090381
0.089440
0.075137
0.093224
0.068502
0.104317
0.103687
0.070646
0.074193
0.073515
0.087832
0.085891
0.100867
0.072823
0.118241
0.146751
0.066501
0.094096
0.065493
0.115663
0.096556
0.091475
0.074553
0.070241
0.103501
0.099474
0.091529
0.120786
0.107506
0.131755
0.085289
0.088043
0.074942
0.092929
0.109796
0.083507
0.059569
0.106141
0.070744
0.092722
0.091043
0.137492
0.119716
0.097493
0.120876
0.114191
0.108526
0.119516
0.120840
0.121478
0.084368
0.094854
0.084714
0.071003
0.103560
0.104847
0.121733
0.099036
0.108463
0.128176
0.112797
0.075528
0.086467
0.072210
0.083600
0.108965
0.074807
0.104975
0.076009
0.086275
0.067481
0.060238
0.064333
0.114997
0.065388
0.062102
0.080953
0.082353
0.089490
0.079284
0.054502
0.050440
0.067567
0.055675
0.079671
0.062504
0.044810
0.066843
0.046834
0.061052
0.071471
0.076867
0.077797
0.083220
0.090861
0.077741
0.081042
0.072577
0.112460
0.090341
0.080809
0.078470
0.094248
0.096625
0.092400
0.097690
0.108667
0.118729
0.150565
0.138993
0.147570
0.148986
0.059557
0.090585
0.085738
0.125139
0.075475
0.077711
0.095609
0.080470
0.103935
0.120616
0.148486
0.108537
0.140466
0.091643
0.058771
0.079490
0.112513
0.098366
0.076861
0.097431
0.129578
0.101286
0.088169
0.078872
0.074707
0.081228
0.070191
0.099864
0.104394
0.136514
0.106669
0.078810
0.110849
0.089695
0.081910
0.095969
0.126473
0.111875
0.084443
0.103533
0.069095
0.085538
0.105678
0.068764
0.090716
0.129610
0.095532
0.151349
0.130152
0.090274
0.107934
0.103760
0.096502
0.083100
0.099477
0.084746
0.067518
0.127165
0.084506
0.116712
0.085854
0.100485
0.089446
0.120146
0.152501
0.121721
0.091727
0.080421
0.080310
0.075472
0.099583
0.114939
0.087227
0.103502
0.055925
0.076670
0.110775
0.113235
0.100303
0.086230
0.077506
0.077425
0.075715
0.073476
0.068850
0.106690
0.104482
0.090155
0.093920
0.092366
0.070458
0.077575
0.085037
0.117105
0.116416
0.129324
0.101094
0.085311
0.103645
0.101763
0.116437
0.118502
0.100960
0.111827
0.089467
0.073256
0.092581
0.068599
0.069151
0.088395
0.062879
0.099839
0.085688
0.092806
0.097061
0.096992
0.101260
0.090283
0.100343
0.144576
0.120463
0.103456
0.102092
0.105170
0.122373
0.102980
0.087609
0.124116
0.125946
0.080320
0.111588
0.095053
0.133080
0.136886
0.127372
0.141180
0.146055
0.107235
0.112895
0.088523
0.111616
0.116446
0.078906
0.092468
0.113526
0.072424
0.085747
0.066882
0.099503
0.115478
0.087372
0.104958
0.099680
0.103989
0.061438
0.101485
0.103216
0.098209
0.119401
0.104488
0.102486
0.085087
0.091034
0.139137
0.125413
0.090149
0.094406
0.106459
0.108228
0.113312
0.080307
0.077600
0.068010
0.101541
0.119242
0.088724
0.086339
0.063328
0.064126
0.089880
0.078556
0.081253
0.089526
0.077147
0.081990
0.091967
0.092952
0.096716
0.114408
0.082095
0.084224
0.085829
0.080364
0.104811
0.131506
0.096566
0.151550
0.086408
0.100785
0.087241
0.105449
0.106785
0.112890
0.130065
0.099438
0.074325
0.092489
0.108467
0.132811
0.084488
0.082323
0.102333
0.075031
0.071463
0.132453
0.119476
0.131128
0.084034
0.083670
0.092921
0.101665
0.094470
0.095590
0.123837
0.075409
0.122303
0.085179
0.089115
0.100364
0.120791
0.091525
0.101027
0.115618
0.090933
0.111967
0.098019
0.104497
0.081643
