92	146	58	44
80	136	66	58
96	149	61	46
97	153	65	39
95	145	68	43
108	143	61	46
106	143	64	43
114	138	63	47
114	139	67	47
123	142	61	42
109	136	75	46
129	136	58	49
116	124	76	56
137	135	62	45
138	131	67	50
137	133	71	48
136	133	70	50
146	137	69	43
153	123	63	53
152	138	64	42
154	134	61	45
160	133	63	47
178	123	46	59
167	127	59	52
159	124	64	53
154	126	75	53
160	126	73	58
158	130	72	53
143	135	89	56
163	137	72	44
146	138	84	46
159	145	76	46
141	146	91	49
151	149	82	52
140	150	85	57
148	148	88	55
149	147	78	60
143	153	84	66
128	170	86	58
130	173	89	58
121	168	93	70
121	166	90	73
109	189	91	56
101	182	101	71
101	184	91	64
96	183	91	76
100	186	76	73
82	182	99	73
80	191	97	67
78	181	106	75
80	181	98	74
79	186	95	62
59	185	100	74
64	179	95	75
57	181	98	78
55	183	98	68
49	176	102	82
54	179	95	80
43	180	101	78
47	180	97	67
41	175	100	77
56	172	81	86
75	182	73	65
51	179	92	71
40	191	89	52
45	175	83	71
44	181	88	70
51	178	87	71
48	177	81	73
59	175	68	74
56	181	63	62
60	181	74	64
48	174	69	65
63	182	69	62
75	181	71	63
53	171	70	67
78	180	71	59
83	179	64	58
89	182	64	49
97	177	57	52
102	170	64	68
97	176	54	53
112	167	60	54
119	173	55	42
107	168	60	51
125	159	53	56
113	157	57	57
124	163	58	53
133	159	54	52
131	153	45	49
137	157	42	46
130	150	58	56
153	157	42	43
138	152	54	50
153	148	38	52
141	150	53	48
149	150	42	49
156	153	42	48
160	150	39	52
146	154	55	49
150	156	53	40
152	151	50	52
170	149	32	51
158	150	48	46
165	158	44	43
173	149	33	56
158	160	51	47
160	158	46	48
168	154	36	54
163	150	35	55
172	155	33	51
151	148	54	60
162	165	36	51
145	152	51	63
157	155	35	58
151	163	39	56
158	164	35	58
158	167	34	63
148	155	36	71
148	171	34	58
150	169	32	57
146	176	33	53
142	171	34	64
136	169	35	67
134	175	37	64
133	183	37	52
129	176	34	69
123	177	35	66
120	186	32	54
120	186	29	62
118	191	32	54
107	183	42	58
111	184	61	60
175	178	66	81
99	145	37	90
109	179	31	70
106	183	36	74
106	181	32	61
108	182	32	64
105	186	33	64
107	175	28	70
90	172	43	68
101	179	32	67
101	179	33	68
98	181	36	64
101	169	32	63
108	169	30	61
117	169	30	58
122	171	32	61
124	168	31	61
125	163	33	59
123	163	33	56
129	173	32	53
136	173	33	58
140	176	38	62
148	186	38	56
153	189	39	63
161	192	42	57
169	194	39	55
177	192	44	59
184	185	42	57
185	182	42	55
206	179	30	56
209	172	37	56
212	168	44	54
211	163	51	45
230	144	31	61
224	131	39	63
216	123	44	62
216	113	43	62
204	113	60	43
196	105	62	50
188	106	60	55
192	103	43	60
198	109	32	53
171	119	48	57
178	136	39	45
165	139	51	45
178	143	50	46
159	164	57	36
194	148	35	51
197	151	38	52
205	146	41	53
215	136	38	58
218	142	44	43
215	132	45	47
220	110	40	57
223	102	34	62
219	101	25	57
205	108	28	55
168	116	56	57
171	113	37	70
148	130	59	63
147	141	55	66
150	142	53	68
156	174	50	51
143	172	56	42
170	175	36	47
169	173	46	51
155	173	59	49
156	161	56	62
160	150	52	61
136	142	60	58
122	130	58	59
119	130	55	52
99	130	54	51
81	127	54	54
65	126	53	55
60	139	54	47
54	149	47	43
47	156	50	35
55	168	42	51
38	155	54	54
59	165	47	48
55	161	52	48
54	160	60	47
55	151	65	50
59	126	68	72
60	124	68	71
69	113	51	70
70	106	48	53
68	104	49	59
67	98	53	53
15	96	76	57
32	119	65	59
8	114	87	76
56	124	53	70
75	132	42	62
89	142	32	57
90	140	49	60
80	133	71	68
100	129	66	66
119	116	60	71
116	113	72	74
129	97	61	78
109	73	45	75
125	67	83	88
140	61	56	77
136	46	60	79
151	60	40	84
134	62	46	83
125	69	61	77
110	84	80	92
114	102	78	82
135	121	67	67
135	123	78	91
155	133	74	75
168	134	73	78
182	158	49	52
207	116	60	87
218	107	62	87
234	95	59	87
262	87	37	72
257	80	46	69
252	100	48	50
175	86	77	65
240	78	65	65
229	89	70	68
247	100	51	73
252	101	49	73
253	114	52	72
265	116	47	71
270	112	43	73
284	115	41	67
281	116	48	66
290	101	52	73
307	91	38	69
295	98	49	58
291	75	54	63
301	62	39	68
276	61	58	49
298	63	45	50
295	45	43	68
281	52	51	64
274	49	51	70
264	53	48	68
251	52	49	73
253	62	41	71
239	69	43	72
234	81	43	69
219	85	48	78
206	97	56	67
212	112	39	62
204	111	47	64
195	100	54	70
190	93	59	67
190	88	49	72
170	89	60	68
157	86	59	66
116	91	68	65
118	90	62	73
92	104	44	65
96	93	57	73
80	114	57	70
64	121	57	76
48	121	43	69
94	121	44	69
65	156	55	53
60	150	60	48
64	153	61	54
85	145	58	59
72	140	84	70
89	132	74	83
94	158	53	64
81	131	44	70
103	131	62	66
107	128	60	68
90	123	69	73
65	100	73	83
73	118	62	77
30	110	88	82
68	126	57	73
51	119	42	78
61	109	71	86
66	108	60	97
77	129	67	78
78	119	69	70
81	114	67	70
99	104	69	95
119	96	65	97
136	88	67	95
149	75	56	102
154	65	56	70
165	54	59	86
264	97	48	42
224	102	76	34
175	78	57	79
172	74	36	81
187	76	54	92
193	82	46	98
207	90	38	86
216	95	45	97
226	88	57	100
238	92	67	101
261	99	73	100
269	93	74	93
293	89	52	94
305	93	40	86
299	76	46	86
316	99	29	64
317	99	28	58
308	90	37	65
305	87	40	69
296	86	49	78
289	102	56	66
268	99	64	73
258	112	70	73
251	122	80	60
288	138	40	78
283	130	61	83
276	132	57	69
303	123	42	80
291	111	54	79
297	96	48	82
296	78	49	79
296	63	49	78
301	39	44	77
289	32	56	73
288	34	57	65
272	33	53	58
265	33	43	64
243	40	36	61
218	48	46	59
175	51	63	70
159	64	64	73
149	78	68	74
157	97	49	56
151	97	50	76
156	110	47	56
140	104	43	60
132	92	57	70
117	79	56	68
107	61	60	82
106	63	50	66
89	57	49	71
70	57	48	65
52	56	49	72
37	59	51	76
22	74	52	73
22	83	47	72
16	89	50	81
21	76	43	82
11	120	61	71
18	119	47	64
10	112	70	77
13	100	67	105
18	81	65	96
39	77	51	73
20	66	70	68
17	56	65	76
2	82	67	83
0	64	44	87
12	95	63	91
22	105	48	78
29	116	61	58
17	111	83	71
20	103	53	79
37	108	75	78
88	106	65	81
57	79	35	81
75	71	39	74
79	62	41	85
84	55	46	78
93	57	40	80
102	55	45	85
108	59	51	90
112	58	40	91
122	63	42	84
127	62	50	89
141	52	42	78
146	47	56	89
154	45	61	95
159	43	58	95
167	43	64	112
183	42	62	109
198	40	61	116
215	28	65	116
232	11	62	110
243	29	55	105
248	9	47	108
301	0	44	68
249	14	82	109
248	22	47	88
233	28	58	96
230	32	49	62
237	48	66	94
229	59	62	78
226	63	76	78
230	84	68	65
218	75	68	90
220	81	68	88
247	83	44	83
238	89	44	73
239	95	60	84
205	100	81	73
208	110	41	50
223	100	52	44
248	100	52	53
236	154	43	50
219	109	56	48
216	106	63	76
199	104	67	73
192	101	70	72
181	93	70	70
171	95	59	75
152	93	69	73
129	101	79	70
129	104	67	75
121	112	65	70
121	116	64	67
110	120	54	60
109	114	67	71
115	109	60	72
107	86	66	73
85	84	58	74
81	105	55	63
72	89	64	79
45	104	70	80
44	109	62	65
44	123	59	67
33	137	76	50
66	120	47	41
42	140	60	61
38	128	67	55
36	123	65	56
27	115	67	60
26	116	53	55
12	111	60	64
4	123	64	61
16	131	57	61
14	140	64	51
16	148	66	57
20	144	61	65
27	140	56	70
28	134	61	60
36	124	61	58
41	120	59	56
41	104	64	68
47	88	60	77
50	91	53	66
47	89	56	69
38	90	49	64
53	82	35	74
56	79	32	79
62	89	41	78
68	95	34	70
75	87	44	82
81	96	40	82
88	109	42	84
96	114	38	77
110	121	40	73
119	128	42	71
134	127	42	82
149	122	44	76
171	113	35	84
177	108	44	81
189	96	49	84
197	86	55	84
203	76	51	87
226	73	41	64
226	97	37	62
188	79	57	54
214	71	44	86
209	72	58	75
220	85	41	77
209	91	49	80
210	91	49	80
232	95	32	77
237	102	30	84
230	107	42	81
236	111	52	81
250	116	47	77
252	121	39	70
273	109	30	76
270	117	39	75
252	123	61	72
265	111	50	63
268	93	40	79
259	92	41	85
253	92	42	83
213	138	46	44
252	112	41	67
252	104	35	80
245	107	38	60
214	105	58	65
226	89	41	76
217	90	51	73
203	92	39	65
193	90	36	72
177	106	38	66
174	110	34	73
169	116	41	62
154	129	38	63
152	147	40	52
134	135	52	54
138	124	52	58
137	110	53	60
135	99	57	64
133	91	58	67
139	84	48	64
140	96	38	48
138	88	32	47
120	88	45	51
98	92	46	54
89	94	45	49
85	100	43	37
84	102	45	64
96	106	40	74
115	47	34	81
99	113	35	58
111	119	40	84
108	123	47	90
98	118	40	71
111	107	43	83
123	97	35	52
126	94	42	45
132	93	41	35
132	84	45	39
131	78	46	47
148	81	35	40
143	95	31	45
120	76	47	48
123	84	39	42
121	85	43	44
115	92	45	47
121	106	55	38
128	110	52	48
129	122	52	49
147	130	43	50
152	129	47	48
169	135	48	44
181	136	44	38
186	129	50	38
193	124	53	37
202	112	51	38
209	108	47	36
220	96	45	45
231	93	30	51
216	83	50	50
228	88	31	59
231	89	31	58
225	93	32	70
206	82	49	54
211	100	40	57
214	101	40	74
216	102	38	62
224	100	42	64
227	112	43	63
239	63	37	77
247	64	40	81
244	131	44	87
263	123	36	74
285	108	28	65
254	70	51	74
267	98	39	60
264	112	41	68
260	121	37	69
268	112	24	50
242	114	41	51
246	119	32	62
216	127	54	44
207	137	54	38
241	133	36	42
215	137	66	50
215	154	55	41
219	150	50	44
223	144	45	41
220	146	46	45
229	138	46	48
234	136	41	52
228	129	47	48
231	127	47	46
232	127	43	43
231	121	42	44
224	119	42	41
214	115	45	41
206	114	48	37
202	111	41	38
194	110	44	39
195	115	35	41
166	116	51	42
176	114	39	53
163	135	35	70
159	135	42	84
156	139	45	74
162	141	42	44
172	143	41	44
168	142	46	47
176	141	42	50
182	134	45	43
189	135	41	41
195	130	36	38
191	121	42	40
186	112	45	49
192	124	34	84
184	106	45	89
189	109	42	85
174	103	45	91
138	103	65	92
82	104	37	84
155	111	44	44
148	116	42	46
144	117	37	45
144	122	40	43
145	125	40	48
153	137	28	36
160	128	37	45
169	126	38	44
177	124	40	43
190	112	32	46
200	109	37	40
206	101	34	41
212	90	44	33
216	82	38	44
228	83	31	42
231	81	30	41
232	91	32	37
235	87	33	40
224	74	44	49
228	83	39	43
234	84	31	46
233	92	37	45
240	93	26	49
240	106	35	38
254	105	24	45
259	118	28	48
272	119	27	43
278	118	29	49
290	121	27	48
298	120	28	49
301	120	33	51
305	120	33	51
313	117	32	50
310	111	35	46
313	108	28	51
310	101	32	51
300	99	34	53
293	94	34	50
286	92	36	53
279	85	33	57
268	96	41	51
256	95	38	54
251	98	35	56
233	110	42	52
231	118	41	52
230	120	40	54
228	130	39	50
231	137	35	47
233	133	41	58
229	135	42	48
219	120	37	48
209	110	45	59
206	111	43	54
210	109	38	50
196	97	38	57
186	95	39	58
176	88	35	59
163	90	35	55
152	91	35	60
140	97	40	57
126	101	43	57
128	107	34	61
123	131	37	41
122	139	36	39
122	134	38	43
129	142	31	41
130	138	34	45
123	111	41	54
128	107	41	58
129	117	39	77
127	101	38	79
124	92	44	90
119	89	38	84
117	85	34	90
100	81	40	98
83	47	45	78
79	48	49	71
67	54	51	57
64	56	50	58
60	60	46	57
62	58	44	55
55	58	53	60
52	69	49	59
52	70	56	59
52	80	55	48
50	79	48	51
44	76	58	61
43	88	61	55
40	88	56	56
42	85	64	65
43	93	64	61
45	104	65	58
49	107	66	60
51	113	63	60
54	119	70	59
50	129	80	57
64	137	75	60
76	138	72	66
70	148	88	59
88	155	77	55
97	156	83	58
107	159	74	61
120	159	81	53
125	161	76	62
148	162	76	57
144	156	78	59
154	150	80	58
156	146	75	59
173	146	48	60
178	145	74	51
212	142	57	51
192	131	63	48
183	126	79	55
218	117	63	56
228	114	44	59
186	103	41	61
177	106	77	56
175	103	79	43
175	92	72	59
173	90	67	58
172	103	60	41
158	96	69	53
177	91	56	54
169	104	59	50
169	108	52	54
142	103	60	48
167	106	59	62
150	113	52	49
157	120	52	52
160	120	65	50
170	132	39	42
173	115	54	54
174	106	59	44
172	101	69	52
175	95	65	51
174	88	63	53
164	77	64	47
161	69	64	49
157	68	59	51
144	69	56	47
132	74	54	52
125	77	45	50
124	87	54	48
111	85	54	56
118	91	48	58
117	101	51	59
115	112	43	52
109	120	51	54
103	121	55	59
104	132	51	53
103	128	57	58
106	146	52	46
110	143	49	52
117	157	42	46
127	149	52	56
135	160	46	53
147	157	51	50
152	154	49	52
159	147	32	54
164	136	30	48
166	146	54	47
169	128	59	57
169	121	77	49
170	115	43	54
169	118	51	56
165	114	53	58
168	103	55	53
174	111	54	55
173	124	34	51
167	151	41	46
190	122	48	56
185	128	39	68
188	125	31	73
190	135	40	69
191	137	48	67
193	148	47	40
208	160	34	58
210	164	30	60
213	165	32	64
217	175	31	55
219	191	31	43
222	180	28	47
223	180	33	42
229	184	30	50
227	184	32	39
228	186	33	44
242	178	30	48
242	177	30	46
244	165	39	53
242	161	32	44
243	151	48	49
242	141	40	45
235	136	31	51
238	140	27	45
228	136	28	50
226	138	33	48
213	146	33	45
213	148	29	46
211	152	26	47
206	160	29	38
212	167	36	37
207	167	26	38
209	165	29	40
214	154	34	37
210	145	35	42
211	141	35	37
211	133	30	42
200	119	36	49
195	112	29	42
190	109	24	42
170	105	33	47
156	105	36	50
140	115	45	42
140	123	40	47
137	136	35	40
133	144	38	36
130	151	40	36
135	162	32	41
141	165	30	48
144	168	31	46
144	165	34	46
153	156	32	43
156	154	28	42
146	138	35	44
139	128	26	43
134	120	31	46
133	120	28	40
118	117	30	42
112	121	28	45
104	131	36	31
102	135	29	42
90	150	28	42
93	168	26	38
90	178	30	37
91	186	32	43
97	190	33	45
109	197	29	41
105	192	38	45
111	180	40	47
117	173	37	44
120	162	39	44
109	144	43	49
112	137	40	47
110	127	44	50
103	126	51	55
92	127	51	47
94	136	51	47
94	147	48	48
92	160	59	41
93	168	54	45
92	175	52	50
100	174	55	53
107	181	48	50
120	184	45	50
124	182	50	51
130	171	58	59
128	168	65	58
127	159	75	56
128	151	76	58
164	148	40	52
138	163	37	38
139	165	41	41
140	151	64	56
120	158	79	41
134	166	73	49
123	178	73	46
149	161	58	76
157	164	61	72
160	168	57	71
194	168	40	65
171	163	67	75
203	150	48	63
182	152	57	70
184	137	63	72
166	123	73	78
167	104	64	86
174	107	39	80
159	116	47	85
133	125	59	89
123	138	56	84
79	138	34	64
122	175	54	74
142	179	43	77
153	187	28	58
148	191	35	39
133	194	59	44
89	211	82	38
103	184	75	68
109	169	69	84
116	159	57	70
138	149	30	65
126	148	31	69
116	149	34	70
109	158	31	66
102	168	33	63
90	175	44	66
58	192	64	67
71	198	48	61
96	205	24	51
102	199	24	59
97	208	32	51
102	206	36	53
80	200	60	59
80	199	60	59
64	191	89	60
50	174	95	64
76	157	69	64
73	149	72	68
107	142	34	54
108	135	32	66
92	134	49	71
73	155	61	66
76	162	58	68
84	180	37	67
69	185	59	73
84	188	51	71
83	196	53	63
87	191	57	65
94	185	56	67
112	167	43	72
103	167	57	70
111	148	46	71
107	139	49	63
104	123	50	71
104	109	49	87
104	88	48	76
112	83	31	60
100	98	36	82
95	104	45	76
100	117	34	76
100	121	40	71
107	126	37	80
110	135	37	77
118	142	37	74
130	147	39	73
150	148	34	73
167	151	32	68
180	141	37	71
195	128	33	75
204	111	33	71
208	104	43	74
210	97	39	68
207	98	40	60
194	86	43	61
191	93	48	63
181	102	50	61
182	118	47	59
175	132	53	69
174	146	53	67
173	163	57	49
188	174	40	70
203	197	36	49
204	200	34	56
209	202	48	56
197	181	54	64
188	169	46	41
211	190	49	52
201	172	49	68
196	178	56	65
202	186	40	45
170	174	56	61
158	169	61	65
154	183	55	49
145	197	64	48
140	196	62	52
157	200	48	44
153	206	40	43
136	190	54	50
128	182	52	45
136	170	40	51
124	166	52	45
128	143	46	57
131	140	41	48
117	115	49	57
132	130	37	32
123	118	36	41
103	107	41	50
90	109	44	52
80	117	49	48
78	126	44	51
70	137	56	50
69	148	61	38
55	150	68	37
63	155	66	33
76	156	51	52
80	156	39	51
93	154	47	45
103	148	48	44
113	135	44	52
115	120	46	53
123	115	43	52
111	98	48	48
106	94	53	48
90	83	31	44
78	88	56	49
75	105	59	48
69	114	62	50
63	131	68	43
67	142	77	39
64	151	72	46
72	156	63	49
71	160	72	52
85	170	72	50
93	169	71	57
111	167	68	61
141	186	57	43
151	169	57	59
129	143	49	72
132	127	41	45
122	131	56	35
112	113	47	51
105	119	54	82
99	107	53	94
82	106	66	106
86	115	58	97
77	129	79	90
146	138	73	98
70	141	68	87
88	153	47	65
103	160	59	66
115	150	62	80
113	134	67	86
206	147	67	112
220	91	53	84
223	108	46	102
204	125	40	69
202	146	43	70
197	163	50	82
111	147	114	112
78	156	70	101
91	160	49	90
108	168	50	87
116	185	63	74
122	205	62	54
128	198	65	60
130	174	54	71
109	156	84	68
140	142	100	116
129	133	96	94
146	171	71	86
88	163	116	65
112	197	106	47
96	174	83	57
100	181	82	46
104	190	37	35
112	189	53	53
135	176	58	73
142	160	76	80
148	151	61	79
139	119	68	83
148	106	51	70
126	108	62	82
124	106	59	86
118	109	58	77
119	115	54	69
117	109	55	84
123	129	33	74
129	107	52	76
128	104	46	76
117	88	47	63
114	79	41	64
109	84	32	61
114	85	41	69
123	86	32	65
115	84	56	64
115	99	61	35
102	90	57	35
109	91	40	47
125	86	29	49
132	82	30	44
130	74	31	46
135	69	27	38
136	66	36	44
131	63	37	48
135	68	29	45
129	70	29	42
136	76	23	49
141	84	23	47
139	82	28	39
137	83	26	42
131	63	26	54
80	15	45	41
138	71	19	45
137	77	24	46
137	80	36	46
132	97	39	34
139	91	29	41
149	91	24	43
152	91	26	43
145	95	37	36
149	90	43	45
159	84	27	44
164	92	27	40
164	87	34	51
159	86	43	50
163	92	32	52
172	87	33	58
170	96	47	48
151	93	64	58
171	102	52	40
190	96	27	58
195	94	31	60
186	97	39	62
185	102	34	67
198	97	28	62
210	100	28	56
211	108	32	62
201	102	70	75
163	127	50	67
207	113	39	70
217	110	32	78
210	113	38	66
212	108	29	70
212	107	42	44
205	121	34	61
193	124	56	62
219	110	38	70
191	105	61	75
212	97	41	75
222	101	33	69
223	114	32	58
223	91	32	66
212	91	37	68
207	85	36	73
212	88	27	64
200	86	39	67
199	92	28	58
187	83	35	72
184	96	41	64
178	107	55	66
209	110	33	57
201	122	38	63
213	95	26	55
201	94	27	59
199	94	24	56
190	96	28	50
183	91	29	53
175	102	26	48
165	97	32	58
150	102	48	73
180	113	38	53
197	109	36	49
161	114	54	30
163	105	42	39
152	101	46	36
143	100	45	44
147	100	55	46
152	85	77	68
169	91	34	54
167	83	29	61
167	72	24	52
131	82	49	45
140	82	52	41
141	85	79	48
135	91	72	32
147	91	52	35
169	93	40	45
162	88	28	39
140	90	41	32
126	80	43	38
102	84	46	33
122	80	39	41
116	79	56	52
123	80	36	48
118	86	46	41
124	93	54	40
154	93	47	42
162	95	53	43
177	97	52	38
178	95	49	29
174	83	52	48
165	86	55	40
168	81	42	47
153	78	42	50
136	88	62	32
155	81	46	51
171	90	48	53
157	87	59	45
171	91	45	54
162	94	53	52
162	85	49	62
135	101	68	43
147	110	59	47
156	96	56	77
168	108	55	73
170	124	55	62
171	123	59	69
161	129	59	59
147	121	67	66
137	113	59	76
118	112	60	73
114	114	68	64
114	125	77	69
140	135	55	73
142	158	54	54
132	139	61	69
105	137	69	56
103	123	62	66
90	118	58	71
94	72	63	51
86	128	61	70
101	141	61	63
106	154	58	53
96	138	72	57
97	132	66	57
96	116	69	63
99	97	57	76
102	62	41	98
105	104	34	69
88	123	52	66
93	116	51	75
99	100	46	90
103	122	47	70
97	124	46	61
95	117	53	74
94	106	50	71
84	104	45	72
70	106	47	59
74	108	47	59
84	116	41	69
90	130	44	55
97	126	41	52
104	114	44	55
102	113	49	41
110	102	45	50
108	101	42	58
103	110	49	34
106	104	37	51
91	125	43	31
106	122	35	48
113	128	33	47
117	129	35	43
130	121	39	45
138	110	44	41
153	97	34	47
153	94	38	37
166	84	32	46
166	76	35	58
151	87	55	41
166	80	35	61
168	94	25	68
168	88	22	60
166	103	23	61
120	104	60	74
223	78	47	75
173	84	29	67
184	85	32	60
199	83	27	51
201	76	27	44
204	79	28	40
197	73	28	45
195	73	26	38
181	77	33	47
179	80	40	58
182	79	29	61
194	87	43	58
215	91	34	52
225	88	38	52
234	82	42	50
246	78	38	49
251	72	42	48
255	73	42	51
251	75	49	52
248	81	54	49
242	88	45	46
246	93	54	59
245	98	52	66
242	108	59	55
241	120	56	56
239	122	58	60
224	127	63	64
218	133	57	64
213	137	57	65
203	144	62	66
188	151	62	72
182	155	56	66
167	166	59	66
156	174	53	65
144	175	58	68
134	179	58	71
122	192	57	55
114	184	51	66
99	186	59	57
100	181	49	55
105	195	41	52
94	194	43	52
80	181	52	58
79	181	44	53
81	189	44	51
59	167	41	50
69	166	48	50
62	153	52	54
61	141	45	48
52	123	49	61
57	130	42	54
41	111	47	54
45	113	44	56
32	93	34	46
28	97	43	50
28	58	37	50
37	116	38	44
39	123	36	39
38	127	37	40
41	128	33	43
36	125	39	36
39	124	34	47
26	112	37	38
32	126	48	47
32	128	46	44
38	137	53	48
42	140	52	47
50	141	51	43
60	145	53	41
69	147	55	39
79	146	53	42
87	145	56	42
100	147	56	43
114	144	55	43
126	141	53	40
137	138	50	42
137	132	50	44
162	140	45	35
164	133	55	38
159	125	59	41
167	122	56	42
163	118	64	44
176	114	58	48
181	109	50	48
174	106	57	44
170	105	63	39
175	99	55	53
188	96	61	50
198	99	68	38
203	94	57	32
198	91	54	51
178	92	57	28
238	95	33	40
251	75	37	53
250	86	44	53
256	71	43	50
261	74	41	46
262	85	46	52
249	85	48	49
255	83	40	53
249	81	51	55
198	79	74	65
218	84	59	79
193	79	78	86
172	64	81	79
196	74	74	91
203	89	57	95
149	72	50	93
162	80	71	81
129	85	54	65
158	85	69	79
123	82	79	68
117	82	63	67
137	84	68	66
104	80	56	76
100	81	91	79
101	71	86	93
151	90	52	77
147	107	51	75
145	104	60	67
104	112	41	72
106	116	62	71
107	119	39	50
113	137	69	48
115	149	94	44
149	145	73	47
136	151	91	49
174	150	98	45
126	123	88	42
144	142	98	71
162	139	124	95
92	139	120	102
144	121	119	106
149	80	117	141
157	142	126	112
185	129	121	108
179	131	100	106
136	101	86	125
165	140	67	92
103	124	107	85
125	95	92	114
143	145	92	91
162	116	87	95
159	149	84	86
139	151	104	74
153	132	89	75
164	158	40	40
163	153	56	42
176	155	49	39
181	143	49	46
187	142	48	46
194	139	50	49
205	134	47	51
205	143	47	40
215	139	43	43
226	130	48	42
224	138	45	42
234	126	57	49
245	122	47	48
252	121	44	50
253	121	46	51
265	123	41	53
272	121	46	62
274	122	48	64
284	116	45	66
285	121	40	62
291	119	45	64
330	105	15	73
292	121	44	62
287	121	46	60
281	122	39	63
261	122	41	64
250	122	47	61
239	114	46	69
225	109	44	72
213	109	46	68
195	105	48	81
185	102	44	67
170	106	54	72
164	106	39	69
148	93	48	82
138	92	52	81
131	90	50	81
117	91	58	72
107	77	55	80
100	80	53	78
88	68	47	77
81	73	38	73
73	74	39	66
60	70	43	72
52	71	38	72
50	75	43	67
41	72	40	72
38	70	42	74
30	69	39	75
25	93	45	75
24	104	42	75
22	90	33	76
30	86	38	67
26	99	43	80
27	117	36	71
10	103	46	78
0	126	41	77
25	114	50	72
18	107	35	77
17	124	31	68
28	125	27	63
37	135	28	57
44	135	25	57
50	126	23	56
48	131	27	45
53	129	26	46
62	132	16	40
65	133	19	35
71	124	18	44
78	129	19	38
74	126	25	38
69	113	28	49
67	114	27	52
60	118	32	37
61	119	26	38
45	113	45	45
50	135	58	32
39	130	36	41
40	139	43	34
35	140	40	35
38	149	37	31
44	152	28	27
45	154	31	34
44	158	34	35
48	162	28	35
50	162	30	37
56	163	26	39
59	164	33	41
67	166	26	41
69	172	32	37
75	173	32	41
88	168	19	44
96	168	18	46
101	172	18	39
93	167	31	47
101	170	34	47
97	168	43	36
78	142	94	68
98	165	45	53
106	164	39	51
97	167	47	45
91	203	62	36
111	178	78	41
104	157	48	64
119	158	53	46
123	169	37	55
118	171	38	47
102	197	68	30
103	139	62	42
118	126	89	52
21	195	103	49
26	194	98	54
98	142	56	61
118	138	39	64
105	144	57	62
113	147	41	64
110	144	44	61
79	146	68	37
72	153	63	48
71	132	61	60
65	138	66	53
69	135	50	57
62	138	55	48
60	133	53	53
51	125	55	63
36	132	65	67
26	108	54	72
57	126	62	51
50	124	72	70
46	133	67	69
63	98	59	72
67	137	44	54
70	137	57	57
88	130	45	55
83	136	53	54
95	138	40	55
85	137	58	55
105	140	43	52
102	139	55	53
121	136	45	51
117	140	45	48
123	131	49	54
107	131	58	55
122	127	55	57
114	121	72	59
138	111	55	60
153	98	51	60
160	85	44	61
172	82	33	67
159	91	49	72
155	70	53	83
158	60	50	77
162	59	50	97
166	49	49	81
171	30	38	69
160	22	62	82
161	30	35	60
159	4	56	73
161	0	53	72
158	0	48	62
173	71	52	46
157	0	54	36
158	0	55	39
157	1	59	31
161	5	54	39
162	10	53	40
149	6	59	35
153	13	44	33
149	6	52	46
150	1	50	50
154	0	41	72
150	11	44	75
135	29	62	62
123	45	61	62
124	69	62	55
122	80	60	62
127	98	50	60
121	119	56	60
116	137	58	57
125	153	55	57
121	166	65	56
133	178	60	55
74	168	109	53
129	182	62	44
125	171	66	49
115	175	76	39
122	171	62	38
131	170	55	37
117	167	69	36
119	159	57	36
125	156	62	48
119	147	83	45
119	155	66	35
116	135	55	56
112	140	58	46
115	132	54	44
120	126	47	50
107	116	51	53
108	116	43	52
106	104	41	63
97	111	46	42
88	130	43	46
3	137	61	36
10	149	52	41
12	147	49	45
15	158	48	48
76	166	42	58
68	176	45	55
67	183	41	62
63	183	45	67
46	190	52	56
53	197	42	55
51	199	41	44
69	188	34	50
54	194	38	43
51	194	35	43
53	196	30	40
40	189	40	48
51	190	29	44
44	181	36	46
44	171	35	50
30	165	42	51
16	160	50	62
6	152	54	67
12	161	43	62
0	152	51	64
0	138	46	57
10	156	43	61
2	156	48	60
13	168	36	51
7	175	35	54
14	179	34	52
11	188	37	49
14	185	36	60
18	184	35	61
24	192	39	54
31	187	43	60
42	188	44	57
51	188	45	59
63	176	44	68
77	181	53	57
91	178	54	58
95	162	58	66
122	162	51	57
155	155	35	57
168	147	36	54
172	143	44	56
178	133	52	56
189	131	55	51
204	121	54	51
216	125	50	47
228	117	47	56
219	119	60	49
224	108	63	62
235	128	54	45
223	111	59	54
243	112	48	44
246	88	40	82
222	88	59	74
232	85	43	72
228	82	40	75
198	69	59	80
220	63	35	67
201	72	47	71
189	72	54	68
155	93	77	41
179	70	41	67
163	69	52	63
163	67	47	67
155	64	54	69
180	106	81	37
132	63	71	51
147	67	65	63
133	59	63	52
129	59	55	72
89	77	78	54
88	78	73	51
75	93	76	52
71	93	70	62
60	105	66	55
51	120	63	47
39	131	70	47
32	130	67	53
20	141	64	48
14	142	62	47
6	151	65	47
0	156	57	49
0	163	51	47
0	172	40	40
0	166	25	50
0	180	22	48
0	169	21	56
0	169	13	55
0	156	31	47
0	176	12	48
0	188	15	47
0	193	15	46
0	182	28	41
0	193	22	47
2	192	35	51
6	182	41	64
0	121	28	80
8	162	47	63
6	152	51	63
0	140	56	64
4	131	64	31
0	140	57	58
7	138	59	56
0	119	35	39
0	132	61	45
0	140	54	67
5	144	65	59
16	127	92	85
20	116	90	110
20	120	91	110
30	148	64	84
34	150	63	58
48	151	66	63
74	156	53	58
71	163	56	56
88	161	56	54
109	154	44	61
122	153	45	55
136	145	44	60
146	137	45	60
163	137	38	61
167	131	43	64
175	129	38	65
185	127	33	63
188	138	33	58
191	138	39	56
194	132	32	52
197	135	36	52
188	133	41	40
189	132	46	42
194	131	39	43
191	127	38	52
186	131	46	46
180	130	42	45
177	134	42	44
174	134	37	47
165	134	43	47
159	136	44	48
150	144	51	37
160	138	51	45
164	130	52	55
153	135	56	49
119	150	55	59
150	135	68	37
119	142	78	40
154	131	54	45
150	127	87	47
141	125	49	54
132	135	48	46
132	134	43	43
135	140	38	45
131	138	43	49
131	147	39	44
127	147	37	47
116	149	47	50
115	145	43	43
122	161	38	44
117	161	45	43
109	166	42	45
105	167	50	52
107	171	52	53
108	171	51	54
121	172	47	51
111	163	53	56
115	167	50	49
113	164	61	51
111	163	64	54
124	156	58	50
124	159	64	40
116	156	59	41
114	163	67	53
145	163	40	50
118	168	64	44
137	162	63	57
119	143	81	66
143	147	62	68
141	131	70	80
141	132	63	74
180	125	42	77
156	118	67	77
143	117	81	54
136	104	92	79
138	82	77	78
169	84	54	85
173	69	48	78
149	73	67	80
176	50	38	99
150	42	64	89
144	23	69	88
169	9	47	78
164	2	52	89
172	1	42	78
145	20	54	52
119	26	74	46
82	68	72	42
117	30	37	51
117	24	41	58
42	19	94	38
117	30	40	67
86	25	62	83
173	8	42	87
134	30	64	87
120	39	57	85
133	41	62	84
138	63	63	78
147	71	57	92
158	73	43	65
153	86	44	78
155	100	46	74
158	101	47	79
161	125	42	67
166	119	44	74
167	103	50	99
154	135	52	72
170	144	43	77
158	144	53	59
150	138	48	57
159	126	75	70
157	129	47	47
172	130	37	75
161	131	42	75
158	127	44	60
152	128	47	75
155	115	41	77
156	112	45	62
145	121	39	85
158	121	43	84
149	143	64	88
141	111	47	81
148	120	43	74
147	114	48	86
151	119	39	79
155	97	44	80
170	83	43	82
156	97	47	79
190	93	39	84
190	75	34	75
200	74	34	77
191	74	35	79
197	81	27	59
198	77	36	54
196	71	32	49
178	64	40	54
181	73	37	50
177	81	33	50
171	78	29	42
168	90	30	48
158	80	35	39
153	95	37	46
155	108	40	56
154	115	35	57
145	115	42	59
151	134	35	58
149	155	34	50
154	143	27	61
155	145	25	58
152	161	33	56
139	157	47	55
142	155	36	60
130	154	47	58
139	155	39	60
140	166	38	60
138	149	40	80
133	163	35	67
125	162	40	66
120	117	33	90
106	163	45	66
122	168	36	73
125	175	34	57
101	178	32	56
80	160	36	77
117	177	34	66
78	161	33	68
72	152	40	66
63	165	59	73
60	145	36	79
52	72	41	90
61	164	50	60
97	178	44	48
82	164	59	57
79	173	61	46
100	172	40	44
90	166	62	51
85	172	57	37
91	166	53	40
83	162	69	45
89	151	61	47
98	150	50	52
98	147	45	53
81	139	56	56
73	144	67	58
98	136	40	51
99	134	39	51
74	129	56	48
87	126	45	52
73	123	58	49
85	118	49	49
78	120	51	41
72	116	53	32
79	114	53	32
80	115	48	29
89	106	49	45
33	154	52	56
76	96	47	46
77	102	71	46
88	98	53	51
73	101	53	61
93	97	38	52
98	99	40	69
76	92	58	61
77	99	30	59
121	97	35	49
85	113	33	46
92	114	28	45
95	103	54	40
122	103	41	53
110	102	46	72
109	84	49	85
102	48	43	71
110	59	44	69
102	77	39	70
108	62	47	71
110	59	38	74
123	50	40	83
119	56	64	71
111	60	46	60
123	54	33	38
125	50	31	34
129	48	35	37
125	48	38	42
127	45	42	52
135	50	36	51
138	46	32	46
139	49	39	58
149	59	64	87
155	82	58	71
162	75	40	75
168	76	33	77
168	73	53	88
183	77	41	81
185	80	44	88
178	78	39	60
186	81	30	40
188	86	50	67
193	87	38	72
189	97	39	75
185	98	38	70
185	105	29	75
179	114	33	70
172	124	30	65
171	125	33	60
161	131	34	55
155	133	35	54
151	138	33	53
146	144	36	49
133	151	47	46
144	157	33	48
129	163	46	39
151	178	32	42
152	180	37	38
157	181	32	38
162	183	29	39
169	179	30	43
179	177	30	42
185	172	34	45
196	168	30	42
207	166	36	41
216	159	34	39
232	154	31	39
234	154	37	37
238	145	41	38
244	141	41	40
249	133	45	39
257	131	39	30
213	119	67	25
256	116	49	33
261	109	43	42
257	98	38	46
244	90	52	41
255	98	47	29
254	85	38	39
246	87	45	39
242	82	42	39
234	80	44	41
234	78	38	39
218	69	50	45
214	70	43	47
202	71	47	40
196	71	44	42
179	77	54	38
168	75	48	40
155	84	57	30
150	80	52	42
142	92	49	40
137	91	47	41
123	94	54	43
111	97	47	44
107	107	47	42
93	109	53	45
86	114	54	45
86	119	51	51
73	121	48	42
73	126	53	46
53	132	60	40
45	131	60	40
32	134	77	42
37	140	59	37
52	135	59	48
68	132	44	50
66	138	47	57
56	154	43	42
25	132	59	56
63	135	58	57
61	143	55	58
57	144	65	48
69	151	52	53
70	161	53	45
63	168	56	50
59	159	68	49
74	165	53	64
76	168	55	62
83	171	50	72
83	185	47	54
89	181	46	63
88	181	55	70
90	184	48	69
95	203	45	51
100	195	46	64
108	204	50	55
113	210	60	46
115	215	57	44
138	215	48	44
140	210	57	46
148	207	53	40
154	197	51	46
166	196	46	46
179	187	49	39
181	183	40	44
191	172	41	46
192	164	61	41
210	150	39	51
215	148	39	51
220	129	33	68
226	121	38	54
219	127	52	43
230	114	38	45
224	109	52	40
232	86	40	37
224	88	38	41
238	71	33	42
237	71	40	43
205	51	59	25
233	74	32	44
232	54	34	53
239	50	32	52
237	59	28	35
236	49	29	42
234	44	27	44
227	43	29	46
222	51	26	44
212	47	26	48
208	52	25	48
196	60	27	48
186	64	28	45
174	70	27	48
164	80	29	43
160	84	24	46
144	92	25	44
133	101	26	44
119	107	28	46
108	115	26	47
101	121	30	48
93	130	30	49
81	125	40	44
94	124	31	54
100	119	34	76
116	132	29	70
112	112	32	63
115	96	26	58
113	103	32	49
112	93	29	45
99	86	38	48
95	91	38	45
91	91	29	46
80	98	55	41
90	101	41	42
85	95	40	42
102	86	43	53
102	80	44	47
103	71	46	51
97	72	46	56
98	74	53	52
95	86	49	49
97	103	52	35
90	117	53	38
99	126	58	43
102	137	54	45
103	145	75	45
118	141	52	57
118	138	57	64
134	150	47	62
128	151	61	46
128	153	63	49
141	152	60	46
139	154	70	50
144	157	79	50
168	147	64	49
164	158	67	44
175	150	61	50
176	164	59	43
169	145	80	46
196	147	70	42
186	136	74	54
215	130	87	44
203	117	73	48
169	116	97	56
157	107	103	50
166	102	90	60
161	108	96	60
163	131	43	41
199	96	42	60
163	93	61	74
177	90	47	59
165	107	42	64
176	100	29	53
160	127	37	47
116	120	71	55
96	138	98	51
102	129	91	72
107	150	84	63
132	145	65	72
148	150	50	89
143	156	67	79
122	161	80	75
122	173	81	45
134	168	81	66
162	176	65	50
161	173	70	56
145	167	79	51
165	160	72	60
162	146	70	44
168	145	74	73
161	135	83	58
164	134	77	63
156	131	79	61
157	128	66	63
153	123	71	66
149	122	63	54
137	115	70	56
133	115	66	62
132	100	61	73
124	100	64	76
110	117	59	73
115	115	58	66
110	128	53	44
107	135	56	43
102	143	63	46
115	136	61	50
120	135	41	47
123	139	40	53
129	145	40	43
131	143	41	52
142	132	42	57
153	135	39	57
159	140	37	49
165	135	34	50
172	130	35	50
183	121	34	52
192	114	33	48
200	109	31	47
204	99	30	54
201	91	34	55
210	88	25	55
209	81	31	54
203	80	43	63
211	74	38	75
210	78	34	66
206	76	29	56
204	67	32	68
199	95	34	52
197	80	30	64
195	86	36	61
197	96	34	61
204	95	35	69
203	100	40	60
210	114	39	58
220	122	36	55
226	126	38	57
229	129	45	56
245	134	40	57
252	133	43	55
257	134	43	57
264	137	46	57
268	139	48	53
275	135	46	54
281	133	47	56
277	139	47	46
274	124	57	55
269	129	62	43
269	116	59	52
272	108	49	57
267	98	49	61
253	103	50	57
232	113	61	49
233	108	50	53
225	107	52	54
211	105	54	59
186	116	64	46
183	109	59	59
178	116	55	56
167	113	58	65
163	121	55	56
156	131	56	52
176	120	36	45
168	126	47	45
178	125	35	60
162	141	49	51
155	146	60	48
168	144	55	60
182	149	45	53
205	134	39	57
164	145	60	40
195	142	46	36
177	139	58	43
173	129	57	48
170	125	59	45
190	116	46	48
166	120	57	40
157	117	58	39
148	110	59	45
147	103	54	44
136	102	58	49
121	105	53	38
115	109	64	43
111	113	57	48
95	114	60	46
92	118	59	43
88	119	66	49
80	131	55	40
77	136	62	43
87	141	52	51
84	154	51	51
89	157	54	59
109	161	43	54
80	168	44	58
100	174	55	53
104	174	51	54
112	175	54	54
127	178	46	49
131	178	51	53
143	175	49	52
153	171	47	54
162	164	48	56
173	156	46	57
167	154	52	60
177	146	58	64
171	157	59	49
181	140	59	61
184	128	58	65
195	132	60	49
192	105	60	68
201	130	52	40
203	94	53	55
205	104	48	51
201	80	48	43
214	75	36	55
203	81	43	51
209	89	49	56
213	96	39	54
182	87	56	61
181	93	62	61
193	95	42	59
191	111	49	44
187	119	49	47
208	122	43	44
201	116	42	52
192	110	44	52
205	113	43	48
203	108	47	57
200	114	45	52
204	115	43	52
203	108	41	51
205	111	39	48
214	104	40	48
208	98	39	50
210	95	33	50
199	84	42	49
194	78	37	51
186	71	39	51
182	71	32	50
168	69	33	47
162	64	27	48
150	67	28	47
140	66	32	49
127	69	28	46
115	72	30	46
114	73	31	49
103	74	28	53
97	82	28	51
75	86	42	52
77	86	34	57
73	92	34	55
72	99	31	54
61	110	40	46
69	116	34	49
73	120	33	40
76	113	32	42
77	106	29	41
81	108	30	44
81	101	34	46
90	94	29	44
93	80	31	42
97	73	32	41
96	68	33	46
97	61	33	42
97	50	31	43
86	38	36	47
82	36	34	48
73	28	36	48
71	30	36	52
59	36	40	53
53	43	36	53
48	49	42	58
42	59	46	55
38	70	44	53
37	77	45	55
34	80	46	51
35	90	49	53
31	92	49	53
43	100	43	53
40	102	52	54
48	105	48	53
42	107	63	57
41	105	73	66
44	109	68	69
78	113	57	61
108	107	49	61
82	106	49	60
85	98	55	69
138	108	46	56
144	103	51	58
159	106	55	56
127	87	92	75
127	87	64	77
136	88	53	67
135	91	62	67
143	93	76	68
137	91	48	39
136	93	52	35
146	91	41	29
147	96	42	38
145	103	36	36
147	113	31	33
128	127	54	28
150	125	64	33
184	138	57	50
192	137	43	51
171	121	71	57
169	126	54	57
186	131	52	43
187	118	40	50
191	118	49	49
200	113	51	55
204	105	54	46
208	108	52	44
215	98	50	54
221	94	46	54
222	92	49	43
229	67	51	56
229	62	48	58
223	58	55	57
224	52	49	54
217	45	43	36
216	45	45	52
212	40	48	56
203	35	53	54
190	36	47	56
181	40	51	49
164	38	52	51
157	39	54	48
144	46	53	52
139	47	54	54
124	58	55	57
108	67	54	52
112	67	51	54
101	80	51	49
101	84	54	41
102	82	47	48
96	94	45	54
121	123	41	39
130	107	40	48
137	119	33	40
98	85	49	59
107	83	60	50
93	96	52	52
98	109	55	53
93	88	56	59
105	77	47	80
81	86	49	82
89	91	47	75
94	82	47	87
89	82	52	88
83	88	47	86
84	96	44	81
77	98	41	72
81	89	48	86
75	100	51	79
91	102	36	77
162	67	34	81
80	88	40	83
65	102	42	82
76	113	37	76
82	97	40	84
87	106	38	80
90	102	38	86
98	112	34	77
103	104	39	84
108	106	43	84
117	109	37	80
115	115	39	84
127	127	32	76
120	132	45	73
128	117	47	82
139	120	47	77
152	131	38	74
157	130	38	75
151	137	45	69
169	139	35	68
165	152	38	64
185	143	30	71
188	156	26	66
187	158	37	63
199	160	37	59
202	173	31	51
201	175	38	54
213	178	37	49
204	173	53	54
205	172	53	60
223	171	43	68
224	153	43	65
239	161	39	71
229	154	42	64
243	162	43	66
252	160	38	58
261	147	35	62
250	149	58	58
232	148	44	61
229	138	43	62
265	129	48	65
266	121	49	65
280	121	37	52
265	121	46	54
264	118	47	55
246	121	64	39
249	117	52	46
251	108	45	61
243	110	55	58
238	106	50	52
224	105	59	49
216	98	57	62
215	99	57	62
200	106	54	48
198	99	53	60
180	98	57	63
166	115	57	48
158	103	58	55
143	109	60	51
155	98	44	61
121	115	60	47
111	111	55	57
90	114	66	52
105	115	48	55
76	122	59	57
59	128	74	60
45	141	74	51
42	149	78	41
48	151	65	59
45	161	65	65
25	176	66	56
67	192	89	52
75	167	66	53
68	171	48	44
79	156	41	36
67	161	44	48
17	135	54	36
54	155	61	59
42	144	69	61
69	148	53	61
52	153	66	41
72	146	50	54
61	150	50	55
70	135	56	69
63	138	56	62
93	120	45	76
89	117	53	78
97	112	45	77
108	106	42	76
118	103	40	84
111	104	52	81
73	122	43	66
72	116	44	74
84	114	37	76
94	122	39	76
97	121	72	72
104	118	66	76
119	134	68	64
136	104	74	98
157	119	64	85
158	114	58	90
163	114	58	87
179	120	54	66
174	108	60	73
182	107	59	75
180	106	43	72
191	115	38	72
197	108	30	81
211	122	44	71
204	128	47	64
214	134	39	59
216	130	47	56
212	123	45	67
219	124	49	63
227	128	45	60
223	119	49	63
223	120	46	41
233	117	42	61
234	115	50	62
239	115	44	58
235	110	51	59
247	121	46	44
245	112	40	49
242	104	50	49
244	98	48	61
242	90	41	60
239	85	40	57
232	85	36	53
223	71	38	61
216	68	47	50
209	63	41	56
201	67	43	56
182	63	46	55
175	63	42	58
160	64	47	55
145	68	44	56
131	73	45	59
118	80	44	58
110	90	41	53
100	97	44	54
92	105	44	59
91	111	38	59
84	114	40	66
86	123	32	58
76	131	35	46
72	129	41	48
69	124	37	51
65	121	39	62
58	126	31	55
65	149	39	43
61	147	36	39
57	129	34	54
53	127	33	51
45	107	28	67
40	117	36	57
33	113	32	64
22	108	38	68
7	98	46	86
5	105	42	81
0	95	36	84
0	112	32	75
0	115	49	70
0	118	17	65
0	123	27	58
0	132	40	76
0	187	18	72
0	141	36	66
0	149	27	71
0	154	29	56
0	150	33	54
5	156	39	56
2	139	54	72
2	135	63	78
13	139	63	73
22	123	64	79
34	127	70	67
45	110	72	75
76	121	76	59
92	109	71	62
84	87	62	80
102	88	79	73
112	73	92	87
164	76	59	79
151	62	49	77
195	82	53	80
175	57	43	75
192	57	81	84
218	79	53	82
194	60	38	72
251	69	43	53
256	70	29	51
245	76	33	42
247	76	28	39
244	79	32	40
195	66	68	53
186	86	78	40
210	95	49	46
178	84	59	48
178	88	66	52
194	85	62	51
179	97	66	47
208	91	54	59
198	98	46	55
186	100	71	56
191	100	66	52
187	110	44	50
188	107	62	55
196	118	57	53
180	138	42	35
189	124	58	44
179	123	60	53
182	123	61	56
182	140	61	45
189	137	49	45
192	129	48	55
190	132	53	44
177	141	55	45
174	149	48	46
175	154	55	43
172	155	58	46
167	154	59	43
167	143	58	52
158	150	60	47
156	150	63	54
143	154	41	62
148	154	57	42
155	161	52	51
147	153	61	53
138	152	68	56
132	148	45	52
131	148	57	48
128	140	67	52
124	145	60	47
127	144	64	49
132	143	66	52
135	139	63	64
94	145	84	49
108	141	72	51
94	142	74	50
89	140	64	58
76	137	62	56
71	133	57	58
63	138	48	50
63	138	53	57
46	136	64	61
36	141	62	55
35	140	62	60
35	143	72	52
52	164	58	46
35	162	61	49
35	161	62	54
36	172	61	52
37	174	57	52
43	179	64	60
57	183	57	57
58	180	61	61
71	181	59	60
75	173	64	59
81	175	65	58
93	170	63	60
107	162	59	64
119	159	60	66
133	160	53	61
147	159	45	66
157	156	48	63
155	152	61	62
176	148	39	65
182	144	36	66
191	153	36	62
191	152	37	56
197	149	37	54
202	158	35	48
191	150	39	49
196	152	38	38
183	160	49	54
193	154	42	40
204	153	30	49
195	165	30	52
192	181	33	50
191	187	30	52
190	193	27	53
182	191	36	56
184	195	32	51
189	203	30	52
180	209	37	43
188	207	31	51
185	202	38	50
189	200	35	50
193	198	34	55
197	191	35	62
199	188	40	54
204	180	39	57
211	172	40	56
218	159	44	61
225	146	39	63
227	135	44	63
227	132	37	62
236	117	34	63
232	114	46	53
233	88	51	57
230	85	52	60
235	77	48	55
230	80	48	63
228	70	47	63
235	66	42	66
229	60	44	64
224	46	45	74
226	51	46	70
213	52	50	66
204	55	53	62
192	59	57	55
186	58	54	59
195	57	51	66
185	72	51	52
183	64	50	67
174	78	53	57
173	79	49	56
166	88	57	54
183	84	44	66
179	74	49	71
201	74	36	53
191	96	38	55
205	100	26	56
208	98	30	58
194	91	48	53
196	86	49	46
216	73	49	50
201	76	54	61
205	77	55	44
213	72	46	55
199	81	50	45
213	59	47	55
211	47	50	64
211	47	47	63
198	47	51	56
205	43	41	60
195	34	43	59
196	35	43	55
177	33	47	54
186	30	39	53
174	30	41	52
167	27	41	54
151	30	44	53
147	34	44	51
142	37	47	50
