0.063976
0.173053
0.180926
0.126266
0.176779
0.151658
0.113775
0.168017
0.150447
0.228112
0.190673
0.187996
0.113179
0.092128
0.126719
0.160964
0.182341
0.172999
0.179311
0.171349
0.183246
0.228498
0.197528
0.161966
0.137399
0.169255
0.184857
0.148528
0.180861
0.184468
0.110144
0.140092
0.253232
0.201342
0.144122
0.266758
0.148682
0.195316
0.105865
0.139751
0.142667
0.142840
0.157203
0.189075
0.221879
0.202374
0.227261
0.116799
0.165809
0.194823
0.254634
0.154454
0.224615
0.174622
0.130281
0.164711
0.141228
0.122253
0.113790
0.221740
0.124879
0.144446
0.212247
0.153764
0.125776
0.151786
0.180915
0.244875
0.185235
0.160631
0.143177
0.188179
0.181744
0.159706
0.163419
0.180874
0.214182
0.195689
0.169504
0.167899
0.244095
0.137272
0.133798
0.125820
0.150999
0.157716
0.119882
0.143819
0.119402
0.120284
0.144458
0.142456
0.146749
0.226731
0.112212
0.109107
0.126169
0.106651
0.141640
0.133659
0.120114
0.175645
0.137898
0.187681
0.138155
0.120363
0.202025
0.184996
0.138810
0.116712
0.116696
0.093181
0.097745
0.188208
0.141557
0.140670
0.123764
0.142263
0.152221
0.169966
0.183129
0.123531
0.149401
0.122653
0.096448
0.159080
0.118713
0.163474
0.124910
0.094683
0.130749
0.115907
0.115150
0.099296
0.146155
0.131709
0.179641
0.137650
0.188630
0.158644
0.132619
0.166650
0.177490
0.142621
0.114747
0.130436
0.122615
0.118520
0.141709
0.142095
0.140652
0.156645
0.093367
0.145716
0.107662
0.118373
0.158115
0.120721
0.124731
0.132716
0.124173
0.131010
0.113656
0.116504
0.129793
0.106677
0.120217
0.136604
0.101680
0.138920
0.166249
0.113927
0.129382
0.095905
0.162029
0.136748
0.106820
0.114873
0.135213
0.167720
0.127795
0.138758
0.151707
0.127675
0.128644
0.111501
0.112660
0.185918
0.178745
0.185741
0.132701
0.170802
0.164706
0.121695
0.173892
0.146500
0.165903
0.128329
0.210784
0.204337
0.142242
0.122980
0.131657
0.119187
0.148345
0.134852
0.172223
0.196071
0.129750
0.157890
0.201815
0.153606
0.134008
0.174854
0.150697
0.134725
0.127254
0.137026
0.164072
0.140641
0.130722
0.155770
0.141265
0.149030
0.138691
0.115691
0.121651
0.150729
0.142054
0.120174
0.128224
0.153101
0.206185
0.135179
0.153477
0.125779
0.165759
0.148707
0.165895
0.118509
0.148416
0.114616
0.114512
0.116442
0.207285
0.148475
0.158085
0.138821
0.121650
0.129685
0.145684
0.117948
0.125889
0.136937
0.120838
0.174592
0.105736
0.102515
0.183738
0.118601
0.124615
0.184742
0.134709
0.158267
0.165688
0.185505
0.239368
0.174366
0.187830
0.147914
0.213691
0.161261
0.143206
0.153289
0.123535
0.153899
0.176095
0.130564
0.152043
0.153940
0.128225
0.111836
0.131989
0.170870
0.195572
0.119675
0.098644
0.097776
0.155268
0.104735
0.108612
0.124510
0.118034
0.149163
0.132870
0.097770
0.105194
0.135487
0.108632
0.104620
0.167511
0.139544
0.166660
0.122681
0.103622
0.150294
0.134611
0.178420
0.167216
0.158771
0.132077
0.138468
0.145030
0.133694
0.123001
0.153208
0.160940
0.137647
0.140986
0.159636
0.128699
0.125657
0.144144
0.149944
0.142593
0.154645
0.214948
0.120493
0.175083
0.159639
0.141119
0.120660
0.137263
0.128344
0.129865
0.189508
0.140965
0.142110
0.203622
0.159170
0.192634
0.120636
0.124566
0.145296
0.129861
0.115385
0.127920
0.112870
0.117378
0.115240
0.135545
0.137710
0.124626
0.186862
0.112422
0.129774
0.123664
0.140738
0.148609
0.168746
0.102013
0.193174
0.133621
0.120777
0.135873
0.148464
0.202326
0.209007
0.118737
0.139568
0.148643
0.153804
0.173931
0.189008
0.126548
0.152681
0.152349
0.129496
0.165680
0.112374
0.123624
0.144780
0.097788
0.152640
0.135659
0.099741
0.112205
0.177750
0.125091
0.178690
0.202410
0.159345
0.179946
0.175619
0.165788
0.115227
0.156010
0.149051
0.163141
0.122085
0.139344
0.125793
0.126376
0.133757
0.124758
0.125288
0.191184
0.136178
0.148796
0.163505
0.142837
0.257741
0.152003
0.128599
0.143665
0.167991
0.115554
0.113669
0.142787
0.119235
0.141326
0.138502
0.124818
0.195519
0.188166
0.171841
0.130645
0.112963
0.145681
0.128678
0.195821
0.199596
0.161231
0.126985
0.123947
0.160531
0.133551
0.163349
0.140150
0.162618
0.159290
0.187645
0.134682
0.164570
0.158699
0.114219
0.159014
0.123809
0.138446
0.118721
0.134608
0.145770
0.134572
0.133361
0.171743
0.152782
0.126969
0.179734
0.179639
0.143006
0.158674
0.121670
0.174949
0.178676
0.169025
0.172480
0.130752
0.096102
0.143557
0.112093
0.141048
0.115735
0.125439
0.113378
0.113575
0.081733
0.106672
0.104252
0.112640
0.146673
0.144747
0.171340
0.144411
0.112449
0.134768
0.095625
0.150877
0.103751
0.134982
0.116131
0.171994
0.165636
0.146408
0.110704
0.136708
0.157896
0.162037
0.163738
0.154663
0.123708
0.134684
0.180683
0.174823
0.162425
0.143358
0.124523
0.160765
0.145267
0.126581
0.144336
0.111720
0.123711
0.167039
0.110437
0.127883
0.121117
0.122892
0.105737
0.088958
0.097980
0.169775
0.137757
0.128730
0.111433
0.069685
0.116781
0.076674
0.136979
0.135593
0.102841
0.136660
0.169746
0.163739
0.168743
0.120973
0.180777
0.165454
0.124399
0.180626
0.155170
0.120865
0.117685
0.134054
0.114948
0.108390
0.166718
0.110525
0.140687
0.118194
0.177355
0.107947
0.128031
0.111756
0.181724
0.146884
0.198030
0.189673
0.114414
0.133162
0.153487
0.218017
0.229074
0.148655
0.153249
0.131649
0.126691
0.150367
0.116685
0.113705
0.102853
0.171263
0.138473
0.197474
0.135248
0.159299
0.134743
0.136750
0.127985
0.126581
0.137183
0.112606
0.096569
0.142710
0.093487
0.159332
0.170335
0.146567
0.124554
0.103620
0.133130
0.167083
0.093200
0.120412
0.184942
0.140717
0.120758
0.205904
0.192539
0.187297
0.153085
0.162779
0.132219
0.173763
0.103716
0.130787
0.146760
0.142786
0.148006
0.134920
0.166647
0.144632
0.142085
0.172514
0.102425
0.115613
0.154006
0.169587
0.121723
0.132806
0.082210
0.102804
0.104159
0.107807
0.104249
0.096814
0.123660
0.177264
0.089331
0.123848
0.148702
0.157731
0.150705
0.166787
0.189670
0.147627
0.136451
0.104694
0.089340
0.099838
0.154478
0.165654
0.146900
0.130824
0.160717
0.123688
0.115658
0.206668
0.148666
0.116721
0.131198
0.179678
0.177564
0.170297
0.125608
0.158636
0.135958
0.174114
0.107824
0.121140
0.129642
0.126710
0.206777
0.126562
0.116694
0.152689
0.115298
0.190189
0.157430
0.172713
0.119750
0.135746
0.171782
0.231761
0.169668
0.209181
0.210084
0.134653
0.180081
0.172623
0.164635
0.170647
0.177044
0.189761
0.098905
0.132770
0.145000
0.160753
0.139255
0.182142
0.162291
0.135716
0.144681
0.109796
0.107453
0.122695
0.126631
0.120740
0.161539
0.142102
0.172351
0.128063
0.112273
0.126067
0.114928
0.112317
0.137392
0.158842
0.135565
0.110387
0.102869
0.124779
0.140536
0.132574
0.133717
0.160931
0.116652
0.112735
0.165712
0.127737
0.132008
0.121475
0.146767
0.133705
0.152883
0.140546
0.155734
0.180717
0.174243
0.155564
0.168294
0.191458
0.145814
0.103909
0.121719
0.142714
0.178072
0.158239
0.124374
0.191756
0.127585
0.117512
0.148799
0.135141
0.169849
0.128181
0.126245
0.130176
0.160361
0.091832
0.112313
0.155948
0.109303
0.131861
0.124693
0.117689
0.111043
0.138829
0.143225
0.124689
0.130834
0.175359
0.151759
0.098418
0.113846
0.105866
0.094727
0.117526
0.102831
0.107691
0.156271
0.119707
0.095882
0.151900
0.089680
0.099237
0.094820
0.125371
0.178076
0.127703
0.119143
0.099652
0.139663
0.118177
0.125693
0.115546
0.163589
0.128392
0.146715
0.124719
0.143760
0.116730
0.107153
0.158799
0.159188
0.121902
0.144114
0.118772
0.110866
0.121760
0.133702
0.169859
0.117670
0.165091
0.131216
0.132300
0.130298
0.125289
0.137776
0.135010
0.153223
0.145693
0.104970
0.146180
0.199675
0.145731
0.184697
0.146716
0.135794
0.120945
0.121087
0.156013
0.141316
0.145783
0.113729
0.157739
0.145236
0.187785
0.132054
0.111682
0.133391
0.083610
0.117231
0.207391
0.131876
0.147612
0.111848
0.128045
0.162256
0.149017
0.136699
0.137442
0.132698
0.148711
0.165206
0.150641
0.156687
0.137522
0.111500
0.098135
0.131951
0.160434
0.253984
0.160294
0.145822
0.152356
0.178802
0.197464
0.196486
0.182761
0.119713
0.121985
0.122411
0.092043
0.120810
0.122184
0.153203
0.156059
0.182506
0.140019
0.121965
0.141843
0.153752
0.206783
0.103224
0.168435
0.130823
0.138983
0.135809
0.151901
0.163717
0.180814
0.130644
0.128638
0.183912
0.138203
0.110767
0.119027
0.092271
0.162181
0.195019
0.181782
0.115507
0.147078
0.120679
0.122774
0.112477
0.119029
0.119107
0.102642
0.118312
0.131383
0.160389
0.140743
0.118620
0.106959
0.146766
0.179741
0.105283
0.123271
0.174784
0.159762
0.104943
0.120780
0.162709
0.141549
0.143854
0.090123
0.162130
0.141789
0.151670
0.118716
0.154069
0.103886
0.121668
0.178232
0.135473
0.160830
0.154042
0.175575
0.160766
0.121767
0.113595
0.130609
0.144794
0.118426
0.174241
0.161512
0.133644
0.156748
0.134030
0.138438
0.181511
0.126897
0.171810
0.152576
0.142240
0.174230
0.092661
0.104747
0.136179
0.190807
0.127339
0.123112
0.108401
0.104375
0.137775
0.159020
0.133777
0.106722
0.181395
0.155426
0.145652
0.135234
0.175933
0.146786
0.112759
0.126732
0.117741
0.192770
0.156129
0.168554
0.118257
0.138314
0.136775
0.147595
0.152127
0.186774
0.114641
0.110186
0.107650
0.117240
0.120504
0.173099
0.172029
0.168223
0.168713
0.109738
0.110811
0.116448
0.156607
0.113724
0.212746
0.148477
0.100711
0.116117
0.148195
0.182956
0.184369
0.111097
0.105395
0.150657
0.091062
0.092690
0.118612
0.116748
0.132675
0.109729
0.096009
0.102289
0.086522
0.106716
0.179244
0.138227
0.166142
0.139257
0.118403
0.119840
0.167524
0.180293
0.161739
0.136811
0.126373
0.112964
0.168832
0.141012
0.174788
0.134948
0.124207
0.170888
0.186715
0.099706
0.163526
0.149892
0.112698
0.118646
0.131697
0.163994
0.161063
0.162342
0.135775
0.091910
0.106449
0.125950
0.097266
0.124128
0.118801
0.150349
0.151031
0.164866
0.143340
0.172149
0.134052
0.126352
0.114356
0.132638
0.126731
0.142105
0.140202
0.202022
0.149949
0.135591
0.130331
0.117940
0.113476
0.150830
0.130603
0.121499
0.133514
0.133999
0.098167
0.175827
0.176828
0.258615
0.121352
0.161105
0.133626
0.164771
0.274014
0.185796
0.150188
0.170642
0.141336
0.218185
0.146776
0.131735
0.156471
0.119644
0.121468
0.156353
0.158691
0.172095
0.143705
0.143008
0.148117
0.146845
0.161830
0.139380
0.119939
0.122386
0.160752
0.138861
0.120761
0.120083
0.150779
0.125542
0.100093
0.135821
0.258421
0.166683
0.208706
0.206692
0.138744
0.142746
0.145597
0.140728
0.168802
0.149101
0.124652
0.119221
0.117707
0.122997
0.105269
0.166628
0.123777
0.191517
0.151698
0.160170
0.160997
0.180753
0.155776
0.122464
0.108733
0.135499
0.184587
0.182775
0.135716
0.159761
0.122265
0.140955
0.100807
0.131359
0.129750
0.125812
0.156448
0.125774
0.132818
0.115281
0.159071
0.151281
0.117433
0.115435
0.183435
0.134261
0.119054
0.119718
0.150769
0.117778
0.144794
0.128077
0.188196
0.175805
0.136429
0.130557
0.148890
0.198322
0.121804
0.143341
0.187891
0.145904
0.153309
0.130141
0.107821
0.116188
0.115158
0.114118
0.104254
0.146633
0.116920
0.101574
0.108760
0.130902
0.128339
0.124647
0.095401
0.089532
0.103375
0.122296
0.100536
0.114463
0.110309
0.136113
0.122509
0.118632
0.108759
0.117148
0.119955
0.141527
0.149279
0.161758
0.147769
0.128753
0.127754
0.130737
0.160722
0.133229
0.109944
0.116873
0.142833
0.140107
0.122650
0.139413
0.171711
0.159008
0.161705
0.148178
0.189556
0.134757
0.277852
0.187240
0.165775
0.131255
0.198791
0.169773
0.109754
0.126553
0.139625
0.120431
0.161508
0.131713
0.183593
0.172350
0.183049
0.242073
0.139034
0.123999
0.162190
0.127825
0.132042
0.132192
0.193044
0.104330
0.157624
0.099043
0.097623
0.104643
0.122243
0.139667
0.125496
0.158298
0.181159
0.138136
0.155724
0.097676
0.157966
0.114768
0.088708
0.141773
0.112904
0.109287
0.111647
0.115209
0.145709
0.163500
0.105670
0.149317
0.133777
0.109685
0.125946
0.121134
0.110138
0.165575
0.104873
0.127673
0.116616
0.116687
0.179050
0.148659
0.152622
0.157717
0.111775
0.128129
0.154713
0.134913
0.155741
0.214141
0.159738
0.195214
0.118701
0.122796
0.126769
0.134703
0.131279
0.177712
0.135702
0.105744
0.161709
0.103729
0.133665
0.185746
0.135417
0.112532
0.104154
0.124609
0.114698
0.113285
0.101240
0.132630
0.125300
0.149309
0.132194
0.105149
0.169954
0.152324
0.104666
0.080765
0.111201
0.163029
0.115246
0.127070
0.126413
0.109627
0.125718
0.125905
0.186241
0.141068
0.136945
0.147595
0.136659
0.125697
0.110427
0.122266
0.133846
0.171273
0.218765
0.154166
0.150496
0.159545
0.150547
0.162636
0.145827
0.142098
0.136615
0.135287
0.134943
0.100172
0.123314
0.113735
0.111580
0.147295
0.123194
0.171252
0.209644
0.140730
0.164041
0.133820
0.252116
0.141103
0.152705
0.154503
0.136519
0.158144
0.131583
0.124760
0.126761
0.187979
0.135745
0.134160
0.124365
0.132931
0.155200
0.151806
0.150773
0.113360
0.145093
0.164029
0.122125
0.114658
0.106122
0.110151
0.109706
0.125075
0.132738
0.132302
0.131050
0.111755
0.137754
0.138683
0.122221
0.099816
0.125898
0.130672
0.189806
0.170781
0.146235
0.151728
0.151747
0.178693
0.185124
0.130564
0.163775
0.155750
0.198966
0.163169
0.146720
0.164214
0.230886
0.159894
0.145628
0.138677
0.168515
0.138844
0.145710
0.139351
0.194746
0.164334
0.162403
0.108669
0.108444
0.109751
0.094790
0.156765
0.118719
0.089820
0.133886
0.117036
0.147316
0.129688
0.158957
0.258978
0.149319
0.158793
0.127084
0.146201
0.158356
0.157385
0.144804
0.133355
0.113851
0.143852
0.152153
0.191545
0.122684
0.110110
0.128453
0.134156
0.138192
0.151715
0.119667
0.132691
0.171583
0.178764
0.112229
0.132865
0.132280
0.146210
0.147210
0.132734
0.155801
0.157776
0.124620
0.166320
0.152781
0.116149
0.151713
0.166723
0.158757
0.163710
0.182793
0.114443
0.138451
0.144902
0.173720
0.130121
0.153268
0.134123
0.175272
0.169332
0.160661
0.149634
0.123207
0.126694
0.125092
0.114903
0.180053
0.127138
0.116796
0.138746
0.234932
0.179013
0.127747
0.157641
0.192487
0.135219
0.205215
0.134761
0.136442
0.119319
0.135460
0.112320
0.238794
0.116500
0.122760
0.107070
0.115688
0.217143
0.139870
0.185341
0.160076
0.164760
0.161372
0.169184
0.175869
0.148416
0.219695
0.241497
0.164579
0.112629
0.190781
0.153737
0.165791
0.167253
0.175740
0.131841
0.123089
0.092353
0.131673
0.106791
0.176379
0.144398
0.125346
0.174983
0.191411
0.170366
0.185591
0.149467
0.163336
0.133276
0.175313
0.146770
0.196421
0.106595
0.185846
0.134099
0.133357
0.124368
0.164313
0.138907
0.165032
0.183201
0.162830
0.167579
0.135557
0.185576
0.224380
0.240870
0.171499
0.153550
0.143573
0.174570
0.181521
0.145328
0.100088
0.174678
0.170353
0.179367
0.169768
0.198045
0.136140
0.167352
0.202459
0.103760
0.110604
0.144430
0.160464
0.167426
0.169900
0.134522
0.117682
0.114330
0.185151
0.121490
0.127679
0.146731
0.151587
0.133545
0.185063
0.160846
0.136976
0.145223
0.168215
0.155768
0.152567
0.127786
0.125440
0.158491
0.118811
0.150846
0.155218
0.166194
0.190011
0.151688
0.129495
0.130543
0.121515
0.116402
0.125691
0.129208
0.125698
0.108976
0.155003
0.172017
0.123141
0.142256
0.144560
0.099888
0.177344
0.125403
0.179399
0.140371
0.135967
0.163675
0.185922
0.139221
0.130376
0.135686
0.244419
0.139396
0.132901
0.162424
0.195387
0.132299
0.131317
0.139396
0.212172
0.162036
0.144827
0.138382
0.120678
0.203982
0.122116
0.105255
0.169765
0.130191
0.160821
0.139157
0.172361
0.126343
0.178347
0.171799
0.156725
0.146381
0.162473
0.123601
0.122441
0.106423
0.119716
0.088930
0.115059
0.118732
0.124164
0.105169
0.113287
0.119913
0.124409
0.105625
0.104469
0.124434
0.106399
0.106423
0.120043
0.135340
0.100718
0.096015
0.117631
0.140068
0.122717
0.114901
0.111901
0.118144
0.106630
0.124562
0.106222
0.138553
0.122728
0.132366
0.099149
0.103920
0.109639
0.121769
0.122517
0.125120
0.105376
0.125778
0.166773
0.111033
0.115546
0.144099
0.132428
0.123991
0.111646
0.105294
0.100211
0.174194
0.137789
0.125762
0.142538
0.116522
0.164860
0.096759
0.245456
0.179303
0.111754
0.102891
0.100048
0.120742
0.106276
0.094116
0.144056
0.129017
0.090460
0.156137
0.165143
0.141369
0.118715
0.117577
0.119725
0.132401
0.129452
0.151359
0.103349
0.100725
0.077416
0.126358
0.116878
0.113343
0.112220
0.118920
0.151866
0.153677
0.107639
0.109802
0.117433
0.121378
0.100385
0.117333
0.111482
0.127025
0.124142
0.124274
0.105456
0.141386
0.133006
0.184043
0.129056
0.119915
0.111327
0.109808
0.137201
0.159558
0.138401
0.126649
0.116688
0.117968
0.124382
0.144395
0.165806
0.104800
0.088118
0.133706
0.117507
0.151435
0.162367
0.120893
0.131136
0.124418
0.159668
0.095956
0.119138
0.109178
0.178447
0.183227
0.112352
0.148448
0.132795
0.134064
0.175737
0.163719
0.248862
0.157326
0.140507
0.135399
0.167377
0.158520
0.132278
0.143655
0.146386
0.137392
0.129053
0.157300
0.183619
0.154387
0.140803
0.139516
0.179713
0.141767
0.216930
0.139873
0.172349
0.117759
0.124703
0.139924
0.155314
0.135178
0.137740
0.125654
0.145398
0.152253
0.218019
0.192415
0.125376
0.141473
0.124172
0.119677
0.123034
0.127388
0.147367
0.141595
0.109379
0.163417
0.147388
0.191215
0.176710
0.136556
0.135814
0.144468
0.107453
0.109134
0.112143
0.184810
0.125612
0.117452
0.129393
0.132111
0.161519
0.141137
0.161545
0.188014
0.112817
0.083675
0.128790
0.127811
0.106324
0.107603
0.190801
0.179497
0.123379
0.134215
0.122392
0.165236
0.155337
0.103183
0.096961
0.180795
0.144169
0.122748
0.136783
0.112802
0.168803
0.127779
0.149748
0.150139
0.146158
0.143356
0.145755
0.160096
0.099208
0.137790
0.139907
0.114864
0.148392
0.189790
0.124521
0.101980
0.143341
0.185350
0.139571
0.201488
0.147460
0.156564
0.145222
0.208215
0.123152
0.143547
0.134697
0.180997
0.167561
0.144198
0.126979
0.132014
0.116944
0.161868
0.187844
0.137296
0.108006
0.145813
0.132813
0.130764
0.149864
0.121811
0.137866
0.100768
0.105112
0.179304
0.128259
0.169128
0.129959
0.150892
0.160766
0.145702
0.154412
0.228764
0.162740
0.117213
0.133584
0.145700
0.162755
0.118806
0.155780
0.124603
0.152394
0.117770
0.160165
0.143365
0.133290
0.148097
0.107216
0.139021
0.164748
0.156259
0.142137
0.143813
0.151772
0.153273
0.145333
0.145129
0.166659
0.114770
0.125392
0.216225
0.160718
0.185565
0.147167
0.171832
0.166076
0.156702
0.135170
0.139744
0.092997
0.132618
0.121986
0.167144
0.138713
0.121877
0.155805
0.208712
0.151804
0.153588
0.167395
0.155547
0.131397
0.169127
0.114322
0.112950
0.141127
0.127802
0.159269
0.151296
0.165844
0.165604
0.147579
0.157514
0.131185
0.131409
0.118544
0.171492
0.172385
0.162901
0.149440
0.129731
0.141246
0.238906
0.128734
0.133751
0.147757
0.135278
0.152456
0.224567
0.157713
0.155046
0.185879
0.226505
0.164653
0.182258
0.140874
0.163778
0.111142
0.100098
0.145942
0.124712
0.165761
0.121706
0.161694
0.136490
0.167717
0.143685
0.166221
0.146781
0.130707
0.132789
0.157240
0.148798
0.182771
0.132567
0.142954
0.140966
0.176910
0.131890
0.160013
0.205360
0.112265
0.209653
0.156765
0.150846
0.156989
0.122129
0.134718
0.136063
0.167238
0.104040
0.134648
0.162510
0.128484
0.115437
0.128094
0.131725
0.118444
0.144793
0.096023
0.149090
0.133011
0.159450
0.163548
0.130600
0.174713
0.184789
0.162231
0.223097
0.131670
0.158484
0.134451
0.131280
0.137740
0.137419
0.110917
0.171417
0.161035
0.132586
0.135531
0.121267
0.135260
0.151786
0.143691
0.150221
0.124204
0.120841
0.152792
0.118553
0.134306
0.154358
0.175458
0.164700
0.140607
0.156308
0.134480
0.114398
0.171646
0.110724
0.127596
0.105549
0.099640
0.109733
0.152102
0.112681
0.133723
0.142398
0.109071
0.114180
0.127863
0.106607
0.136947
0.129305
0.137415
0.129185
0.108257
0.126526
0.115705
0.140965
0.113013
0.111841
0.128015
0.104300
0.116891
0.099424
0.095228
0.117450
0.125248
0.115242
0.124262
0.139986
0.118726
0.182966
0.110059
0.109542
0.123164
0.122425
0.107473
0.144378
0.147259
0.100445
0.110467
0.135358
0.124417
0.107954
0.112487
0.112841
0.097034
0.141280
0.149209
0.142336
0.153099
0.130799
0.142749
0.127758
0.105529
0.129303
0.111701
0.204134
0.116203
0.195127
0.121479
0.176447
0.169371
0.164737
0.170208
0.134890
0.170706
0.117115
0.105793
0.193096
0.174438
0.169864
0.119387
0.150047
0.182996
0.125463
0.190992
0.132368
0.149508
0.176214
0.189032
0.152786
0.124413
0.123074
0.167121
0.092655
0.110709
0.160149
0.115478
0.118766
0.164777
0.135273
0.135867
0.143797
0.116172
0.158828
0.148805
0.144769
0.179772
0.173299
0.159122
0.170810
0.202552
0.150123
0.128372
0.124761
0.186974
0.212146
0.119907
0.168602
0.142807
0.195856
0.164977
0.162684
0.165297
0.145242
0.182669
0.128653
0.144076
0.164786
0.140088
0.140759
0.141755
0.124508
0.167818
0.130060
0.113412
0.146922
0.099315
0.105130
0.170573
0.143142
0.143323
0.146675
0.135789
0.097635
0.102336
0.146835
0.133825
0.159558
0.143084
0.124380
0.141539
0.155420
0.132590
0.127545
0.126500
0.125028
0.122688
0.090209
0.116735
0.137655
0.124345
0.159175
0.145236
0.150241
0.150364
0.245512
0.136434
0.160008
0.155967
0.146372
0.139468
0.114247
0.119630
0.185663
0.108086
0.124080
0.102729
0.113350
0.141360
0.145553
0.148227
0.130366
0.122760
0.147352
0.132670
0.127857
0.130584
0.167948
0.115150
0.119925
0.126936
0.140107
0.118692
0.126435
0.164716
0.143764
0.167209
0.127083
0.135055
0.161327
0.140386
0.134596
0.116566
0.113096
0.111069
0.134101
0.109815
0.154628
0.132671
