157	130	22	57
150	123	45	60
138	126	45	66
147	110	68	57
144	104	50	68
148	119	49	59
133	98	64	57
162	96	65	59
139	104	62	61
185	92	50	64
151	84	76	69
148	89	73	54
135	83	65	53
66	89	82	66
5	149	62	46
0	150	64	57
0	134	63	67
0	155	51	52
8	156	47	51
0	149	53	65
116	123	55	50
101	113	53	54
107	112	54	62
125	115	65	53
161	123	66	55
236	131	53	75
225	129	43	73
231	121	48	60
221	121	70	63
228	111	60	63
175	114	59	61
118	117	62	61
165	114	69	57
173	108	49	58
104	110	64	57
148	163	52	55
185	109	67	59
223	113	50	54
208	102	63	58
216	82	52	53
210	103	41	52
201	96	49	53
223	97	67	69
176	89	62	58
158	100	48	57
134	99	62	64
147	100	50	58
133	105	49	64
108	111	54	84
116	119	44	71
115	115	43	91
127	139	38	73
110	82	67	81
88	126	51	78
171	121	52	59
143	129	58	67
141	107	68	78
202	110	73	65
222	98	60	60
185	90	54	55
172	90	71	69
115	140	56	61
119	136	63	66
117	141	58	56
120	123	62	69
118	135	39	58
110	128	54	58
109	126	62	69
121	112	47	59
102	104	66	61
115	112	56	69
103	91	61	71
133	87	51	59
147	91	67	65
127	80	81	61
131	77	77	64
131	86	63	63
138	92	51	63
122	83	74	66
130	95	63	67
145	107	72	65
153	106	64	62
154	107	65	66
159	120	81	69
161	129	66	59
69	112	87	69
56	146	61	64
62	148	48	59
69	132	39	57
74	142	44	54
83	127	53	62
81	131	59	57
102	133	39	63
111	114	55	58
123	122	51	64
130	107	69	68
122	101	63	65
137	104	62	63
153	99	56	62
156	98	47	61
142	82	54	68
141	81	68	69
143	75	66	57
139	71	68	62
150	61	64	59
123	66	66	58
101	66	79	66
111	68	68	59
104	73	53	56
120	77	43	52
108	75	46	53
93	82	59	57
98	83	77	53
76	98	64	65
82	98	74	64
99	114	66	62
65	120	62	66
90	116	71	71
42	129	79	69
66	138	52	69
71	138	45	71
59	141	56	69
58	120	49	75
53	103	48	79
71	159	46	58
49	154	51	60
53	160	69	64
157	147	62	52
163	149	51	58
158	145	42	58
154	147	39	58
154	122	47	68
124	164	53	58
118	151	47	58
113	151	52	56
87	141	50	70
141	112	53	62
98	128	51	61
132	107	58	57
211	128	46	59
164	95	49	67
156	98	64	60
181	112	65	69
178	97	69	68
154	85	57	74
97	87	73	64
76	89	79	73
30	94	65	73
44	153	39	75
52	176	33	68
57	189	33	60
60	198	32	58
62	207	35	52
62	209	32	50
60	226	44	33
72	225	50	34
100	173	45	64
49	108	49	78
50	102	68	78
62	95	67	89
72	86	77	95
94	86	58	87
100	71	69	78
110	70	55	80
119	60	61	85
121	48	60	77
124	44	56	63
126	39	56	55
123	31	51	61
122	12	49	76
123	38	71	68
121	17	52	75
110	19	65	91
112	35	54	67
95	13	54	90
83	13	48	89
75	16	43	84
66	27	33	76
44	22	34	81
31	22	40	83
27	9	43	62
9	0	66	56
35	8	34	73
34	7	33	71
16	25	38	75
39	108	40	60
58	113	57	69
83	103	64	63
105	102	45	57
120	105	66	64
136	114	67	54
178	74	71	78
177	113	75	60
208	155	38	51
200	138	47	67
191	110	59	62
140	139	73	61
124	140	88	88
149	164	63	86
148	149	79	75
118	135	117	85
112	131	125	78
198	160	114	65
189	143	107	82
161	132	88	58
177	153	70	59
193	158	64	50
207	172	46	47
246	141	57	66
223	142	53	38
215	151	43	53
208	138	43	52
171	173	48	57
211	162	48	66
261	149	44	61
230	172	42	58
238	153	42	59
241	155	48	54
214	140	54	63
220	140	41	58
194	131	40	55
264	116	34	54
274	102	37	60
230	117	34	54
210	125	50	58
236	102	48	73
251	119	46	81
256	98	38	74
214	102	48	61
251	62	39	70
249	64	59	63
227	84	50	76
238	43	50	75
246	67	59	91
252	87	45	78
245	84	48	80
241	85	55	75
235	40	59	82
234	16	52	93
265	33	42	74
248	83	40	61
204	136	39	63
190	144	46	69
171	158	36	67
199	133	37	63
135	147	53	65
164	144	53	63
148	156	77	66
173	182	73	67
110	144	47	58
153	147	71	66
164	170	49	53
168	164	44	55
146	163	51	69
142	160	52	62
99	159	49	72
45	132	62	64
101	150	50	67
117	148	49	68
97	137	42	65
79	155	41	58
36	150	42	65
35	101	37	67
48	155	55	65
97	199	30	56
99	204	28	55
69	187	44	68
107	109	62	50
101	103	44	64
113	107	45	61
65	132	75	87
114	109	48	66
188	117	47	69
191	130	41	60
169	103	38	60
123	94	42	63
160	89	45	61
130	88	51	68
67	81	55	52
87	88	42	65
66	74	37	73
65	89	44	69
55	101	50	68
55	172	53	65
69	165	32	66
58	182	29	55
50	184	33	52
41	191	32	57
42	197	34	59
40	202	30	54
39	188	28	55
0	149	23	55
0	141	25	56
34	173	41	61
30	183	42	61
50	158	46	56
51	162	36	55
29	146	45	67
57	165	47	64
73	164	37	62
83	163	31	61
88	156	38	61
87	152	35	64
94	159	42	60
105	169	38	66
99	136	33	62
116	145	56	60
107	155	52	69
118	141	42	62
154	151	38	51
163	203	32	56
166	202	27	55
177	202	25	57
183	160	29	61
191	189	26	56
191	188	26	58
196	167	31	61
200	173	27	61
180	131	45	64
128	105	55	62
94	94	80	64
117	87	69	86
131	66	72	65
94	86	91	82
85	71	72	79
93	83	57	59
53	105	60	68
47	100	52	56
54	104	48	57
63	103	43	61
97	109	51	66
63	131	61	72
42	111	63	60
56	136	61	64
115	127	54	61
71	133	80	73
71	143	57	55
113	148	53	47
100	147	48	59
102	149	50	59
152	153	50	55
176	134	56	53
157	162	84	77
117	151	107	77
133	163	79	79
60	154	66	59
85	165	43	56
82	160	36	67
87	166	32	56
90	167	35	56
100	168	32	53
76	165	40	49
92	151	44	46
86	157	53	54
99	144	47	64
139	194	42	63
128	208	40	47
125	199	44	46
117	192	44	46
109	188	38	47
88	171	51	53
93	191	39	42
92	184	34	41
87	179	39	50
90	171	34	47
79	165	28	48
76	145	30	61
47	161	39	63
68	179	29	59
67	170	31	64
60	170	32	58
47	167	41	58
24	161	43	65
32	170	39	64
29	168	37	61
43	164	23	56
37	174	30	50
37	178	25	46
31	185	34	41
31	186	41	40
31	187	47	45
32	188	46	46
35	183	47	52
62	173	26	48
53	200	46	44
69	212	41	43
92	215	29	44
104	205	33	54
114	212	30	47
130	205	25	54
126	212	38	47
142	214	34	45
163	195	29	51
168	161	39	57
129	145	44	60
123	145	60	63
143	156	44	66
112	131	60	73
2	119	60	62
10	115	61	65
59	148	59	55
63	134	65	64
6	78	64	69
22	114	59	58
45	134	44	55
5	82	43	68
0	97	53	61
0	75	51	75
16	82	48	60
0	105	12	69
0	94	10	51
13	103	27	39
34	85	29	62
93	90	31	52
86	114	47	61
70	114	69	61
76	99	59	63
162	101	51	62
146	90	56	56
154	84	57	72
85	68	84	75
194	132	43	54
171	150	65	49
164	148	33	57
168	152	31	63
158	163	41	67
151	161	31	60
150	180	22	51
137	168	25	49
135	195	26	51
129	196	27	54
105	178	33	64
49	217	29	42
40	215	38	44
61	213	25	46
61	215	26	44
62	213	30	46
72	212	28	47
74	213	29	46
77	213	39	46
93	211	40	48
84	202	32	57
96	183	45	70
97	184	42	62
98	192	40	67
122	224	40	35
120	199	35	57
95	178	34	60
85	138	44	74
15	125	41	95
7	89	49	79
12	79	45	76
17	91	49	74
16	70	51	66
51	66	33	71
44	66	32	61
29	0	51	75
11	67	52	63
3	79	55	61
25	0	41	76
0	102	39	66
17	127	52	76
0	126	22	76
0	143	18	65
0	163	19	57
3	174	43	55
0	195	21	55
0	191	44	59
0	191	49	68
81	164	31	62
93	153	24	55
92	139	30	66
80	147	48	88
42	73	50	76
122	72	46	62
163	76	40	66
139	72	47	66
136	72	53	58
114	94	53	61
112	100	54	59
91	71	50	57
132	65	51	54
105	80	64	70
145	60	55	57
167	72	67	58
120	127	52	69
120	143	76	74
22	99	71	75
40	121	58	58
46	94	54	76
41	88	49	76
50	76	36	79
48	101	36	70
48	94	51	73
54	83	58	82
59	87	47	79
79	84	39	74
89	98	32	69
87	107	52	66
91	78	52	62
100	92	52	57
104	63	63	63
120	81	60	57
119	77	54	66
125	72	62	63
110	70	88	66
121	62	70	77
138	54	59	58
158	57	50	65
154	61	66	75
162	49	61	65
164	44	57	69
164	34	72	71
188	42	56	69
196	49	45	67
196	41	51	66
214	49	44	66
195	45	49	59
139	92	43	59
117	136	49	63
112	146	55	50
115	141	56	59
128	140	50	65
129	122	55	71
101	84	61	74
166	0	37	67
156	0	33	59
143	0	27	59
120	0	30	51
105	3	28	57
83	1	26	56
65	6	30	59
42	8	24	56
33	11	25	59
4	9	35	63
12	29	36	67
88	47	39	55
82	57	53	55
68	84	45	67
70	133	35	63
32	95	64	59
41	89	70	59
71	76	76	61
59	100	58	58
59	77	60	61
108	78	67	59
89	80	48	58
71	93	55	55
88	81	48	56
99	84	60	56
90	94	56	57
55	67	43	69
66	63	55	63
94	63	50	64
83	59	45	63
108	66	46	49
110	59	64	62
138	54	56	64
150	47	65	66
172	43	53	66
187	37	58	65
201	34	54	62
215	24	51	78
223	12	42	67
233	24	51	63
239	17	56	66
230	1	57	69
227	0	62	47
259	43	42	51
259	36	47	52
227	10	43	62
211	8	50	57
214	9	41	62
192	40	46	62
182	62	35	64
123	49	59	75
180	0	49	56
189	11	36	58
169	13	33	57
153	18	28	55
145	38	25	47
138	51	24	51
125	62	23	49
113	90	43	46
91	103	48	52
106	135	38	52
80	148	52	63
77	144	44	68
83	163	45	53
71	179	59	60
50	167	48	58
55	169	46	75
61	178	48	60
82	183	59	57
75	175	47	62
92	176	42	69
100	177	32	61
103	156	38	62
121	106	47	63
147	110	40	55
135	136	42	68
112	159	43	69
126	123	64	62
98	111	46	62
109	60	53	59
57	80	64	53
144	75	73	65
141	52	87	72
168	73	71	60
165	60	56	74
154	54	59	62
144	48	80	74
147	50	53	65
130	15	110	88
125	41	73	75
17	0	76	51
13	0	69	53
7	14	62	60
0	32	55	64
5	53	46	55
0	58	41	62
2	79	44	66
10	93	63	56
0	127	41	46
5	136	66	53
0	125	42	40
0	137	40	48
21	167	60	57
27	161	63	80
3	152	74	80
16	145	67	74
11	150	74	64
10	146	66	47
76	179	37	54
83	179	31	51
93	165	31	62
82	152	40	65
96	154	33	64
105	155	32	58
109	140	27	59
101	91	42	67
148	71	38	67
139	72	51	60
138	50	56	52
100	34	58	50
25	56	50	44
29	69	46	38
18	70	58	40
24	68	40	47
0	80	36	51
12	82	50	48
22	84	36	47
8	95	51	47
0	100	42	50
0	99	53	49
6	108	47	42
33	91	47	46
0	120	53	52
0	122	50	47
6	122	50	50
6	107	56	41
16	112	51	49
20	103	52	47
24	103	50	36
33	104	46	42
32	104	49	39
37	108	51	55
37	101	54	54
40	93	51	54
41	98	70	39
47	85	67	44
44	69	58	42
51	60	45	66
54	41	41	70
72	72	52	61
75	71	47	71
70	131	50	67
115	179	29	64
115	163	32	60
113	174	35	51
116	166	35	54
107	155	41	60
106	163	39	57
90	158	45	58
80	152	46	65
70	153	45	78
110	96	40	71
66	78	71	99
75	79	59	71
77	105	43	70
88	102	33	67
93	111	36	66
104	83	48	70
109	45	43	69
90	43	67	78
106	29	45	61
144	56	43	54
114	60	49	64
100	70	54	66
121	68	51	61
141	56	54	65
167	67	48	60
194	35	41	63
146	57	51	61
115	75	41	53
87	78	46	57
105	77	47	56
122	64	42	61
135	59	42	67
132	63	48	62
114	129	32	62
123	136	39	68
130	127	33	69
139	127	33	62
138	122	32	66
137	122	35	64
165	152	40	64
147	151	43	67
105	165	40	65
101	166	33	62
165	161	32	66
161	158	34	64
94	184	46	75
95	170	43	81
115	86	48	88
136	33	34	76
128	39	32	49
112	38	34	51
100	41	51	44
71	40	58	53
94	78	27	51
80	52	39	49
88	90	34	50
86	90	26	55
79	100	31	63
81	109	30	54
71	120	44	57
76	122	39	59
88	127	46	51
81	136	48	45
116	125	30	56
88	149	40	43
87	154	36	47
84	153	41	44
96	154	48	43
91	144	35	65
98	145	38	68
110	76	46	54
125	72	47	58
119	78	54	65
141	61	46	39
123	63	63	38
136	63	50	37
137	62	55	56
155	61	49	58
147	45	44	55
164	65	59	57
102	59	72	71
127	53	47	61
144	31	50	54
146	19	48	59
187	18	44	54
150	31	47	60
158	14	29	59
138	32	36	56
150	36	54	52
201	21	54	59
197	20	63	51
232	16	56	83
264	49	53	56
261	39	40	65
270	52	35	55
258	22	43	67
248	20	47	66
230	60	41	70
229	70	32	70
209	62	29	57
211	23	39	61
174	37	37	62
177	6	29	61
123	43	43	58
122	55	44	54
123	70	41	56
106	61	64	72
120	77	46	55
135	68	61	71
190	34	56	62
116	83	42	55
131	84	56	53
117	68	83	71
104	135	55	71
153	84	60	64
175	82	65	61
215	84	75	43
228	55	52	55
287	64	49	71
245	83	60	65
243	102	48	72
210	196	43	49
212	174	54	48
232	147	38	61
243	129	38	60
260	110	37	53
264	82	33	49
274	70	32	53
218	77	50	42
256	54	52	53
280	52	50	52
266	50	54	55
269	57	49	61
267	55	45	62
255	41	49	67
235	26	45	71
249	5	41	59
195	31	71	60
197	22	70	56
214	1	60	68
198	4	66	76
184	29	56	52
163	30	72	59
147	52	51	47
141	56	49	46
129	66	52	54
145	109	36	62
107	99	38	55
89	80	56	60
71	114	46	65
62	128	44	60
54	124	41	54
53	148	49	64
32	150	50	62
14	155	43	80
23	133	36	60
12	129	36	66
1	127	48	77
27	160	42	80
104	167	32	58
102	162	43	70
34	171	45	57
111	157	37	50
116	153	32	64
126	141	39	76
118	150	45	72
131	160	42	75
107	119	42	65
53	71	36	61
54	90	38	68
44	69	43	69
119	49	50	61
124	41	47	59
112	47	56	51
151	40	47	60
96	95	42	70
102	104	37	73
111	81	39	76
130	95	34	66
118	88	45	78
157	102	36	64
147	93	44	64
173	95	36	64
182	86	33	64
185	84	41	65
200	73	35	65
206	60	45	76
222	75	48	62
196	75	52	66
200	81	47	59
201	89	39	69
222	89	59	79
229	89	50	71
237	122	32	63
240	137	47	60
251	138	35	69
260	134	41	62
249	101	38	56
190	114	47	67
150	113	45	69
148	74	43	64
138	82	33	59
125	86	48	59
128	73	66	55
108	99	50	74
98	100	41	71
179	82	34	60
156	68	35	68
180	38	35	74
159	23	30	69
137	21	33	57
110	18	36	70
92	31	34	79
60	32	29	63
41	31	28	59
27	34	26	54
25	50	46	49
8	36	26	56
12	18	24	59
0	0	40	52
0	26	38	61
30	69	37	45
71	90	37	54
137	90	51	57
166	88	71	86
183	125	51	66
156	71	83	76
203	148	50	57
222	158	35	54
231	152	43	55
228	150	36	63
236	116	41	70
243	143	39	62
214	147	45	59
199	183	54	55
182	113	60	56
144	76	48	76
161	73	61	78
171	45	53	65
195	41	38	69
212	40	36	76
225	34	38	70
231	23	33	73
236	11	41	66
244	11	47	65
266	30	48	74
212	14	35	77
141	49	51	71
108	73	58	65
169	12	75	65
199	34	52	55
178	31	47	61
210	32	56	58
157	77	74	39
163	82	78	42
172	47	56	60
183	23	50	59
182	24	54	58
186	37	39	60
169	11	28	60
162	25	26	52
158	41	43	39
146	56	55	35
140	73	57	31
138	73	60	39
133	79	64	50
136	88	52	58
120	98	58	62
111	106	49	66
122	132	52	51
92	126	52	46
94	138	55	44
70	136	53	45
39	140	38	41
40	93	51	69
26	77	50	73
25	50	51	54
10	68	67	71
0	60	66	80
6	31	69	79
102	90	63	60
116	89	53	54
97	92	61	50
109	93	51	51
86	80	63	58
67	74	71	42
102	101	42	48
74	79	64	42
117	68	61	56
80	102	69	55
66	98	66	49
93	125	53	46
81	117	62	49
10	128	55	33
2	144	50	54
17	150	62	62
41	175	58	57
54	181	61	45
78	149	59	60
108	180	55	47
137	175	59	53
149	171	62	45
169	163	61	44
184	160	58	37
217	153	49	53
228	139	47	59
238	153	49	56
240	137	56	63
248	122	51	65
274	102	48	61
257	114	53	71
270	114	37	65
246	107	57	72
250	109	51	65
257	54	52	72
246	38	46	75
242	39	51	69
227	22	51	79
218	10	43	80
215	17	33	81
169	7	34	80
168	0	33	78
145	13	36	68
111	2	43	68
79	0	62	69
51	0	55	64
23	0	62	78
9	11	57	80
0	20	50	68
0	38	32	60
25	63	54	27
38	81	42	46
48	75	55	47
56	77	51	51
110	124	37	57
92	119	54	57
72	113	73	64
115	140	57	63
137	116	56	56
116	97	74	68
102	101	83	85
126	89	66	76
156	96	55	64
92	107	50	61
82	105	51	56
103	104	67	59
36	53	62	79
40	54	54	79
54	49	52	91
72	51	47	78
77	48	46	73
93	51	48	76
114	41	47	68
128	30	42	73
127	32	58	84
141	31	54	83
163	46	44	69
168	41	45	70
180	88	55	49
199	36	58	58
191	44	64	67
169	34	76	69
188	28	78	72
196	67	67	72
183	37	47	57
177	35	49	57
177	47	44	58
200	34	49	72
181	66	54	76
179	45	57	78
188	47	58	74
158	41	46	69
136	51	54	69
154	109	69	58
161	80	57	52
163	102	76	71
148	100	71	60
146	111	59	53
167	116	54	56
162	114	44	57
159	127	40	54
150	119	42	53
143	93	54	55
108	102	62	58
102	125	48	53
86	119	47	52
76	113	35	61
47	107	40	59
8	85	37	74
42	93	71	80
66	91	62	70
62	79	51	74
30	90	52	72
45	74	53	71
85	64	72	59
59	55	79	73
14	82	64	57
37	149	48	54
33	162	56	61
31	149	54	60
48	92	55	50
46	85	57	52
63	103	72	50
66	109	49	49
35	99	62	53
0	104	42	54
32	105	62	54
74	117	56	49
87	108	56	58
99	94	57	63
29	147	58	48
53	152	52	41
76	144	52	38
103	136	56	44
122	126	59	43
147	114	59	44
137	173	61	48
161	128	48	49
179	118	51	50
167	99	74	67
207	51	72	75
202	38	57	61
201	26	62	57
191	29	59	59
209	22	60	70
205	2	53	75
219	36	57	53
189	39	54	49
154	0	52	67
174	53	69	56
142	52	67	45
160	65	55	51
154	68	58	60
184	74	43	61
192	82	39	77
148	93	73	91
123	121	59	91
137	143	40	68
147	116	40	63
150	129	41	75
171	122	45	63
153	119	55	71
146	122	47	69
146	114	44	62
132	137	54	78
107	133	70	62
115	146	70	44
71	65	72	63
52	129	68	48
32	139	42	68
20	89	47	37
21	90	37	41
16	103	40	43
22	92	30	49
12	91	33	51
33	84	40	44
38	75	45	42
57	69	58	48
95	71	53	44
111	77	50	51
131	89	34	50
142	96	30	47
145	91	50	52
146	114	46	45
159	113	54	55
168	120	36	53
155	143	57	47
176	138	33	36
198	141	36	46
205	151	55	40
216	146	33	41
227	147	40	42
237	138	37	62
252	151	41	59
243	128	39	56
248	135	50	59
248	109	47	62
222	81	72	42
247	41	46	56
244	69	60	59
231	82	48	63
274	110	36	53
263	114	47	48
270	71	44	43
264	119	51	38
257	111	56	50
254	94	43	53
254	114	60	53
238	78	61	77
244	95	50	66
243	123	34	71
222	167	49	53
221	143	43	63
216	133	46	67
217	141	48	68
216	155	45	57
223	158	53	56
227	170	51	49
231	125	36	47
240	144	31	47
248	156	42	53
263	186	56	40
254	173	62	44
262	167	54	52
250	152	56	58
238	163	59	38
268	157	64	43
267	141	32	48
262	141	39	47
253	140	40	45
233	149	45	44
236	132	41	50
235	118	32	53
224	115	36	56
208	118	67	58
213	124	56	59
210	77	61	75
266	14	47	65
279	22	54	61
289	17	38	66
270	16	59	65
250	44	74	82
226	5	84	64
220	32	64	65
219	48	52	66
221	61	43	62
209	67	43	67
171	76	68	62
193	86	65	58
196	65	73	66
155	80	69	48
173	83	78	67
170	61	55	63
151	71	82	70
170	76	54	70
154	61	64	79
153	75	40	61
133	72	40	59
108	62	55	59
130	48	63	64
211	27	80	66
138	41	50	65
136	36	62	58
128	36	61	60
191	69	59	55
186	67	55	63
192	71	52	53
195	49	59	63
188	45	54	57
126	40	77	62
132	29	71	73
157	46	83	68
235	65	78	78
224	60	74	76
218	13	73	69
202	110	51	49
184	121	69	45
193	109	42	54
171	115	66	56
127	151	81	63
174	144	65	69
93	83	76	71
138	97	55	66
131	72	56	70
144	102	56	74
196	104	65	66
161	79	65	67
170	70	46	62
193	84	41	62
193	82	42	68
125	78	55	78
110	76	64	56
65	41	60	69
76	82	68	53
128	80	48	54
131	63	59	60
187	39	68	59
138	53	44	65
146	132	42	67
117	118	41	70
140	105	46	69
133	121	59	75
138	104	51	71
121	49	52	58
116	42	64	52
117	32	67	57
104	12	63	50
87	27	78	61
154	31	60	64
89	59	59	65
82	48	45	66
66	52	48	79
72	117	29	62
67	71	41	71
72	126	31	65
72	135	33	57
67	148	38	65
81	134	31	55
66	151	48	57
81	166	45	68
114	162	25	50
125	182	36	47
138	185	30	47
150	178	35	54
163	186	37	55
186	179	31	56
184	167	33	60
206	186	42	59
225	171	44	69
242	160	36	64
228	165	54	70
110	161	81	72
103	173	57	66
120	73	50	54
110	67	66	62
118	58	48	61
131	68	52	40
170	84	67	37
203	80	53	54
200	95	51	44
212	64	54	57
266	51	55	60
191	45	50	48
150	41	66	54
124	40	62	51
180	58	50	62
189	27	52	67
244	44	51	62
230	16	43	63
194	18	55	55
238	31	77	65
214	11	91	87
223	41	84	54
211	54	77	43
234	35	59	65
233	0	52	52
190	67	38	56
150	84	55	55
118	79	60	65
133	82	68	62
121	103	67	61
151	102	53	55
144	77	74	80
146	106	62	59
155	130	50	49
168	128	37	53
140	119	56	55
122	94	59	54
129	91	71	56
125	89	53	57
144	87	73	45
111	95	81	46
110	71	48	56
117	70	52	50
97	68	49	54
129	68	60	51
131	71	61	48
86	57	54	64
132	79	64	67
182	69	57	73
176	78	51	71
161	53	68	68
126	36	66	85
94	44	67	64
104	62	48	59
120	49	72	68
67	55	71	63
64	62	70	53
113	74	64	51
79	89	74	69
100	81	67	57
114	88	61	52
162	89	65	50
168	85	61	61
160	75	82	68
175	69	72	64
147	75	62	77
112	67	65	69
128	70	51	66
133	89	43	59
125	85	45	62
177	79	59	74
232	56	36	63
245	82	38	64
250	84	47	78
203	67	40	61
234	44	42	70
263	68	35	66
258	73	38	56
250	36	37	63
183	22	32	57
169	27	40	59
154	35	49	64
118	25	68	69
146	0	48	63
187	24	53	67
220	0	45	64
248	32	37	59
226	2	28	70
231	16	37	60
220	33	37	64
159	44	65	71
147	40	76	84
177	24	49	76
130	47	47	61
125	48	68	73
129	77	55	80
93	74	56	78
124	66	38	66
102	37	58	84
148	52	50	77
160	48	54	87
150	42	60	62
116	59	54	55
118	62	43	56
129	53	43	57
143	48	40	61
126	26	68	57
153	27	44	58
139	52	48	70
164	39	45	67
208	39	55	64
178	42	58	63
230	14	63	74
261	12	50	66
243	25	36	58
250	19	31	64
241	18	33	65
243	37	44	70
240	9	46	73
212	18	57	61
207	0	62	75
166	41	54	66
136	40	58	78
157	50	46	68
161	53	41	62
172	44	48	61
195	47	53	83
107	77	47	76
189	62	50	72
178	53	51	70
146	44	42	64
155	62	48	63
141	32	35	57
84	9	37	65
111	0	33	41
139	31	39	48
131	30	39	57
88	9	38	46
115	17	43	47
100	35	38	51
105	31	46	58
87	33	37	52
79	33	44	52
21	44	41	67
70	38	36	57
102	36	40	73
106	69	37	62
51	90	53	68
59	79	41	62
94	71	46	55
79	62	42	51
31	35	62	81
84	73	42	66
55	83	53	75
107	65	36	61
97	67	43	57
105	67	35	58
125	78	37	55
94	58	41	54
122	68	40	52
88	61	69	60
114	51	49	71
129	59	67	59
102	64	61	60
117	62	59	65
105	58	62	64
88	66	69	55
108	80	87	58
80	82	73	56
83	73	78	55
110	77	73	67
123	83	55	61
155	89	56	60
223	85	49	81
230	66	36	65
221	57	35	69
242	78	39	67
203	86	36	65
198	89	38	67
188	96	39	55
149	93	57	55
133	85	56	58
102	83	67	77
78	104	66	70
62	155	65	63
149	98	74	71
171	101	54	60
170	78	56	73
169	42	65	68
216	68	77	73
213	36	87	77
246	83	56	80
247	71	56	82
215	49	38	64
202	73	44	68
198	26	54	80
190	55	62	63
261	40	68	77
219	83	69	73
193	62	59	71
155	95	67	61
156	98	47	55
151	98	53	52
138	101	60	51
187	81	64	68
205	88	62	78
230	75	70	73
191	52	69	72
266	43	46	76
216	0	77	65
146	7	66	78
150	28	74	78
92	153	84	52
136	139	69	51
156	123	61	59
140	146	59	89
167	142	43	66
162	163	76	63
194	100	42	68
196	110	49	52
208	82	51	69
198	63	45	70
221	61	41	69
196	52	57	81
187	23	64	78
169	17	74	75
107	81	67	49
105	63	84	68
129	76	72	60
149	55	84	76
184	150	48	69
198	133	53	89
183	179	62	75
154	119	64	59
126	83	61	52
110	76	61	45
78	72	52	49
82	87	64	58
19	57	62	58
32	65	48	64
87	56	56	63
75	62	65	58
85	58	71	42
81	48	63	45
41	58	74	60
47	68	67	62
109	45	74	50
103	40	83	70
124	63	63	48
112	87	70	55
97	105	71	58
76	82	59	58
69	87	60	78
102	16	44	69
146	17	55	47
131	32	52	46
152	52	54	46
103	77	62	49
110	79	57	47
69	92	60	57
47	80	58	59
20	93	61	53
24	81	53	55
27	93	57	46
6	98	56	47
27	93	63	51
44	85	59	50
46	89	52	54
51	83	52	60
32	91	46	66
78	85	32	62
43	87	51	65
83	80	43	67
20	110	47	67
37	98	52	64
22	108	47	61
26	98	42	51
49	84	57	48
6	104	60	50
27	103	51	46
33	93	62	49
5	90	55	54
30	90	51	51
45	52	58	55
56	70	46	68
20	79	46	69
0	58	29	101
23	92	52	57
65	101	44	53
86	86	59	56
97	58	57	88
25	91	50	72
16	97	52	64
0	99	43	50
75	90	35	49
47	96	48	60
68	109	41	66
81	111	43	63
96	106	41	65
146	78	41	63
162	104	33	76
90	98	62	97
128	44	49	72
43	81	34	59
7	96	37	59
3	102	66	57
25	93	42	54
24	87	39	63
88	74	42	70
71	53	57	74
18	82	74	73
44	86	58	63
105	93	43	62
77	102	72	45
83	107	73	59
79	123	57	48
112	109	52	50
63	105	77	60
99	100	55	57
92	97	53	65
149	75	40	70
161	35	36	65
208	71	47	64
180	62	76	70
97	91	82	50
109	92	75	43
114	104	57	50
120	97	48	46
116	89	51	54
108	94	54	48
115	96	55	55
96	97	49	51
99	104	49	53
117	53	58	66
137	30	62	65
192	85	45	64
200	87	32	67
172	32	57	56
167	10	50	76
167	6	46	83
152	49	61	93
113	47	81	71
137	37	75	75
127	48	83	71
81	101	80	56
132	73	86	74
123	52	63	69
124	88	55	58
126	87	58	41
82	85	69	38
94	90	56	42
78	58	76	37
95	85	58	44
110	106	50	46
108	127	50	34
111	90	50	49
94	99	47	55
102	92	38	50
91	97	40	58
77	61	47	83
109	59	46	70
94	60	59	71
116	75	43	64
103	120	55	55
83	130	68	58
51	89	78	61
75	91	64	55
85	107	71	65
58	94	57	61
65	102	44	67
84	103	35	58
83	128	36	56
83	107	43	47
73	60	73	45
63	62	73	37
99	83	84	53
118	110	41	50
115	96	43	51
91	91	51	45
87	76	56	57
92	72	49	71
23	58	49	63
18	77	57	60
6	81	59	59
31	84	62	56
0	97	62	53
27	81	68	62
1	107	62	56
23	103	75	51
5	102	73	68
12	123	74	63
27	112	74	57
86	165	39	53
105	170	26	49
103	148	31	51
84	136	48	45
80	134	56	45
64	136	61	56
0	141	54	46
6	142	56	48
74	181	49	46
103	161	31	52
91	137	47	40
104	127	35	51
86	164	48	56
86	167	48	56
98	157	43	54
102	162	43	55
112	134	51	44
169	83	54	49
146	69	60	48
164	54	68	49
107	81	67	41
93	81	69	63
26	83	60	58
59	82	56	54
67	72	54	62
50	80	63	54
46	87	60	56
82	92	71	42
86	87	73	44
56	116	62	48
57	111	68	42
90	144	67	43
81	110	72	43
49	143	69	44
12	125	60	58
23	120	40	65
47	113	41	66
62	113	42	68
0	125	30	60
3	131	49	45
0	133	53	44
8	134	54	42
0	122	56	51
5	128	60	43
9	139	49	46
22	144	57	46
82	123	52	48
93	114	54	48
42	123	47	50
81	108	46	58
86	93	40	63
89	104	35	59
83	93	35	56
79	76	34	57
65	97	55	34
75	106	55	32
88	120	54	36
76	114	57	36
97	100	55	39
102	111	58	52
90	96	74	46
89	112	70	37
76	121	73	36
79	134	67	43
136	136	53	51
157	148	39	70
159	131	31	67
108	129	32	56
75	124	49	67
36	143	51	70
7	135	50	65
0	146	42	66
24	135	47	49
33	97	56	34
23	112	46	52
20	114	62	50
33	112	66	49
19	115	53	48
35	104	58	46
36	97	70	56
72	88	49	69
20	90	55	59
11	110	63	51
42	108	66	52
23	96	62	50
44	88	61	33
28	98	66	34
55	124	59	48
102	105	63	43
92	103	83	76
175	75	66	52
184	55	56	70
194	61	43	62
205	80	35	63
211	83	46	81
219	59	32	71
223	46	35	71
221	52	37	66
222	61	53	59
150	109	70	34
104	121	61	52
130	122	73	48
124	125	68	52
196	77	69	42
206	71	66	43
193	74	65	57
161	107	54	53
176	123	49	61
234	112	47	49
190	70	67	69
149	129	54	62
123	130	70	56
137	140	61	56
122	137	65	54
127	156	52	46
101	161	57	64
115	161	46	57
114	174	39	52
106	180	42	54
55	136	54	51
104	112	46	51
110	95	49	50
110	145	42	59
32	127	56	50
40	129	58	47
27	123	70	56
21	126	80	50
35	122	65	53
60	132	64	54
58	96	63	43
47	72	65	45
10	97	68	40
61	64	58	42
41	65	58	51
125	77	55	50
56	45	65	44
118	69	52	45
158	133	61	43
178	166	69	34
222	140	66	46
214	118	70	67
211	142	70	61
230	129	41	63
233	144	67	57
195	144	91	50
151	170	84	45
63	151	67	47
74	153	57	47
73	156	46	46
71	165	45	47
74	162	46	50
117	153	47	50
120	166	55	62
144	176	61	44
157	149	38	56
179	135	32	60
172	134	45	53
166	130	70	66
169	135	72	60
104	141	86	59
113	138	85	65
100	136	91	69
112	121	41	57
93	121	76	62
106	118	39	58
97	110	47	59
93	110	34	49
83	112	46	58
63	37	66	49
62	29	71	50
117	39	68	44
125	25	65	58
103	26	75	57
68	38	62	45
88	59	52	36
57	41	82	37
78	41	67	33
94	69	79	36
110	62	65	44
126	64	79	48
102	53	77	62
150	54	47	66
139	53	62	65
85	58	66	58
75	69	75	50
68	66	64	52
91	66	54	53
90	45	53	54
84	53	58	44
80	45	68	45
65	27	59	36
35	80	39	47
33	77	48	45
68	43	52	43
56	51	38	52
73	34	34	48
46	45	45	51
11	53	35	60
4	51	30	64
5	66	46	59
57	42	62	62
84	39	63	41
108	31	59	40
113	45	61	39
142	56	61	48
204	75	63	57
257	44	47	59
186	41	54	48
131	52	78	56
109	49	72	45
112	74	63	46
134	75	70	41
70	75	74	43
112	69	63	44
92	76	72	45
99	64	73	44
132	55	61	45
146	125	59	48
135	144	72	61
132	130	50	58
138	130	47	51
138	128	34	49
127	110	46	60
121	95	39	63
44	122	45	58
55	114	38	47
73	104	40	64
86	92	37	69
104	76	49	54
107	95	46	60
131	72	63	55
149	97	57	57
133	36	76	61
163	32	65	59
165	31	66	57
188	20	70	64
179	17	66	46
177	7	75	52
196	6	58	53
221	12	55	56
218	3	60	62
225	51	56	63
249	51	61	52
211	68	70	62
117	62	73	55
127	56	52	52
103	84	52	51
106	92	47	59
115	79	42	62
108	83	60	57
125	77	52	62
127	81	59	51
102	91	77	51
91	78	60	54
109	129	46	57
65	118	57	50
51	131	72	43
60	149	74	51
86	150	50	54
75	216	77	34
85	146	40	46
78	155	39	56
50	122	60	54
56	81	62	55
49	134	54	53
53	73	61	56
98	65	57	45
67	88	86	59
25	114	76	63
93	104	71	52
102	108	63	50
119	96	73	64
129	111	82	56
109	90	93	64
158	128	52	59
161	132	51	59
114	184	69	44
116	177	64	40
115	172	52	52
162	176	41	46
149	177	58	48
104	177	67	59
171	170	36	48
187	153	29	51
183	161	34	51
179	145	51	73
182	161	50	43
126	159	63	64
106	139	54	36
118	146	68	43
139	143	69	50
173	152	53	57
176	137	53	47
160	142	73	35
206	130	52	40
200	90	80	82
205	112	72	52
228	100	50	67
224	92	36	72
222	81	38	70
235	88	35	54
229	84	48	55
238	126	36	41
239	112	45	46
245	108	36	70
244	103	40	72
245	127	47	41
243	109	52	48
231	110	62	49
231	103	60	52
214	70	65	65
206	73	63	52
192	80	76	41
185	85	70	38
195	71	61	53
179	64	93	49
149	91	73	47
125	103	79	44
122	96	54	63
93	112	42	55
82	120	46	51
63	119	42	36
58	139	40	41
34	141	60	39
45	169	49	59
0	147	36	53
0	158	34	56
0	149	23	53
0	152	33	48
54	179	36	51
36	180	60	43
16	167	76	65
58	171	69	59
62	178	55	39
68	177	34	38
76	171	33	40
76	163	27	51
80	160	28	54
87	159	25	53
90	162	27	59
87	154	36	67
91	151	30	61
73	165	58	61
130	197	62	44
110	186	68	54
145	173	55	50
144	181	53	43
153	175	66	38
119	181	82	44
139	168	82	45
183	153	99	45
189	161	93	40
207	158	69	45
228	121	67	60
232	42	64	63
183	27	67	53
177	30	49	44
184	29	58	51
187	24	51	53
149	33	54	45
96	42	53	37
108	63	63	37
110	63	55	46
96	72	64	55
85	72	63	55
105	158	49	38
106	170	48	48
57	185	53	39
64	183	53	41
132	182	36	47
152	166	41	49
163	164	38	53
172	165	37	48
182	167	35	46
184	165	39	43
184	163	42	43
192	163	42	49
176	153	62	47
155	165	76	51
165	161	95	56
169	180	118	50
188	137	54	72
170	73	43	70
129	68	59	66
181	71	64	62
164	131	80	63
155	49	83	72
141	36	81	68
183	31	66	62
183	89	51	79
188	145	66	53
179	149	68	67
178	129	56	58
174	136	57	57
134	151	76	58
184	158	62	47
159	159	84	62
152	142	65	67
166	111	64	86
183	158	47	57
149	153	58	61
184	114	35	65
191	109	41	68
193	152	36	53
195	135	46	59
198	133	42	60
205	137	42	60
196	130	50	57
189	154	42	52
198	138	38	56
190	135	40	54
182	113	37	67
188	134	38	57
165	128	90	69
175	98	45	62
178	68	42	73
168	61	54	65
118	68	39	47
87	59	54	46
69	57	42	53
59	50	67	63
85	26	56	62
138	52	54	58
83	54	58	53
110	53	58	64
131	83	45	48
97	75	70	57
115	60	61	55
102	81	67	44
51	84	82	51
45	121	43	53
44	115	47	48
48	134	32	47
29	94	47	47
39	147	35	54
45	174	34	50
43	192	48	40
37	198	46	47
42	197	56	51
33	206	74	50
55	202	51	51
48	123	62	39
48	129	66	41
70	100	52	50
60	92	68	36
66	79	60	30
62	84	68	42
75	81	53	37
71	62	55	48
76	67	51	42
75	59	46	49
70	64	50	49
109	78	47	49
105	83	39	53
61	74	41	65
46	66	44	76
51	137	43	78
57	140	32	63
56	136	35	70
33	71	63	48
40	62	59	55
29	62	74	54
21	48	45	55
39	75	43	47
30	64	51	63
34	84	48	51
123	99	41	58
126	50	30	56
124	61	28	59
131	84	36	68
105	102	37	67
126	117	41	58
139	101	40	67
104	106	49	72
77	105	54	77
80	94	51	73
108	125	34	57
103	132	52	44
114	114	51	40
122	119	60	37
104	121	53	47
110	120	54	42
99	119	58	49
117	113	43	39
101	102	67	59
92	82	51	49
96	99	40	46
105	99	48	43
87	91	43	56
64	90	55	57
88	92	53	53
120	84	62	59
97	63	83	50
80	61	83	54
104	62	67	53
155	12	47	56
168	54	66	39
187	16	76	63
146	35	79	65
87	55	79	40
70	86	47	46
72	61	70	57
69	53	84	58
82	64	71	52
57	82	88	71
80	109	67	52
85	106	65	52
48	118	74	50
9	78	62	46
19	78	61	53
15	70	71	45
7	61	88	42
25	54	76	49
29	48	83	41
36	36	83	43
44	26	85	44
42	24	86	45
41	9	88	43
48	68	71	28
118	58	61	21
94	64	63	26
55	106	56	34
33	71	77	55
87	66	56	43
59	40	98	74
64	51	76	50
81	71	69	44
59	64	85	60
48	56	79	68
101	54	69	64
147	84	62	57
150	99	51	60
136	94	59	56
157	112	44	45
140	112	54	55
140	64	66	48
125	86	62	48
155	128	46	61
155	133	45	48
147	147	43	46
164	170	42	45
161	179	35	59
176	180	36	63
146	193	59	53
133	172	37	52
146	182	35	42
86	179	62	39
82	178	50	46
87	181	47	58
107	177	78	42
96	166	52	53
172	145	52	48
164	131	55	49
168	113	46	55
160	100	53	66
138	90	67	60
136	106	84	54
170	101	77	45
223	137	62	47
206	136	81	57
191	143	93	51
179	148	95	55
206	151	82	48
219	130	58	62
214	148	68	46
223	140	56	43
189	156	71	41
236	157	50	35
268	166	51	34
218	159	45	37
201	150	59	64
154	94	48	52
154	80	47	56
149	68	63	69
160	100	44	51
163	109	65	62
189	123	48	52
185	113	37	50
187	142	48	44
198	125	39	43
214	142	42	51
217	141	35	49
214	127	56	63
221	141	41	62
231	144	42	60
238	142	46	58
229	108	46	62
168	99	59	52
155	102	46	47
156	99	51	50
153	90	67	53
164	42	88	48
139	63	79	46
171	64	68	51
164	84	67	52
170	63	52	49
171	70	54	56
159	62	49	48
158	54	52	46
154	61	52	39
117	69	66	36
118	67	50	45
99	75	52	37
96	77	35	53
81	81	37	50
82	89	35	48
72	113	40	48
52	125	50	53
25	67	67	53
40	66	62	37
27	73	64	51
90	44	65	35
28	54	66	39
18	53	61	39
14	77	60	41
38	71	58	49
46	78	57	57
65	69	60	59
33	60	74	49
3	50	91	43
15	49	90	47
21	42	75	42
15	29	81	42
27	26	70	42
22	12	81	42
62	25	58	44
78	19	50	37
63	39	63	42
39	18	60	33
39	20	53	28
30	7	53	47
9	9	76	55
51	38	50	59
46	46	64	57
57	63	69	44
69	35	65	33
35	75	57	38
17	53	56	54
29	94	48	42
47	97	57	39
30	97	58	48
43	100	72	42
58	90	68	44
90	70	77	42
79	94	64	47
109	57	73	28
114	53	79	29
117	49	74	33
105	69	62	40
98	67	45	52
97	37	36	50
103	37	33	51
91	27	35	46
124	47	41	43
102	34	69	39
113	33	61	56
120	28	55	53
147	28	44	50
159	16	51	49
146	18	67	62
216	77	59	53
206	81	42	60
195	94	44	58
182	97	44	60
168	121	46	49
108	137	41	53
115	171	52	61
170	140	39	45
174	138	50	53
173	82	45	59
164	72	46	69
133	93	44	78
116	148	54	61
117	167	54	57
127	160	46	51
126	183	37	48
131	176	38	60
114	181	33	50
106	162	29	53
87	134	59	55
84	120	63	41
103	127	58	46
77	128	67	37
75	130	72	45
110	133	78	44
65	140	71	38
35	133	59	42
27	128	61	44
15	131	66	54
8	115	63	43
29	132	59	44
15	129	46	56
17	123	37	57
36	125	43	67
28	115	41	68
45	100	55	78
20	108	60	68
43	110	42	67
15	134	48	69
41	190	35	55
48	197	32	58
56	150	30	57
59	168	32	65
48	143	36	67
24	126	60	74
77	185	51	48
68	162	44	54
68	146	43	61
75	171	38	60
59	142	44	65
