80	97	14	44
69	115	21	25
74	111	15	27
75	112	16	25
76	110	14	25
79	106	13	30
81	107	12	29
83	106	13	29
85	104	12	31
89	102	13	32
93	103	12	30
97	103	11	29
98	103	16	25
102	102	16	28
106	102	16	28
111	99	13	30
118	97	12	35
123	101	11	32
127	100	11	32
131	98	13	33
135	97	12	34
138	96	14	34
142	89	15	38
145	89	16	36
147	83	15	34
150	85	19	37
151	82	20	36
153	78	19	38
156	79	19	37
157	80	19	36
158	79	19	35
156	75	21	37
158	77	20	35
151	70	23	40
154	73	24	38
154	75	21	37
149	75	23	38
148	78	21	34
142	74	24	41
140	80	21	36
134	77	23	40
128	77	20	42
123	79	21	40
116	79	23	42
109	83	20	39
105	82	18	43
98	89	20	37
88	87	21	41
81	88	20	43
74	94	20	37
69	91	19	41
62	97	17	38
59	95	18	40
52	98	19	37
47	99	18	38
42	100	19	36
40	105	19	33
38	102	18	33
35	104	18	36
34	104	18	33
30	110	17	26
34	105	17	29
37	105	16	29
38	103	17	29
41	101	16	30
42	102	17	29
46	101	17	28
53	99	15	29
57	95	15	33
61	95	16	32
66	94	15	34
72	92	15	35
77	94	16	32
83	92	15	32
89	91	15	32
92	90	16	34
99	92	14	31
104	91	14	32
109	90	15	31
114	89	15	31
117	88	16	30
123	88	16	30
127	83	14	32
129	83	19	32
134	82	16	30
135	81	19	31
138	78	16	28
141	79	18	28
141	80	22	27
138	74	21	30
142	73	20	30
143	75	18	29
145	79	18	29
144	65	18	36
142	71	20	32
140	72	21	30
139	74	19	30
135	73	21	34
131	73	21	34
129	73	20	35
126	72	19	38
122	78	16	36
118	81	13	36
114	86	12	34
107	89	12	33
99	93	14	34
92	91	14	39
84	99	15	35
77	103	15	32
71	101	13	37
64	106	13	34
60	105	13	36
53	108	13	35
49	111	14	33
45	108	14	36
41	116	13	28
38	114	14	29
35	116	15	34
33	109	16	35
33	109	15	35
32	115	15	25
35	114	16	28
38	113	14	28
41	110	14	27
44	108	13	29
47	106	12	32
52	103	12	32
56	101	11	34
61	99	11	36
67	99	10	35
71	100	10	32
74	101	12	29
80	100	12	30
87	100	11	27
92	97	10	30
97	95	11	31
101	94	13	31
106	92	12	33
111	89	13	32
116	88	12	33
120	85	13	33
123	84	14	33
128	80	14	32
131	80	14	32
133	78	16	29
136	75	16	30
139	75	16	30
140	73	18	30
143	71	17	28
144	69	19	30
146	70	19	30
147	68	19	30
147	68	21	29
151	77	17	23
137	81	35	31
146	65	19	33
143	65	23	35
143	65	20	38
143	68	19	34
140	71	19	33
139	69	20	36
134	69	20	37
130	73	18	37
125	72	19	42
119	77	18	39
114	79	18	42
107	77	18	44
101	83	17	41
92	87	19	40
83	89	22	41
77	88	20	47
69	93	22	43
62	95	25	44
58	90	23	51
52	97	22	48
43	102	24	44
39	101	24	47
36	106	24	43
34	109	20	39
27	115	25	36
27	116	24	33
25	121	23	32
21	121	27	32
24	122	25	32
25	122	26	33
29	128	24	31
31	121	25	42
35	122	24	42
39	127	25	38
46	124	25	43
51	126	25	42
57	127	25	43
64	133	26	38
73	132	26	41
81	131	28	44
95	130	22	43
104	132	25	41
111	133	25	41
125	132	21	39
134	131	25	38
144	124	25	39
155	114	24	47
164	109	24	50
176	105	23	47
185	105	25	43
192	100	24	39
198	92	26	45
202	75	28	47
204	65	31	51
211	63	29	50
212	55	33	52
216	50	30	49
218	45	28	50
220	41	29	49
227	40	26	41
227	40	25	39
230	40	22	36
228	35	25	37
230	39	23	32
228	35	22	29
223	30	25	33
220	29	23	29
214	23	27	39
210	24	24	39
205	20	24	42
199	17	26	46
192	16	29	49
188	23	25	44
184	30	24	42
177	35	21	39
166	32	21	45
158	37	22	45
145	33	21	50
132	40	21	50
123	44	20	50
109	43	20	53
96	47	23	55
84	53	20	54
66	58	24	54
55	64	25	51
40	61	22	57
28	66	24	56
19	70	25	54
13	72	23	55
7	69	24	59
0	70	24	58
0	69	21	60
0	69	10	60
0	85	10	37
0	60	12	38
0	35	10	30
0	40	18	34
0	7	12	45
0	0	19	48
0	0	27	53
0	15	10	71
0	24	23	65
0	6	44	70
0	56	43	73
0	55	33	75
0	51	33	79
0	50	35	89
0	0	17	38
0	9	13	37
0	19	10	51
0	51	10	44
0	67	12	48
2	83	19	59
0	101	33	62
10	92	33	77
18	95	37	74
32	96	37	79
56	98	38	81
62	92	47	86
84	94	49	83
106	90	44	86
127	85	50	87
137	83	51	91
159	85	55	78
174	76	53	83
190	62	46	90
205	62	46	82
218	65	44	69
229	49	44	77
237	48	41	71
245	45	39	67
250	41	36	66
254	36	37	64
258	37	37	58
261	39	38	55
265	41	34	47
263	40	34	41
263	39	32	42
258	37	32	41
260	37	31	43
257	27	27	49
254	37	27	39
249	30	29	47
245	28	29	51
241	27	31	51
240	30	22	52
235	39	27	46
226	33	29	54
225	36	19	48
219	42	26	49
215	49	20	44
210	54	24	42
205	59	23	40
199	62	23	42
194	65	22	42
189	70	22	41
184	77	20	38
179	77	19	41
173	83	19	38
169	83	18	42
165	82	16	42
159	87	16	41
155	88	15	39
149	87	15	42
145	92	14	40
139	91	14	41
134	91	15	41
130	88	15	44
125	87	15	45
122	89	15	43
117	91	16	46
113	93	18	45
111	86	17	48
102	91	21	48
100	91	21	46
95	91	22	47
93	91	22	47
90	86	25	55
88	87	23	55
85	96	26	45
85	95	22	48
81	95	29	48
78	97	26	48
86	90	22	49
81	87	30	55
84	84	29	59
85	83	28	62
86	80	32	66
88	81	33	66
94	79	32	67
98	76	32	70
105	74	31	71
112	73	29	69
115	72	34	68
123	71	31	68
131	72	31	68
138	72	31	67
147	73	29	65
156	71	28	66
162	72	28	62
169	72	29	62
176	72	28	61
183	71	26	58
188	69	27	58
193	69	27	57
199	72	25	53
200	64	27	51
204	63	24	56
207	62	26	55
212	64	23	50
215	63	22	50
216	67	22	43
218	67	22	41
217	67	20	40
220	68	21	36
223	69	19	36
223	69	17	37
216	68	21	41
223	70	17	36
222	70	19	36
218	62	22	44
219	63	20	41
217	62	19	42
215	63	20	40
212	62	22	45
209	61	23	44
206	60	23	43
206	64	21	43
202	61	24	48
198	67	24	42
194	63	26	52
191	70	25	45
186	66	23	55
182	71	24	52
175	76	30	52
172	80	28	52
163	81	31	57
155	82	32	59
149	94	36	50
142	90	31	58
135	99	31	51
126	94	31	59
117	105	36	52
114	99	28	59
100	108	35	53
92	105	36	57
88	104	31	61
79	106	32	60
75	113	32	58
74	115	28	56
66	123	28	52
66	123	25	55
61	128	26	56
59	125	29	57
59	131	26	57
59	132	28	56
62	134	24	57
65	133	24	59
67	140	24	59
73	135	24	57
77	141	25	56
84	131	23	65
92	133	21	62
98	132	22	63
106	131	23	64
115	130	22	61
124	128	22	60
133	125	23	62
141	113	23	68
151	119	24	59
160	107	25	67
171	99	24	69
180	97	26	69
191	88	27	72
200	81	24	71
209	82	28	68
220	80	28	67
228	71	29	67
237	69	30	67
245	59	27	70
253	59	30	67
259	57	32	65
265	54	34	65
270	51	33	65
273	39	35	71
278	42	35	67
284	38	36	66
287	36	35	65
290	31	37	68
287	28	40	68
293	28	37	65
288	25	43	69
285	29	39	67
283	29	40	64
280	26	42	68
277	24	44	71
270	23	46	76
264	19	47	79
253	12	51	89
247	10	46	97
239	15	44	97
227	17	48	100
216	17	51	99
204	31	56	91
192	25	57	100
177	30	58	99
167	32	54	98
156	37	53	100
143	53	54	81
138	49	49	87
126	47	47	98
118	55	43	87
110	54	46	94
105	64	43	79
98	78	47	73
93	84	43	62
91	75	44	80
87	95	44	59
91	97	38	60
92	86	34	55
94	91	34	64
94	87	37	60
97	97	40	53
102	84	33	64
105	88	35	60
114	82	37	67
119	82	36	63
129	76	35	72
135	79	35	66
142	81	33	65
150	80	35	66
161	83	30	66
166	86	30	60
177	83	32	61
184	81	37	64
192	80	36	64
200	80	37	63
209	79	34	62
216	82	33	57
226	82	29	57
233	80	23	56
238	80	23	54
243	80	24	52
245	78	32	51
251	71	22	52
252	76	30	48
254	71	26	49
255	65	28	48
262	77	23	38
265	76	23	40
257	71	26	39
261	72	21	38
262	74	20	37
257	66	29	44
256	67	27	47
253	63	27	47
251	71	27	39
247	65	28	47
242	60	25	54
241	68	22	45
236	66	28	50
230	63	28	54
227	70	19	52
221	79	27	45
217	88	23	37
209	85	20	47
203	90	23	46
195	88	20	50
186	94	21	50
178	101	20	46
170	105	20	48
163	111	18	47
154	117	17	47
144	122	18	48
134	126	19	51
122	134	19	47
110	135	20	51
101	139	21	48
93	147	24	47
88	141	24	54
79	145	25	55
73	144	28	59
71	147	24	59
64	152	26	56
62	152	24	59
57	164	28	47
57	161	23	52
57	169	25	49
62	169	21	51
59	162	25	55
62	168	24	51
65	165	28	52
71	161	24	58
76	160	27	59
82	159	28	58
90	156	28	62
98	154	27	63
107	150	25	65
116	145	27	67
127	143	23	64
136	144	26	64
147	140	25	65
157	136	23	62
165	127	24	64
176	126	22	59
184	130	22	52
192	119	23	57
198	110	24	60
206	106	23	59
211	103	23	55
218	100	23	54
223	98	23	51
228	96	23	47
234	97	22	42
235	86	23	49
238	86	23	46
239	86	23	43
241	83	22	44
239	74	25	47
240	74	24	44
240	72	24	45
242	77	22	39
240	75	24	39
238	72	24	39
236	68	24	44
233	66	24	44
230	64	26	45
226	62	23	48
224	66	23	46
221	63	24	48
219	69	22	47
214	68	21	48
211	75	22	46
206	75	20	47
201	75	22	49
195	81	23	47
190	78	23	49
185	85	23	49
179	90	24	49
174	90	24	48
167	96	22	46
161	101	22	46
153	99	28	51
147	106	27	47
139	111	29	46
136	112	26	48
131	112	23	51
125	121	26	41
119	121	26	45
116	123	25	45
111	126	25	46
106	129	26	44
104	128	24	43
103	135	23	40
103	133	20	43
98	139	26	39
102	137	19	41
100	144	20	37
97	145	24	37
98	142	24	43
100	139	24	42
100	141	26	44
104	140	26	47
110	140	23	43
114	141	22	43
119	143	22	42
127	144	19	38
133	143	18	37
136	143	22	37
145	145	17	36
150	144	18	35
159	142	18	33
165	139	19	38
173	133	19	39
178	136	21	34
183	127	20	38
190	119	20	40
199	112	18	41
201	105	18	43
206	106	21	39
210	97	20	42
217	97	19	37
217	90	21	38
222	91	19	31
225	84	18	34
226	78	18	35
228	80	17	31
227	76	19	31
227	71	18	34
224	63	21	35
225	64	19	33
225	65	18	29
219	56	20	36
216	54	22	37
214	52	22	38
212	54	20	37
206	52	24	38
205	53	21	37
199	52	20	40
196	56	23	40
192	55	21	42
189	61	18	39
184	62	16	42
180	70	14	37
175	74	13	34
169	79	12	33
164	84	15	33
157	82	13	36
151	88	12	35
145	94	12	34
139	98	13	33
132	101	13	35
127	106	12	32
121	109	12	32
115	112	11	32
109	111	13	34
105	117	12	31
99	117	14	32
94	121	14	30
92	121	13	31
89	121	13	31
86	120	14	34
84	120	15	33
82	122	14	33
79	122	17	32
79	123	14	33
81	121	14	34
83	125	14	33
85	124	13	33
87	124	14	31
91	124	13	32
94	123	14	33
99	126	12	31
103	124	12	34
109	125	11	32
113	123	13	34
119	121	12	35
125	121	12	37
131	122	13	35
137	120	13	36
145	120	11	35
150	119	12	34
157	117	12	34
164	115	12	36
169	113	14	35
175	107	13	37
180	104	13	37
185	105	16	34
190	99	15	36
191	93	18	39
195	87	18	39
197	84	19	39
199	82	20	37
202	78	21	38
203	75	20	36
205	72	20	36
206	69	18	36
205	67	19	34
207	65	18	34
208	68	16	30
207	69	17	29
202	59	20	35
199	56	20	35
196	56	21	34
195	54	18	36
190	55	19	35
189	58	15	32
184	55	18	35
178	53	20	37
172	56	22	36
168	56	17	38
165	62	15	34
160	60	15	38
155	66	15	35
149	69	14	33
144	70	12	35
138	74	13	34
129	77	16	33
124	80	17	33
117	82	17	34
111	84	17	36
104	87	19	36
100	90	18	36
95	94	18	34
90	99	20	32
87	97	19	37
84	100	18	35
80	103	19	35
79	108	16	31
76	112	18	28
76	114	16	28
74	113	20	31
74	113	19	32
78	119	15	29
78	115	15	29
79	117	19	33
81	117	16	32
85	118	18	33
88	115	18	37
93	115	18	37
98	119	15	34
103	118	15	34
107	121	16	33
114	122	15	35
119	121	16	35
126	121	15	35
130	119	17	34
139	116	14	39
142	120	18	32
147	115	16	37
153	114	17	34
158	111	19	37
165	107	16	37
170	107	17	34
175	105	17	33
179	100	17	35
183	98	17	36
187	95	18	33
191	91	17	33
193	87	18	33
195	85	18	34
196	80	18	34
198	78	18	33
200	79	20	32
201	76	17	32
201	76	17	28
200	74	18	30
203	77	15	24
201	73	17	24
198	66	18	32
196	64	18	31
194	65	19	29
192	64	15	30
190	64	18	29
186	61	19	33
181	65	19	32
179	64	19	33
177	62	20	34
171	67	21	26
168	67	19	32
162	68	18	30
159	70	17	34
152	75	17	33
147	77	17	33
144	82	14	32
138	89	17	30
133	88	14	32
126	85	15	38
121	96	14	28
116	93	16	33
112	98	14	29
107	97	15	32
102	101	15	29
98	99	14	34
95	105	14	30
92	108	13	30
87	108	13	29
85	109	12	33
82	111	13	29
80	114	13	30
78	113	12	33
76	114	13	32
75	119	12	28
74	123	14	27
75	121	12	30
74	122	14	31
74	124	13	33
75	125	12	32
76	129	14	31
80	128	13	32
82	130	13	31
86	128	14	35
90	127	14	37
94	132	14	34
99	129	15	40
104	128	16	39
110	130	17	41
117	129	18	41
125	124	17	47
133	123	20	48
142	122	21	49
149	122	24	45
157	118	27	46
168	105	22	56
176	104	24	55
185	105	22	50
192	97	29	51
200	87	27	57
207	84	27	52
211	78	32	52
215	72	34	54
222	67	32	50
226	61	29	49
233	60	27	45
235	59	27	42
233	46	31	49
230	36	21	39
242	47	25	38
242	47	27	36
240	38	28	43
240	38	30	44
239	40	27	37
238	35	28	42
232	28	31	48
229	27	30	46
227	27	25	43
224	31	28	42
217	28	32	47
211	26	31	49
207	26	27	51
204	33	28	44
197	31	28	48
193	36	21	49
185	41	20	47
178	46	26	45
171	48	24	46
165	52	18	46
155	50	21	51
146	57	23	47
138	62	22	47
131	62	19	51
121	71	19	44
111	76	18	43
104	80	19	41
96	85	18	40
88	88	19	41
82	88	16	42
75	87	17	45
69	93	16	42
62	100	17	39
57	96	16	44
53	95	16	44
49	100	17	42
45	99	16	44
42	106	17	38
38	100	17	45
39	106	17	41
35	104	17	42
37	111	17	41
37	110	17	44
39	110	16	47
41	111	17	48
43	116	18	46
47	122	19	44
50	119	20	51
56	118	18	54
61	123	22	55
68	128	24	52
77	123	24	60
86	127	26	62
96	122	29	68
106	122	33	68
119	115	38	79
134	113	36	84
146	110	38	77
161	103	47	83
177	98	46	83
192	91	45	87
212	80	33	86
222	76	51	85
235	69	45	82
246	66	48	78
254	50	51	84
262	35	46	90
270	38	50	78
275	22	51	85
283	19	45	79
287	15	43	79
284	12	45	72
289	7	45	72
287	8	45	60
283	0	45	62
284	0	49	60
281	0	47	55
278	0	48	49
272	0	48	47
267	0	47	43
263	0	47	44
254	0	48	40
250	0	46	41
237	0	53	41
225	0	54	39
216	0	52	42
205	0	42	44
193	0	51	52
177	0	50	52
165	0	51	56
152	0	49	64
138	0	52	65
128	0	48	68
113	0	47	75
101	0	46	81
93	8	39	76
80	22	39	66
70	31	41	63
62	32	38	68
50	43	39	64
45	39	38	72
41	52	33	62
33	52	35	67
28	63	36	59
25	62	34	66
20	74	36	56
21	76	35	60
19	79	36	60
17	88	36	53
19	84	30	64
23	92	34	61
26	93	34	62
29	91	34	66
30	97	39	69
38	95	35	73
43	104	33	70
47	104	36	72
53	107	37	74
60	108	40	76
68	116	42	75
78	112	38	84
85	117	43	83
94	118	44	85
102	128	47	76
113	124	41	82
123	126	44	79
134	132	51	81
145	126	45	89
156	128	49	87
168	126	44	91
177	125	46	90
188	126	49	86
195	122	53	90
206	120	49	94
215	119	49	89
223	122	51	80
233	118	49	82
239	103	45	96
243	95	47	97
248	86	45	88
251	88	49	91
255	89	46	89
253	95	50	74
265	96	48	67
253	74	45	62
253	74	46	68
250	70	51	80
248	56	53	85
243	54	54	92
233	51	63	91
228	39	63	99
226	42	58	109
210	43	66	100
204	52	59	89
196	64	62	89
188	36	52	123
177	62	61	103
159	59	60	109
144	63	56	97
129	77	68	103
115	92	67	88
115	68	49	104
99	97	50	92
86	95	53	94
74	110	52	84
66	105	51	90
63	104	48	93
56	102	46	99
51	115	50	82
47	111	41	75
47	118	41	69
46	116	39	78
52	118	30	53
49	122	32	50
41	126	38	63
47	127	39	68
46	130	39	64
51	128	37	65
55	117	38	77
60	116	34	76
66	115	35	74
72	115	32	76
76	115	35	74
84	118	34	69
91	113	32	75
99	112	32	74
108	108	29	77
116	116	28	71
126	111	28	72
137	109	26	71
147	108	24	69
155	106	27	69
167	97	26	74
175	99	25	68
189	90	25	69
197	92	25	64
205	81	24	67
212	81	25	65
218	82	28	58
227	84	23	54
235	77	24	56
237	69	24	55
242	65	23	52
245	67	24	50
247	66	26	46
252	63	23	46
251	52	23	52
251	61	26	48
252	63	26	48
253	60	27	42
248	50	26	48
246	51	25	51
243	52	25	50
239	48	22	53
236	54	22	49
233	52	23	53
229	52	20	52
224	53	20	51
220	59	18	47
213	60	19	46
208	60	18	47
201	61	18	47
196	62	18	49
189	64	16	45
183	69	16	44
177	69	16	47
171	74	16	44
165	75	15	44
160	81	15	43
153	84	16	41
149	85	14	42
145	96	15	38
139	95	16	40
134	97	15	37
130	98	14	38
125	100	17	41
125	94	14	42
121	100	14	40
119	104	14	36
115	107	15	34
116	104	15	37
114	105	15	38
115	105	16	38
116	110	14	35
115	107	16	38
117	108	14	37
119	109	14	40
121	112	13	36
123	111	13	36
123	116	17	34
128	113	15	38
131	114	14	38
134	120	15	34
137	117	16	35
142	117	16	35
145	114	19	37
151	114	13	37
155	119	16	34
160	116	16	36
165	115	15	35
170	112	16	38
171	110	19	38
177	112	17	35
182	109	16	37
184	105	17	39
189	105	16	36
191	98	18	39
191	96	20	41
194	94	22	42
197	90	19	42
198	89	21	41
197	86	24	39
198	83	21	40
199	82	23	41
201	81	20	39
202	91	21	31
200	83	21	36
200	85	18	34
197	84	20	31
195	81	19	33
189	76	24	39
188	78	22	39
185	78	21	38
180	81	23	38
178	80	19	40
173	80	21	40
168	80	20	41
164	86	20	39
161	91	18	36
155	88	20	40
151	92	18	39
144	98	20	36
140	96	20	40
133	102	21	37
128	108	20	31
125	108	18	33
120	109	18	32
115	108	18	36
112	113	18	30
108	112	17	33
105	111	16	33
100	113	17	31
98	116	20	30
94	115	19	31
94	114	19	31
93	116	17	30
90	113	20	32
92	110	18	34
57	121	25	38
90	108	19	35
91	112	19	34
93	111	21	34
95	110	19	34
98	110	17	34
100	108	19	37
103	109	21	35
108	107	18	37
112	107	19	37
116	107	19	36
120	110	17	36
126	108	15	35
131	107	16	37
137	106	13	36
142	106	14	35
145	103	15	36
152	102	13	37
156	101	13	35
161	101	14	35
164	98	14	36
168	97	14	35
173	92	14	37
176	91	14	37
179	90	14	35
183	90	14	36
185	89	15	35
187	89	17	34
191	88	15	33
194	87	13	33
195	87	14	32
197	85	14	33
199	87	13	33
200	86	14	34
203	93	13	28
203	90	13	33
201	88	14	32
181	104	17	27
164	119	14	26
123	109	42	38
52	48	87	79
23	57	78	103
24	33	64	79
0	48	80	141
13	50	149	154
179	29	74	104
145	37	59	65
185	75	25	43
185	88	14	34
184	84	12	33
181	84	11	32
177	85	10	32
174	84	11	33
171	85	10	32
167	87	11	31
164	87	10	31
160	86	11	31
156	90	10	30
154	90	10	30
150	93	10	28
146	91	10	32
142	91	10	31
140	93	10	30
136	92	10	32
132	97	10	30
130	97	10	30
125	97	11	31
122	101	10	29
120	105	12	28
120	102	10	31
116	103	12	30
116	108	11	28
115	111	13	28
116	108	16	33
117	110	11	26
117	110	12	30
119	110	11	30
120	110	11	32
122	111	12	30
125	111	12	32
127	111	13	32
132	111	13	33
135	110	14	35
140	110	14	34
144	110	15	35
148	109	15	35
153	108	16	36
159	108	14	35
165	107	16	33
169	106	17	32
174	104	16	33
179	101	19	33
184	99	19	35
186	98	22	34
195	94	16	37
198	92	15	36
202	94	18	30
205	92	16	32
210	86	18	38
213	89	17	31
217	86	14	36
219	85	18	33
219	82	20	35
222	77	17	36
221	76	22	36
224	78	20	35
223	77	21	34
225	77	18	36
223	87	23	30
222	84	22	31
223	76	21	35
223	78	19	33
219	77	20	34
219	80	18	33
215	79	18	36
215	85	14	31
212	87	17	32
208	87	18	34
203	91	20	32
200	94	19	32
196	93	17	36
191	98	16	34
186	99	18	35
181	99	17	36
177	104	16	34
173	107	16	35
170	111	15	34
165	113	16	32
159	117	14	31
153	122	15	28
151	123	13	30
146	125	12	30
141	125	12	31
136	127	13	29
133	132	12	27
127	131	12	28
124	134	12	27
121	132	12	28
118	134	12	30
117	135	12	29
114	138	12	27
113	138	12	27
111	134	11	32
110	128	15	36
106	135	12	31
110	134	11	29
90	124	38	45
102	144	23	28
109	133	13	29
111	136	11	29
112	135	11	28
113	134	11	28
115	135	10	26
118	136	10	25
121	134	10	26
124	136	10	23
123	135	15	23
124	126	13	29
131	132	11	23
133	132	12	22
133	131	15	24
136	119	15	33
140	121	14	31
145	121	12	28
149	122	12	29
151	116	12	34
155	122	13	26
160	117	13	31
160	117	19	29
167	117	13	26
169	110	15	31
172	111	15	30
175	108	14	30
177	106	14	32
180	105	15	30
181	100	15	32
184	98	16	29
186	98	14	29
188	96	14	30
188	93	14	28
189	92	15	31
189	91	17	30
181	89	24	32
192	93	16	27
194	92	15	25
193	90	17	26
190	86	17	29
190	84	15	29
187	81	19	32
187	80	16	31
186	76	16	34
183	76	17	33
181	74	16	35
181	76	12	33
178	75	14	33
175	74	13	33
173	80	12	30
170	78	12	28
166	77	12	29
162	79	13	28
158	75	14	32
154	78	16	29
152	82	15	26
147	85	17	26
144	82	17	30
136	75	18	36
132	80	17	33
129	78	18	35
127	77	15	37
124	77	15	41
121	77	14	41
119	78	14	41
115	84	14	36
112	86	15	33
108	90	15	32
107	85	15	37
103	92	14	30
103	94	13	30
101	98	14	30
99	95	18	32
101	95	17	34
99	94	20	35
100	93	17	38
99	93	19	38
102	96	19	37
104	96	18	36
109	94	16	40
111	98	16	38
115	97	16	41
120	96	13	40
126	98	12	37
128	99	13	37
133	104	13	33
138	103	15	34
144	104	16	32
150	105	17	31
152	101	18	32
161	97	17	29
161	86	19	39
166	83	18	43
171	76	20	44
175	74	19	46
180	68	19	45
183	73	20	40
187	68	21	41
190	65	22	44
193	59	21	43
199	64	19	39
202	64	18	36
201	56	20	39
205	63	19	32
206	63	19	33
208	58	18	35
206	65	20	31
202	54	23	40
203	61	22	34
204	60	24	36
206	69	19	33
205	72	17	31
202	69	16	36
199	73	16	34
197	71	15	39
191	75	17	37
188	79	15	36
183	78	15	37
179	84	15	35
175	85	13	35
169	89	13	34
165	92	15	33
157	98	18	30
154	102	15	29
147	106	17	30
140	102	18	34
137	106	20	33
130	104	19	36
122	107	19	35
120	105	17	38
115	108	18	37
111	107	16	38
108	110	17	36
105	110	15	37
103	110	14	38
100	109	16	38
98	114	18	33
98	114	14	29
95	107	15	36
96	112	12	31
97	111	14	31
98	109	16	31
98	106	18	33
101	104	17	31
102	104	17	32
104	95	19	38
107	93	20	42
110	93	18	40
115	91	15	42
120	91	16	40
126	91	14	40
130	91	14	38
138	92	11	35
141	90	12	34
147	89	10	36
153	83	12	39
156	86	14	35
159	81	18	36
163	80	19	35
167	70	20	40
170	69	19	39
173	62	22	41
178	59	20	43
179	52	22	44
184	50	20	42
188	53	20	38
188	46	23	41
191	46	22	38
194	45	21	37
197	43	19	36
200	43	16	35
201	43	17	35
202	43	17	32
204	47	18	30
203	43	18	30
201	42	21	32
198	38	18	37
197	39	24	37
195	39	25	39
192	39	25	39
192	38	23	40
191	42	23	39
189	42	19	42
188	46	20	42
184	48	20	40
181	46	22	42
182	53	16	41
178	58	17	38
175	60	17	40
172	66	16	39
168	62	16	42
163	60	17	45
157	64	21	44
152	55	22	50
146	55	26	49
139	53	31	49
133	54	34	49
130	55	34	48
126	51	34	50
121	52	38	48
121	49	36	50
118	48	35	55
116	47	37	55
113	46	37	58
114	36	32	63
109	51	33	51
109	45	37	58
110	41	34	62
116	41	29	62
116	35	31	72
119	39	32	67
123	47	32	62
132	39	31	72
137	25	36	86
142	22	41	92
144	33	46	78
150	25	59	91
159	20	57	102
165	21	65	105
175	23	63	101
184	42	69	88
197	32	67	99
209	25	64	102
231	38	45	95
238	26	48	102
249	30	50	96
260	36	48	90
271	37	44	84
282	37	40	78
289	35	40	77
289	33	37	73
289	21	41	79
286	22	39	77
290	25	41	73
288	33	41	62
287	26	39	64
285	23	42	72
274	6	50	84
271	9	49	80
270	14	51	74
274	31	41	68
268	27	37	65
263	23	35	69
257	23	33	69
255	32	31	67
251	32	27	67
245	35	30	67
241	46	32	59
233	44	25	60
232	51	22	58
227	61	21	50
222	72	22	45
216	70	19	47
210	77	21	44
205	81	23	43
199	78	24	47
190	80	27	48
185	76	28	52
181	80	28	51
175	85	28	47
170	90	27	42
166	92	26	40
163	88	26	47
160	90	25	47
157	88	24	49
155	91	24	48
153	92	22	48
152	100	19	40
151	99	16	43
147	103	18	39
145	102	18	41
144	111	17	35
143	110	17	38
143	116	17	35
143	115	15	37
141	116	14	37
140	121	15	34
136	121	18	35
138	121	18	37
137	123	21	35
137	127	18	34
138	127	19	33
136	127	23	33
145	126	16	33
140	124	23	35
141	125	21	36
144	122	20	38
145	123	20	37
148	120	19	39
150	119	17	39
153	118	16	39
155	119	16	37
158	120	14	36
161	118	15	37
164	118	13	35
168	114	10	37
170	116	11	36
172	116	13	34
172	117	17	31
175	112	15	34
177	111	20	33
179	103	17	38
179	109	23	33
180	99	23	40
181	100	21	37
182	96	19	40
181	95	22	40
183	85	23	46
185	90	17	40
188	92	18	36
185	92	20	35
189	92	17	37
189	91	16	32
188	90	17	35
188	91	17	35
189	87	16	35
186	86	17	37
184	84	15	36
182	83	17	38
180	81	17	40
175	79	19	43
172	80	20	41
170	82	20	40
165	83	23	40
160	82	24	43
158	83	25	43
154	80	25	47
150	82	22	45
146	88	24	46
145	89	22	47
140	88	21	50
135	89	22	51
128	93	26	52
125	95	21	50
121	96	26	50
117	104	27	48
116	99	20	54
111	107	23	49
109	112	19	47
106	119	22	43
104	118	20	47
103	121	18	43
99	121	18	45
99	127	18	45
99	134	20	41
99	134	20	42
97	134	24	45
98	132	23	49
101	144	21	40
100	134	24	52
101	135	23	51
104	137	23	47
108	141	23	47
111	139	23	47
114	138	21	47
119	137	20	49
124	138	19	47
128	137	17	45
133	138	16	42
139	138	14	39
142	139	13	39
147	137	13	37
152	137	12	38
156	135	13	36
159	133	15	36
163	133	16	33
164	129	18	35
168	128	19	36
172	127	18	35
174	128	21	31
177	120	21	37
180	118	21	39
184	118	19	39
186	109	21	45
189	110	19	40
191	104	18	46
193	109	20	38
197	107	17	40
199	109	18	35
199	101	17	38
199	98	18	42
201	99	14	36
201	98	15	36
202	97	13	35
202	97	16	35
200	98	17	34
199	97	18	35
198	94	18	36
195	89	19	41
194	92	22	40
192	89	19	44
189	94	23	38
184	91	26	45
183	95	20	41
179	98	25	40
177	95	24	45
172	96	22	45
168	101	23	41
162	100	23	45
159	107	22	40
155	108	21	40
151	111	18	40
147	114	17	39
141	115	16	41
138	114	15	43
133	115	13	39
128	120	13	38
125	121	13	36
120	124	12	36
115	124	14	36
110	124	14	36
105	129	15	35
100	130	19	32
97	132	22	30
94	131	21	33
93	128	19	36
90	128	23	39
90	130	23	37
94	122	17	39
94	127	19	36
93	125	22	40
93	126	23	37
94	126	23	39
98	126	22	39
103	125	18	40
107	129	18	39
110	127	17	41
113	126	16	43
119	127	14	41
124	128	14	39
129	129	13	38
134	127	14	38
139	126	12	36
145	125	12	35
149	122	10	34
155	121	12	36
159	116	13	34
162	113	14	34
165	107	17	36
167	103	18	35
170	99	19	36
174	97	20	35
175	89	18	36
177	86	18	37
179	86	21	36
180	83	20	35
180	75	22	40
179	75	21	35
182	74	20	35
183	74	21	32
183	73	20	33
183	71	19	32
182	71	20	34
181	64	19	38
180	65	18	37
180	67	17	35
178	65	17	37
174	63	15	38
171	68	18	35
167	65	14	37
166	69	15	37
161	74	15	35
158	75	14	35
154	78	12	35
152	82	12	34
146	85	11	34
142	88	11	35
136	88	12	36
131	92	13	33
126	95	13	36
121	99	15	35
116	100	15	35
111	102	16	35
104	108	18	31
99	110	19	31
97	108	18	34
92	113	21	32
91	110	18	36
88	113	19	35
84	114	21	33
82	114	20	36
83	112	17	37
79	114	22	34
81	111	18	37
81	112	21	37
79	115	21	35
81	110	21	38
83	111	21	34
88	108	17	37
88	107	18	39
92	107	18	37
96	105	15	39
99	104	16	38
103	104	14	38
107	102	14	37
112	101	13	36
115	102	13	33
119	99	13	35
123	98	12	36
127	97	12	35
132	93	12	35
136	87	11	38
139	89	11	33
142	89	10	32
147	86	11	33
149	86	11	32
152	81	12	33
156	81	12	31
157	80	14	33
159	77	15	34
161	77	17	34
163	77	16	34
165	76	18	33
167	76	16	35
167	76	18	33
168	81	19	31
169	73	19	40
167	73	21	40
169	73	22	41
170	83	20	35
168	75	20	40
167	76	22	39
166	85	23	34
165	80	20	40
163	81	21	38
162	87	19	37
158	85	23	42
155	91	23	39
153	87	21	44
150	91	21	44
144	96	24	40
142	93	23	45
139	98	22	45
135	97	24	49
130	97	23	49
126	106	24	45
125	102	21	50
120	106	21	51
117	107	20	48
113	109	20	48
108	106	23	52
104	115	21	43
100	112	22	46
98	110	21	48
95	110	19	48
93	115	18	46
92	114	19	43
89	113	18	45
91	114	17	39
92	111	16	41
89	118	18	35
88	119	16	37
90	121	14	31
90	114	16	37
91	116	16	36
93	115	14	35
95	115	13	35
98	115	12	34
98	115	12	33
102	114	11	32
103	114	11	32
105	116	10	31
108	113	10	30
109	113	10	30
111	115	10	28
114	114	10	28
115	114	10	26
117	113	10	27
119	116	10	24
119	117	11	25
122	116	11	24
124	115	11	26
123	112	13	29
125	110	12	31
127	114	12	29
129	113	11	28
127	114	16	29
128	115	15	30
130	114	14	30
129	110	16	37
132	118	14	30
129	115	16	36
131	117	15	33
131	118	17	33
128	124	18	33
132	114	17	37
129	112	18	40
127	109	21	43
129	111	21	39
125	109	23	43
125	110	22	39
125	107	22	43
124	116	22	35
126	106	22	42
121	105	24	42
119	104	25	41
114	95	30	44
114	95	28	45
109	81	31	53
108	82	32	49
104	75	32	51
105	72	32	54
102	72	29	49
104	67	28	56
102	59	30	59
102	69	27	49
98	68	33	50
101	71	25	48
98	75	30	45
98	75	27	45
98	72	28	49
100	81	26	46
101	89	23	40
103	88	25	43
103	86	23	44
107	86	20	45
108	92	19	41
110	91	18	43
111	91	16	44
113	94	15	40
114	94	15	39
116	98	14	35
118	96	12	38
119	97	12	36
121	102	12	33
121	99	11	33
122	97	12	36
124	98	12	35
124	98	12	36
125	100	12	34
125	100	12	33
127	97	11	33
128	98	11	33
130	98	11	30
131	98	11	29
132	101	12	28
132	101	12	28
134	101	11	26
135	101	12	28
135	100	14	29
137	100	13	29
137	100	14	30
137	101	15	27
140	98	13	31
140	98	14	32
140	98	16	31
142	97	16	31
144	94	15	35
143	99	18	34
145	98	18	33
146	95	19	37
146	93	20	39
150	95	18	37
149	95	23	37
151	94	23	39
153	93	24	41
155	91	24	45
155	91	26	44
159	88	25	48
161	85	23	48
161	86	29	50
163	84	31	50
167	84	29	51
170	83	29	53
170	81	31	55
173	82	31	53
175	78	32	59
176	79	34	57
180	79	32	57
181	77	35	58
185	76	34	62
187	76	36	60
190	76	31	61
191	77	36	59
195	79	33	59
195	74	37	66
199	75	31	59
200	74	33	61
205	77	30	57
202	78	35	55
206	80	32	55
204	82	35	53
206	81	32	49
206	83	23	46
210	79	28	52
209	81	28	48
209	81	25	48
208	79	24	47
204	75	27	53
201	71	26	53
199	71	26	54
202	72	21	52
197	72	24	52
197	79	21	45
194	77	21	48
194	77	20	47
191	77	19	47
189	77	21	47
188	82	18	43
183	79	19	44
182	85	20	39
180	81	18	44
179	82	19	43
178	83	16	42
175	84	18	42
172	82	17	44
170	88	19	40
170	86	17	43
167	86	16	42
165	89	16	40
162	88	17	42
161	94	15	37
158	98	17	35
156	95	16	39
154	100	17	37
151	99	16	38
148	99	17	39
145	103	17	37
143	107	17	36
140	108	17	36
137	109	19	38
136	106	15	43
131	115	17	36
131	114	16	40
127	113	17	41
124	118	17	42
122	119	16	41
118	124	18	40
116	124	18	43
113	128	19	41
110	130	20	42
108	134	20	41
106	131	20	47
104	138	22	45
102	141	22	43
101	142	21	46
100	148	24	42
100	149	23	41
100	146	23	50
103	143	21	55
105	144	21	57
106	146	23	58
109	145	23	58
112	145	24	59
118	144	23	62
123	142	24	63
128	141	25	65
136	141	23	62
143	139	24	65
149	137	25	65
156	137	24	64
165	132	25	68
174	125	24	70
183	128	23	67
192	123	24	65
201	121	25	69
208	120	29	67
219	115	28	70
228	115	28	66
235	106	27	69
240	100	29	58
251	104	28	66
254	93	31	74
261	88	33	77
264	87	36	76
268	83	35	77
271	82	37	77
277	83	39	78
278	80	38	79
293	114	32	52
288	97	36	73
292	113	33	58
285	99	36	69
288	108	42	67
281	88	40	85
291	122	33	72
270	106	51	87
256	93	47	106
253	113	55	93
241	104	48	106
231	115	43	106
214	120	50	110
195	125	51	94
180	129	50	106
164	135	51	93
144	155	49	82
141	148	47	92
116	152	45	84
108	152	41	77
97	149	40	83
90	138	40	87
93	143	31	80
74	159	42	68
75	145	35	78
73	167	33	54
67	154	30	59
68	146	36	62
68	156	30	55
65	156	32	52
68	155	30	46
67	152	30	51
73	142	27	56
73	157	25	41
75	135	27	57
78	134	27	54
83	132	24	54
86	130	24	53
91	128	24	52
94	124	23	55
99	120	25	56
103	117	23	56
107	116	22	55
111	114	23	54
116	112	24	54
121	109	22	54
125	106	20	54
128	106	25	57
131	105	24	54
136	106	24	54
139	106	25	52
142	105	24	53
144	107	26	53
148	108	25	52
150	112	26	46
152	115	25	45
156	113	22	48
159	116	21	45
159	123	20	39
158	123	22	38
156	125	25	36
154	119	27	43
152	116	27	47
154	126	22	37
151	124	26	41
150	119	24	47
147	121	25	44
146	120	21	44
143	119	19	45
140	119	22	43
138	117	19	45
133	118	22	44
132	117	19	45
129	118	20	45
127	124	20	40
125	121	18	41
120	121	19	40
120	122	16	40
117	121	16	40
117	122	16	39
114	122	16	38
114	124	16	37
110	123	17	38
111	126	17	35
111	127	16	32
111	124	15	37
111	131	15	27
111	129	15	33
111	128	15	27
112	126	16	30
113	122	15	32
114	122	16	31
115	119	16	34
118	120	13	32
118	119	16	31
120	118	17	29
122	111	15	34
122	117	16	28
123	116	17	27
124	110	18	31
126	107	16	34
127	107	16	31
128	106	16	32
127	106	17	33
129	111	14	27
128	110	17	27
115	106	30	47
124	103	20	36
128	105	14	29
128	104	15	32
127	104	15	30
125	102	15	31
124	103	13	29
122	101	16	32
121	106	14	29
119	104	17	29
116	108	16	27
116	106	15	28
115	105	12	30
113	107	14	27
112	108	13	28
109	109	14	28
106	109	15	28
104	111	14	29
103	111	13	27
102	111	12	28
102	110	11	29
100	115	11	26
97	114	12	27
96	118	11	25
95	115	10	27
93	119	11	25
90	116	12	31
90	120	12	28
89	121	10	27
88	124	10	26
88	123	10	27
86	127	10	24
85	128	11	28
86	127	10	27
88	127	10	27
90	126	10	29
91	126	10	29
92	127	10	28
95	128	10	30
97	127	10	30
101	128	10	28
105	127	10	29
108	127	10	30
113	126	10	31
117	126	10	30
121	124	10	32
128	125	10	30
132	124	10	32
137	122	11	31
143	121	10	30
147	119	13	32
153	117	12	33
156	112	13	35
162	112	13	34
166	110	13	35
170	105	14	37
173	105	16	34
175	104	15	36
179	104	16	33
182	102	18	33
184	101	19	34
186	101	18	33
189	101	18	30
188	94	18	35
191	95	18	34
192	97	16	31
193	99	15	28
193	97	15	28
191	94	17	32
190	91	18	33
189	91	18	33
186	89	18	33
184	87	19	36
181	86	19	35
180	86	18	37
175	86	16	37
174	88	17	37
170	88	16	37
166	91	17	37
160	90	17	39
156	94	18	37
150	93	19	40
145	94	19	39
138	93	21	41
134	96	21	41
