0.050270
0.187381
0.144006
0.125447
0.178007
0.150280
0.128561
0.125822
0.133406
0.119964
0.150767
0.119788
0.163525
0.154042
0.100060
0.162109
0.187642
0.104500
0.122692
0.116579
0.125820
0.103525
0.103723
0.123485
0.128762
0.130754
0.204764
0.179713
0.135059
0.131940
0.146665
0.114598
0.153633
0.162570
0.184874
0.151526
0.113234
0.133742
0.095735
0.124647
0.167411
0.098888
0.144876
0.107678
0.109869
0.101677
0.145446
0.153424
0.144956
0.188705
0.128677
0.123363
0.108701
0.110407
0.130138
0.116037
0.125614
0.103594
0.145568
0.126199
0.131218
0.098838
0.119693
0.125894
0.113256
0.151761
0.120785
0.153437
0.136555
0.141127
0.088849
0.098887
0.138952
0.155887
0.125239
0.109904
0.096233
0.088812
0.108347
0.132713
0.127169
0.159996
0.146643
0.108429
0.079082
0.092232
0.098739
0.123811
0.132250
0.122748
0.136117
0.123744
0.099214
0.132773
0.135029
0.159848
0.131840
0.106618
0.106913
0.138837
0.111789
0.153759
0.121714
0.115067
0.189903
0.118717
0.141647
0.160985
0.188884
0.187526
0.166121
0.163797
0.133975
0.105794
0.101803
0.117380
0.146538
0.119451
0.142737
0.146240
0.153779
0.152534
0.114829
0.120950
0.158751
0.131171
0.135801
0.129393
0.213885
0.208220
0.162806
0.152940
0.228255
0.133705
0.090947
0.121294
0.118725
0.150011
0.105875
0.137476
0.124754
0.127738
0.113139
0.116743
0.164433
0.144753
0.147004
0.129993
0.119801
0.142828
0.122621
0.115790
0.158472
0.159807
0.191821
0.145386
0.208840
0.200611
0.126231
0.171144
0.111794
0.123837
0.146500
0.150157
0.176695
0.123623
0.155064
0.199929
0.139955
0.159451
0.155232
0.120871
0.119811
0.133588
0.114357
0.120131
0.146342
0.142011
0.136849
0.112700
0.141828
0.156904
0.128073
0.145827
0.087973
0.162778
0.085808
0.109479
0.150285
0.110493
0.133975
0.175268
0.113856
0.141641
0.150773
0.121818
0.103791
0.122227
0.149215
0.124855
0.137022
0.130807
0.151354
0.116352
0.142792
0.114857
0.121980
0.124116
0.162613
0.199640
0.130159
0.144886
0.155319
0.118665
0.121446
0.118047
0.175050
0.137037
0.134253
0.172730
0.109695
0.115490
0.123948
0.125774
0.130187
0.124895
0.179755
0.176757
0.137887
0.176782
0.141860
0.169805
0.140939
0.136175
0.133334
0.108841
0.126745
0.188846
0.107846
0.125004
0.157694
0.125637
0.146815
0.131803
0.196242
0.138045
0.160859
0.113456
0.098021
0.124990
0.101955
0.130068
0.139842
0.140823
0.144356
0.174847
0.130940
0.144440
0.153832
0.188197
0.146754
0.170676
0.216556
0.183897
0.141836
0.159444
0.139906
0.158680
0.119011
0.119854
0.118818
0.130051
0.119265
0.099789
0.155021
0.105703
0.104671
0.215400
0.143106
0.129719
0.173079
0.135785
0.123884
0.110389
0.101698
0.087024
0.133185
0.156778
0.112824
0.150770
0.106945
0.136793
0.114990
0.128932
0.132814
0.116035
0.134769
0.128378
0.152980
0.132692
0.148647
0.121619
0.131745
0.184484
0.133730
0.132354
0.127771
0.145745
0.131423
0.159724
0.143725
0.124839
0.109477
0.154106
0.156736
0.198716
0.132839
0.107996
0.133468
0.134035
0.118779
0.138421
0.156732
0.127080
0.120626
0.111643
0.152009
0.121387
0.164741
0.182464
0.221066
0.163847
0.109933
0.188959
0.117661
0.143073
0.132523
0.119839
0.185723
0.190739
0.121348
0.157274
0.113856
0.147789
0.174846
0.123131
0.121806
0.114883
0.109565
0.150769
0.149153
0.129292
0.144040
0.125995
0.139444
0.113754
0.170744
0.141967
0.145173
0.114723
0.168737
0.115010
0.098757
0.139806
0.117059
0.128690
0.112788
0.119835
0.125831
0.151399
0.149794
0.097705
0.163817
0.137777
0.141782
0.154292
0.119275
0.185452
0.144258
0.108228
0.134969
0.111737
0.110723
0.133856
0.159145
0.100764
0.139409
0.112784
0.123883
0.162106
0.128658
0.120234
0.137688
0.123417
0.156828
0.218839
0.138747
0.167861
0.149611
0.126078
0.145278
0.143762
0.135546
0.151139
0.194772
0.141781
0.141571
0.152767
0.138866
0.114657
0.125765
0.158734
0.113426
0.112570
0.131808
0.126198
0.184151
0.129512
0.108337
0.148752
0.138671
0.118718
0.116572
0.123535
0.109353
0.125825
0.163714
0.108437
0.126152
0.117069
0.135497
0.113765
0.131757
0.140405
0.120474
0.171336
0.120401
0.121073
0.212104
0.109685
0.153348
0.120942
0.182778
0.194871
0.094792
0.149187
0.113732
0.113651
0.157150
0.167087
0.135210
0.132775
0.138416
0.146777
0.128705
0.142789
0.097256
0.117803
0.134717
0.138773
0.146863
0.159684
0.110507
0.121227
0.135227
0.146247
0.115083
0.128352
0.135575
0.138952
0.149372
0.152330
0.120187
0.143786
0.129112
0.162376
0.151406
0.117766
0.117581
0.130415
0.130774
0.143803
0.215055
0.184107
0.198836
0.128236
0.119782
0.134347
0.159785
0.131691
0.115109
0.183117
0.126788
0.134473
0.132897
0.122970
0.153745
0.128417
0.122746
0.131936
0.108030
0.165882
0.157597
0.119260
0.092885
0.118170
0.117984
0.120912
0.114453
0.135945
0.130244
0.102935
0.123373
0.115653
0.124698
0.100998
0.138088
0.129439
0.115345
0.113562
0.116126
0.108998
0.108427
0.104432
0.102385
0.101088
0.134761
0.132728
0.128899
0.133290
0.141465
0.107398
0.115349
0.122672
0.140707
0.124940
0.108037
0.105996
0.109070
0.112925
0.098191
0.158727
0.170754
0.140735
0.163477
0.108729
0.133813
0.137846
0.139745
0.122782
0.139613
0.127563
0.129331
0.112585
0.100040
0.104412
0.116022
0.125622
0.107755
0.100414
0.149687
0.145612
0.117389
0.111356
0.118024
0.125396
0.121042
0.136590
0.128777
0.113800
0.114691
0.156868
0.130767
0.183419
0.173328
0.126838
0.139840
0.112082
0.096997
0.193850
0.173409
0.108604
0.110765
0.140740
0.129749
0.185242
0.131502
0.147190
0.112870
0.118307
0.155734
0.110407
0.133253
0.094834
0.136206
0.115789
0.114799
0.152910
0.156943
0.123775
0.104755
0.104772
0.137253
0.139829
0.142486
0.121256
0.179783
0.188619
0.172776
0.143027
0.127444
0.151314
0.191681
0.184509
0.121129
0.123137
0.115407
0.120203
0.136922
0.166168
0.097511
0.137031
0.125952
0.137917
0.138492
0.126825
0.130408
0.124904
0.100642
0.094101
0.159826
0.146654
0.135324
0.135078
0.095014
0.138772
0.125075
0.153567
0.205738
0.148477
0.138262
0.144663
0.156861
0.163487
0.132648
0.150371
0.127044
0.122063
0.116665
0.124782
0.125106
0.099448
0.111384
0.112805
0.091181
0.136066
0.107347
0.117754
0.118750
0.114851
0.124523
0.107503
0.134933
0.126807
0.112683
0.106756
0.091059
0.120687
0.143639
0.135543
0.147471
0.167088
0.150831
0.101805
0.126795
0.151179
0.150440
0.124962
0.127795
0.127619
0.160608
0.160820
0.179275
0.155813
0.105017
0.154267
0.144078
0.161281
0.153335
0.105170
0.130955
0.124159
0.138773
0.116761
0.119072
0.140571
0.110759
0.126870
0.117801
0.162756
0.109738
0.120767
0.122763
0.157484
0.165697
0.132129
0.140929
0.126787
0.097449
0.107986
0.169454
0.105817
0.130264
0.117408
0.125691
0.135905
0.138789
0.163797
0.150022
0.139199
0.227841
0.164875
0.174634
0.143582
0.169352
0.114009
0.136738
0.130317
0.130747
0.096706
0.104110
0.094283
0.106796
0.142890
0.144999
0.112833
0.111242
0.159640
0.162193
0.135804
0.187891
0.135808
0.124744
0.111713
0.085489
0.084081
0.120937
0.112728
0.168745
0.130888
0.111614
0.097762
0.117845
0.092794
0.110131
0.088751
0.123915
0.093428
0.112337
0.084236
0.108373
0.097296
0.085196
0.116339
0.104918
0.091987
0.090744
0.088713
0.081141
0.088442
0.102798
0.067546
0.103767
0.104853
0.126537
0.170788
0.101339
0.127846
0.120292
0.102174
0.106256
0.105609
0.148532
0.136452
0.095848
0.104671
0.128791
0.162357
0.135906
0.137901
0.159893
0.137770
0.131896
0.142742
0.157468
0.110374
0.108280
0.096800
0.116062
0.126015
0.083735
0.153408
0.117677
0.110068
0.115886
0.152962
0.134632
0.132720
0.152219
0.125684
0.107788
0.098063
0.087625
0.136741
0.127719
0.106956
0.117925
0.129343
0.092246
0.084385
0.099969
0.097787
0.113244
0.104721
0.075671
0.079735
0.081800
0.099691
0.120699
0.159732
0.128297
0.141727
0.131738
0.125088
0.111147
0.134517
0.155000
0.099200
0.103356
0.089651
0.073051
0.082581
0.109860
0.105707
0.106320
0.098716
0.115778
0.101793
0.101026
0.105842
0.113967
0.099727
0.115778
0.079986
0.126549
0.161907
0.180243
0.181945
0.116849
0.122976
0.110015
0.131758
0.100196
0.119287
0.115757
0.114778
0.116787
0.186812
0.093653
0.117851
0.111924
0.114014
0.114769
0.118824
0.105913
0.148333
0.114267
0.124016
0.096795
0.103727
0.112545
0.106432
0.136731
0.136745
0.132989
0.094939
0.120898
0.121470
0.111011
0.082624
0.085704
0.127311
0.123085
0.124211
0.139594
0.142829
0.124302
0.099935
0.136869
0.127860
0.144928
0.108496
0.139245
0.112300
0.135422
0.137135
0.157628
0.124314
0.129341
0.103809
0.156850
0.130182
0.157636
0.153837
0.184440
0.125814
0.163769
0.115882
0.150807
0.131448
0.105932
0.141781
0.125844
0.155856
0.174749
0.159817
0.124769
0.137831
0.158786
0.189831
0.153410
0.123182
0.129940
0.143091
0.133103
0.102471
0.090152
0.097233
0.138823
0.114077
0.099218
0.162114
0.137709
0.135859
0.162889
0.100992
0.107994
0.152441
0.172795
0.149862
0.135691
0.108724
0.136173
0.155810
0.128522
0.150732
0.173084
0.189879
0.182293
0.138929
0.174769
0.161961
0.114822
0.203849
0.170813
0.138813
0.102222
