0.033916
0.181093
0.114071
0.095080
0.131527
0.143530
0.155493
0.160728
0.109761
0.112436
0.140823
0.132455
0.107585
0.122454
0.129828
0.164625
0.144529
0.153487
0.191492
0.145346
0.119166
0.146364
0.127676
0.123442
0.117531
0.141110
0.162526
0.162576
0.164824
0.111475
0.130932
0.088908
0.150823
0.151498
0.114543
0.134129
0.152222
0.112461
0.132196
0.124328
0.142951
0.126458
0.132528
0.138376
0.131426
0.140455
0.148446
0.190731
0.114203
0.156436
0.147098
0.163454
0.156688
0.124442
0.131461
0.136476
0.127694
0.145878
0.125852
0.141995
0.139448
0.111297
0.142657
0.159619
0.169434
0.157903
0.121629
0.139701
0.152670
0.159468
0.158417
0.146474
0.149467
0.152435
0.123359
0.150469
0.138443
0.134788
0.166460
0.156708
0.106955
0.101403
0.126326
0.139709
0.133485
0.121427
0.099698
0.144445
0.102411
0.124062
0.128574
0.207898
0.147291
0.146833
0.163584
0.153974
0.141322
0.155926
0.128736
0.190498
0.143427
0.120802
0.132801
0.119443
0.132511
0.112413
0.125652
0.132450
0.136452
0.119251
0.119529
0.142438
0.112667
0.118438
0.104724
0.129052
0.119851
0.119667
0.149131
0.137074
0.125460
0.090709
0.106591
0.108349
0.099045
0.103009
0.110056
0.130804
0.116675
0.107657
0.103855
0.105139
0.126768
0.115362
0.115961
0.108787
0.096834
0.098246
0.089199
0.150154
0.111666
0.114249
0.103895
0.099786
0.087521
0.121650
0.090899
0.119042
0.097163
0.120693
0.122014
0.114415
0.095208
0.131147
0.085357
0.118098
0.150282
0.100139
0.148172
0.128344
0.120863
0.090385
0.102908
0.131547
0.120607
0.123539
0.126674
0.116263
0.118527
0.116253
0.132934
0.102235
0.095718
0.092628
0.125936
0.103460
0.114424
0.091750
0.111258
0.109144
0.131351
0.109266
0.097122
0.155586
0.157637
0.154453
0.155628
0.135869
0.152050
0.155794
0.152777
0.130678
0.143248
0.132836
0.175298
0.170512
0.124576
0.171268
0.138906
0.145540
0.177767
0.148454
0.138514
0.119449
0.146738
0.163871
0.209390
0.143425
0.145229
0.152881
0.157395
0.129413
0.163904
0.156789
0.099490
0.088959
0.192649
0.118442
0.116420
0.212841
0.152045
0.126492
0.121452
0.142444
0.180066
0.131450
0.198503
0.167457
0.161577
0.149516
0.142724
0.136040
0.145508
0.133791
0.105336
0.135650
0.150590
0.120313
0.183497
0.165030
0.124655
0.211681
0.217504
0.148687
0.144619
0.138857
0.117461
0.168448
0.181492
0.166059
0.154951
0.163165
0.114432
0.098438
0.112544
0.159347
0.125467
0.121050
0.148148
0.145486
0.147639
0.137527
0.122261
0.136449
0.113900
0.103509
0.125722
0.134946
0.155267
0.110222
0.132109
0.150678
0.116228
0.127809
0.121171
0.159878
0.156756
0.131355
0.145354
0.142445
0.116071
0.180591
0.160686
0.234485
0.118010
0.148227
0.124952
0.145957
0.196459
0.157451
0.105751
0.155612
0.129686
0.133524
0.165985
0.137273
0.127356
0.132795
0.135524
0.126491
0.159452
0.120835
0.116432
0.218552
0.177320
0.159951
0.208503
0.144455
0.140444
0.153808
0.179504
0.109809
0.112943
0.132984
0.129732
0.141026
0.134907
0.130487
0.117327
0.151503
0.149330
0.145801
0.122987
0.161714
0.183873
0.162966
0.165504
0.236126
0.165779
0.135027
0.109484
0.148551
0.119424
0.113219
0.126484
0.160634
0.108199
0.160632
0.114144
0.168483
0.126847
0.156471
0.105429
0.131701
0.146105
0.109616
0.169630
0.133743
0.177775
0.127012
0.116222
0.124648
0.120522
0.136536
0.103458
0.128277
0.170615
0.135481
0.121372
0.099509
0.134898
0.122504
0.115366
0.179725
0.139389
0.191701
0.119467
0.113479
0.132226
0.203671
0.130541
0.153827
0.161461
0.187469
0.175496
0.152025
0.177939
0.132538
0.134803
0.158196
0.156213
0.175653
0.139162
0.136435
0.113413
0.153832
0.136631
0.110635
0.121436
0.146837
0.135458
0.152177
0.149488
0.100795
0.124513
0.109268
0.121463
0.122461
0.148421
0.117380
0.123533
0.107798
0.133482
0.133724
0.151408
0.158458
0.129617
0.087461
0.149379
0.166493
0.150195
0.121475
0.109934
0.139884
0.152225
0.124662
0.168016
0.162319
0.120099
0.120446
0.095402
0.150101
0.136221
0.135808
0.128440
0.139635
0.109137
0.093597
0.109473
0.090910
0.109516
0.118118
0.103471
0.167805
0.140424
0.128452
0.146447
0.154012
0.132450
0.170456
0.123962
0.141494
0.118427
0.115282
0.104686
0.138119
0.112331
0.120441
0.108280
0.097067
0.141985
0.132082
0.133322
0.142442
0.151024
0.122577
0.126507
0.131489
0.178299
0.126501
0.117504
0.132448
0.188526
0.109490
0.160668
0.144653
0.129007
0.116990
0.138212
0.118508
0.097492
0.123892
0.114467
0.133743
0.136111
0.166885
0.115059
0.128117
0.190089
0.116478
0.153899
0.120951
0.112012
0.117440
0.122476
0.122455
0.117586
0.112202
0.122442
0.103814
0.122456
0.110422
0.133476
0.141538
0.132452
0.119194
0.134661
0.109434
0.119978
0.097154
0.120321
0.119356
0.108737
0.104170
0.119584
0.130130
0.096566
0.126350
0.076720
0.093659
0.094754
0.110660
0.151287
0.135100
0.135279
0.140952
0.132977
0.147548
0.170090
0.163491
0.113637
0.135516
0.107528
0.111736
0.163991
0.108508
0.110501
0.108416
0.138491
0.149472
0.153172
0.102720
0.129082
0.181193
0.127466
0.148925
0.130327
0.189821
0.114056
0.099511
0.120897
0.152504
0.127458
0.119358
0.128933
0.132499
0.139002
0.120690
0.127104
0.101186
0.131512
0.162475
0.131450
0.106492
0.134320
0.185611
0.121654
0.126460
0.144825
0.119426
0.125533
0.108611
0.111728
0.106744
0.122982
0.090054
0.128594
0.107528
0.096430
0.104327
0.138926
0.135478
0.111934
0.161182
0.148322
0.139867
0.117928
0.124425
0.106105
0.158226
0.109445
0.133454
0.103468
0.127924
0.093347
0.106312
0.088311
0.112449
0.106485
0.107506
0.110580
0.102553
0.145535
0.105492
0.103511
0.096481
0.071475
0.061450
0.072901
0.079482
0.105644
0.093150
0.113984
0.097983
0.096504
0.096714
0.114280
0.105840
0.105473
0.094954
0.123473
0.108712
0.118471
0.116933
0.102182
0.095095
0.096524
0.142223
0.108083
0.094301
0.137757
0.105497
0.091467
0.121998
0.087440
0.122467
0.107947
0.106492
0.140482
0.133544
0.116103
0.127507
0.101713
0.144097
0.109962
0.121816
0.136531
0.126135
0.117730
0.132681
0.133207
0.088794
0.106997
0.132907
0.105027
0.085221
0.100430
0.160425
0.100675
0.108495
0.153298
0.139425
0.092456
0.119113
0.101473
0.120614
0.107472
0.108460
0.127440
0.138660
0.144458
0.116078
0.133480
0.137853
0.109412
0.178744
0.105885
0.104486
0.112916
0.134472
0.094494
0.129315
0.112852
0.080451
0.120457
0.137454
0.113917
0.128686
0.148227
0.130458
0.125944
0.125461
0.155831
0.111039
0.102058
0.141259
0.110212
0.111233
0.148053
0.115323
0.165431
0.109071
0.095045
0.087349
0.105815
0.108140
0.131531
0.087400
0.098467
0.114999
0.120841
0.134550
0.122302
0.153467
0.120475
0.111430
0.113954
0.093355
0.079451
0.143039
0.086927
0.100964
0.102615
0.084575
0.070924
0.108490
0.148277
0.124503
0.117949
0.126238
0.135454
0.098926
0.103187
0.084942
0.103117
0.109478
0.090810
0.091831
0.128475
0.142323
0.120441
0.070522
0.090677
0.113895
0.107499
0.099125
0.082436
0.092008
0.085325
0.139172
0.113480
0.130505
0.075357
0.086309
0.108510
0.121472
0.129546
0.125698
0.126408
0.081580
0.134463
0.110928
0.117462
0.118071
0.090111
0.099654
0.086639
0.121086
0.106423
0.133511
0.092719
0.080483
0.095552
0.108432
0.106365
0.122482
0.099319
0.107471
0.081459
0.081474
0.118448
0.105592
0.124495
0.088591
0.094358
0.101458
0.113457
0.132943
0.115504
0.127475
0.124783
0.145251
0.130459
0.079198
0.106654
0.085626
0.128525
0.154066
0.131426
0.120219
0.134496
0.130416
0.108462
0.152660
0.095446
0.100611
0.107508
0.118304
0.128948
0.098739
0.101563
0.107964
0.094475
0.088845
0.096612
0.117068
0.090501
0.123461
0.094968
0.082556
0.105490
0.107358
0.106308
0.094710
0.107526
0.104258
0.119503
0.121460
0.087635
0.104583
0.101470
0.107794
0.114636
0.085482
0.078711
0.105465
0.108441
0.131760
0.125279
0.111490
0.098434
0.109878
0.108235
0.143500
0.124891
0.094308
0.114448
0.108344
0.106635
0.127367
0.111891
0.126642
0.105355
0.143609
0.109349
0.097479
0.117200
0.081857
0.090896
0.074529
0.084465
0.117472
0.095490
0.096335
0.110937
0.091474
0.091472
0.080813
0.077964
0.123164
0.112091
0.107498
0.096941
0.132667
0.138186
0.096483
0.086513
0.108435
0.095740
0.111972
0.065388
0.093919
0.097812
0.092976
0.127493
0.109686
0.117617
0.122049
0.129835
0.105490
0.124534
0.130474
0.128379
0.106478
0.092086
0.140496
0.085467
0.122543
0.096459
0.121509
0.134416
0.114367
0.088953
0.139861
0.143453
0.123837
0.118884
0.118468
0.157687
0.124455
0.135966
0.094389
0.101272
0.133476
0.100067
0.114061
0.146340
0.151881
0.104796
0.136490
0.100552
0.107960
0.118174
0.157066
0.119750
0.126147
0.096432
0.121355
0.107301
0.109795
0.124830
0.131879
0.135154
0.123546
0.103597
0.080452
0.091043
0.105272
0.095443
0.105538
0.127449
0.101889
0.117002
0.136758
0.106484
0.093476
0.133454
0.098821
0.104931
0.155215
0.104480
0.116473
0.135526
0.161476
0.085253
0.093152
0.114294
0.088266
0.092344
0.100267
0.115869
0.123557
0.098441
0.072503
0.093705
0.048581
0.105947
0.141437
0.132431
0.123214
0.121915
0.113800
0.132834
0.076832
0.078308
0.139025
0.128018
0.132454
0.116331
0.109856
0.067711
0.108196
0.111835
0.126521
0.107417
0.120823
0.155067
0.112809
0.135790
0.130315
0.121159
0.140925
0.195387
0.137919
0.104145
0.098538
0.121972
0.103498
0.136484
0.124364
0.100259
0.120666
0.115075
0.143896
0.098207
0.140728
0.135334
0.150841
0.151353
0.107399
0.083573
0.111934
0.093961
0.083816
0.114468
0.103834
0.092585
0.131641
0.134823
0.096559
0.095458
0.055485
0.081229
0.082058
0.096616
0.105079
0.119207
0.170903
0.133558
0.091336
0.119479
0.138476
0.121822
0.085498
0.190852
0.107569
0.104324
0.111203
0.091599
0.080295
0.044735
0.068495
0.118743
0.101016
0.122269
0.104475
0.112947
0.093125
0.098934
0.118520
0.104550
0.095279
0.076905
0.119257
0.087896
0.074845
0.079590
0.093609
0.114711
0.108537
0.107677
0.118675
0.097799
0.079548
0.081850
0.146048
0.153832
0.123705
0.089613
0.075546
0.076390
0.113603
0.089639
0.102491
0.072593
0.079201
0.068670
0.093423
0.089900
0.085635
0.117818
0.092479
0.147342
0.133159
0.114785
0.102119
0.101808
0.115425
0.114307
0.093406
0.124435
0.131702
0.147840
0.106523
0.150629
0.115726
0.142491
0.130958
0.109604
0.165596
0.107079
0.112065
0.146148
0.080909
0.105698
0.105775
0.107427
0.149816
0.113613
0.079290
0.087809
0.100869
0.082215
0.080248
0.068039
0.093995
0.099579
0.091570
0.125863
0.094754
0.105563
0.091510
0.077830
0.103730
0.102029
0.109577
0.085188
0.092923
0.077537
0.098965
0.105688
0.091288
0.078569
0.070905
0.095524
0.082045
0.091024
0.093813
0.080132
0.066856
0.084801
0.095861
0.060941
0.057117
0.133440
0.086722
0.159650
0.105651
0.076924
0.075361
0.089144
0.089547
0.085600
0.090934
0.092632
0.082882
0.074927
0.098534
0.100574
0.097140
0.098439
0.084565
0.096327
0.100597
0.074837
0.123697
0.113965
0.074962
0.083609
0.090850
0.117789
0.090551
0.108327
0.074927
0.080947
0.089552
0.082561
0.116492
0.085911
0.111043
0.090842
0.097709
0.099613
0.082689
0.091585
0.104277
0.112572
0.097421
0.114568
0.110538
0.095786
0.094265
0.103566
0.089279
0.108015
0.111677
0.089906
0.133918
0.098693
0.124069
0.117469
0.100568
0.103961
0.097357
0.099929
0.104492
0.102018
0.096725
0.087856
0.105799
0.084934
0.095391
0.099603
0.087938
0.100049
0.105514
0.086666
0.117187
0.077380
0.081661
0.069873
0.102871
0.119568
0.135644
0.120569
0.105351
0.100455
0.119308
0.088191
0.076514
0.086909
0.078559
0.104578
0.106279
0.102234
0.107522
0.095556
0.089550
0.088709
0.103319
0.108560
0.082573
0.102846
0.104913
0.101330
0.100961
0.113951
0.087584
0.083177
0.099497
0.139072
0.129811
0.133556
0.104574
0.090761
0.113607
0.123054
0.121931
0.103616
0.092938
0.078302
0.105569
0.088953
0.080910
0.096599
0.099103
0.096037
0.101680
0.087597
0.085001
0.069489
0.109888
0.126917
0.113598
0.106818
0.122509
0.089346
0.083857
0.103559
0.098126
0.095628
0.113749
0.094346
0.114495
0.096578
0.116263
0.076695
0.074825
0.110687
0.114561
0.133783
0.103626
0.106609
0.071632
0.082686
0.110489
0.119645
0.118803
0.121658
0.137811
0.160584
0.120747
0.140679
0.099352
0.103565
0.115555
0.075979
0.127415
0.125005
0.156533
0.138749
0.119790
0.107498
0.118544
0.135677
0.109542
0.105531
0.126488
0.116934
0.109827
0.109524
0.146484
0.113634
0.150216
0.115602
0.129144
0.098604
0.131815
0.114980
0.082628
0.167171
0.135455
0.130603
0.121541
0.095597
0.096016
0.080400
0.147480
0.119169
0.096381
0.091946
0.092448
0.113547
0.106849
0.135363
0.149806
0.117309
0.092542
0.113611
0.125940
0.118899
0.131912
0.110565
0.100798
0.134680
0.142960
0.148205
0.135543
0.146571
0.111886
0.156671
0.116716
0.135625
0.131400
0.137620
0.105691
0.113000
0.089229
0.112561
0.119558
0.126620
0.122520
0.176153
0.118066
0.075257
0.154488
0.115059
0.103727
0.123164
0.128201
0.112716
0.089532
0.089144
0.084697
0.088624
0.079520
0.070770
0.079525
0.093965
0.088676
0.086625
0.100260
0.082636
0.084321
0.086589
0.103332
0.091612
0.081648
0.087874
0.085402
0.091611
0.077662
0.106643
0.081955
0.083567
0.126338
0.174746
0.138524
0.176619
0.151787
0.108155
0.084520
0.103548
0.108542
0.120507
0.143471
0.087303
0.087586
0.085583
0.085747
0.064750
0.073904
0.087471
0.121066
0.121845
0.096599
0.095968
0.074525
0.076715
0.076121
0.082587
0.092253
0.071282
0.089562
0.070580
0.105175
0.115763
0.123975
0.104102
0.149327
0.092603
0.085370
0.106771
0.131983
0.131775
0.098079
0.109864
0.070566
0.100605
0.076537
0.079787
0.065895
0.065575
0.097168
0.115636
0.104583
0.132327
0.101251
0.108589
0.093914
0.101860
0.078686
0.132785
0.105548
0.099916
0.118420
0.102906
0.100493
0.120588
0.071745
0.126158
0.090965
0.088489
0.082798
0.078475
0.092874
0.086432
0.094060
0.088194
0.084613
0.067389
0.112577
0.113843
0.096569
0.091490
0.108392
0.098582
0.096901
0.102645
0.090076
0.113437
0.093606
0.079646
0.063138
0.075503
0.090953
0.090785
0.083557
0.097023
0.109530
0.099277
0.074982
0.109203
0.121520
0.095715
0.112504
0.124303
0.081564
0.088343
0.071454
0.068777
0.102387
0.100609
0.132008
0.116534
0.120955
0.099879
0.075565
0.090618
0.118810
0.105627
0.101655
0.088037
0.097612
0.111721
0.102561
0.089614
0.126459
0.106265
0.098131
0.109543
0.092286
0.090743
0.101549
0.092623
0.105994
0.114587
0.163740
0.131221
0.090510
0.088806
0.074279
0.099667
0.104970
0.097951
0.141240
0.081814
0.086540
0.082608
0.092565
0.126582
0.100446
0.097563
0.088191
0.077867
0.106546
0.101600
0.086559
0.081473
0.094381
0.128688
0.110522
0.100456
0.081729
0.114965
0.093099
0.084589
0.085151
0.095256
0.095955
0.096915
0.069675
0.088207
0.099254
0.094606
0.104580
0.097496
0.100513
0.064572
0.092858
0.094121
0.087246
0.134264
0.089462
0.096911
0.073298
0.093915
0.104588
0.108893
0.083547
0.073577
0.115685
0.117579
0.116560
0.113674
0.118547
0.101751
0.109591
0.102389
0.092865
0.093247
0.076549
0.104537
0.107559
0.112835
0.113572
0.124691
0.098266
0.074496
0.071134
0.092553
0.090327
0.107955
0.068536
0.081051
0.084460
0.078584
0.097596
0.090926
0.085558
0.080985
0.059775
0.072975
0.101727
0.112856
0.088271
0.084361
0.101583
0.124652
0.080768
0.090015
0.084851
0.077895
0.075932
0.095252
0.102911
0.080511
0.093735
0.128399
0.091352
0.089414
0.096374
0.133862
0.131981
0.115567
0.092551
0.081002
0.111590
0.095644
0.106541
0.106587
0.113546
0.103416
0.079667
0.080888
0.076648
0.096994
0.101519
0.091121
0.093623
0.111022
0.098592
0.129464
0.086576
0.097586
0.127722
0.083694
0.114752
0.074067
0.080577
0.090825
0.088531
0.066580
0.077916
0.067563
0.099566
0.061595
0.077413
0.088973
0.079536
0.070588
0.064630
0.096227
0.094083
0.077604
0.071660
0.066740
0.107306
0.086576
0.092295
0.078182
0.108660
0.097835
0.106498
0.081512
0.090431
0.116604
0.128540
0.093208
0.079827
0.135928
0.114220
0.107615
0.083565
0.093985
0.123849
0.098449
0.111667
0.099983
0.114556
0.086583
0.101982
0.069593
0.102970
0.095911
0.098554
0.077674
0.083325
0.083575
0.059744
0.101401
0.071739
0.073123
0.087043
0.112455
0.109588
0.084990
0.097060
0.085573
0.094960
0.105295
0.117840
0.088650
0.082351
0.119131
0.124600
0.098468
0.174002
0.131194
0.098574
0.161196
0.087341
0.093064
0.089921
0.085492
0.109179
0.124639
0.100554
0.101394
0.069824
0.099242
0.086900
0.128250
0.118644
0.081924
0.114342
0.114785
0.108097
0.081670
0.088488
0.098546
0.077573
0.094397
0.082807
0.085926
0.062448
0.095659
0.072619
0.073602
0.111976
0.086439
0.106659
0.118884
0.071688
0.091754
0.089028
0.128567
0.071951
0.082635
0.074563
0.068601
0.090613
0.096455
0.062228
0.106894
0.099102
0.085269
0.096347
0.093566
0.114558
0.074313
0.097268
0.080893
0.103011
0.099436
0.091626
0.068577
0.111995
0.104846
0.094363
0.087607
0.059719
0.122418
0.077507
0.087999
0.101560
0.076689
0.068879
0.076628
0.074706
0.091868
0.063699
0.084718
0.125795
0.093767
0.084546
0.093226
0.101277
0.063743
0.076840
0.067684
0.083881
0.091450
0.076917
0.098211
0.087274
0.076897
0.074420
0.082591
0.088820
0.103221
0.094593
0.061513
0.103953
0.130675
0.101651
0.118068
0.089798
0.111120
0.088414
0.083577
0.060562
0.091980
0.090612
0.071775
0.075937
0.101838
0.098861
0.080550
0.092987
0.087599
0.086577
0.100620
0.095283
0.126641
0.081951
0.090606
0.083761
0.097164
0.094406
0.124356
0.076305
0.095002
0.100220
0.086493
0.076561
0.104581
0.079231
0.085153
0.083577
0.065587
0.116089
0.082666
0.070576
0.070340
0.084478
0.096750
0.079754
0.110554
0.053546
0.090990
0.076664
0.082783
0.092570
0.086636
0.124481
0.136137
0.073681
0.070858
0.089007
0.095604
0.061609
0.081405
0.089606
0.057828
0.066908
0.102848
0.081676
0.085667
0.066940
0.072936
0.056115
0.079881
0.085065
0.073026
0.078960
0.070034
0.093570
0.084595
0.078854
0.078658
0.064871
0.134823
0.111531
0.098624
0.099364
0.081565
0.085525
0.083571
0.079575
0.085505
0.133337
0.098127
0.121947
0.120627
0.085519
0.081044
0.098914
0.116813
0.101775
0.103261
0.149516
0.100778
0.120797
0.092168
0.114433
0.108333
0.109685
0.100341
0.096983
0.074602
0.090908
0.088567
0.078258
0.085422
0.068866
0.073573
0.074976
0.087746
0.079532
0.090585
0.085557
0.105589
0.120736
0.154948
0.144677
0.090554
0.109979
0.095576
0.092556
0.113815
0.153651
0.136015
0.109547
0.104578
0.087033
0.118977
0.130579
0.124470
0.089810
0.085171
0.069855
0.081894
0.089580
0.120099
0.104548
0.091599
0.088214
0.093582
0.099558
0.112506
0.115585
0.057380
0.108564
0.077979
0.102952
0.086847
0.078215
0.092589
0.099174
0.083951
0.078704
0.082103
0.094636
0.068140
0.079167
0.101986
0.093815
0.118614
0.112798
0.158106
0.124360
0.088565
0.106718
0.099718
0.082435
0.093055
0.085514
0.104625
0.160507
0.099158
0.158295
0.142379
0.086631
0.082456
0.078722
0.114428
0.125955
0.111272
0.103665
0.090893
0.093902
0.086300
0.090085
0.093528
0.130996
0.116954
0.091541
0.101397
0.079410
0.106216
0.122764
0.064567
0.103952
0.109713
0.141767
0.108074
0.107666
0.097433
0.089807
0.118132
0.102596
0.109358
0.124055
0.094216
0.113475
0.140992
0.124677
0.116581
0.088885
0.111617
0.087939
0.111848
0.091404
0.084584
0.087191
0.112247
0.106550
0.090995
0.109266
0.093367
0.087591
0.104591
0.089876
0.123939
0.093493
0.100945
0.129642
0.172536
0.113382
0.142790
0.113261
0.096464
0.096565
0.104794
0.094985
0.057173
0.088548
0.077283
0.079957
0.113601
0.113654
0.084475
0.140000
0.114866
0.059650
0.110881
0.070144
0.101717
0.100119
0.073785
0.102906
0.120609
0.088964
0.118129
0.094874
0.118828
0.096605
0.083851
0.092161
0.082473
0.101426
0.111612
0.080544
0.105730
0.105784
0.091898
0.075726
0.105257
0.099662
0.089422
0.117356
0.082849
0.088540
0.069490
0.082200
0.086542
0.090661
0.071384
0.101445
0.083691
0.106812
0.112752
0.067591
0.067837
0.076791
0.092387
0.088183
0.096112
0.076073
0.094758
0.087234
0.056170
0.068802
0.061797
0.070690
0.072134
0.064489
0.059719
0.079509
0.060616
0.084840
0.080801
0.053244
0.078419
0.072778
0.063571
0.087593
0.070656
0.059209
0.071029
0.068698
0.079819
0.071778
0.067610
0.101300
0.083616
0.103341
0.104741
0.091119
0.090597
0.107168
0.066680
0.140563
0.139660
0.081824
0.106303
0.124578
0.097753
0.086551
0.106856
0.115610
0.103185
0.077269
0.098052
0.094377
0.074909
0.097714
0.056956
0.085223
0.082239
0.104469
0.086536
0.091567
0.077415
0.108159
0.074994
0.079738
0.129974
0.109931
0.085839
0.113538
0.102554
0.138569
0.111546
0.108567
0.096901
0.092092
0.087466
0.084557
0.080986
0.120571
0.089587
0.078538
0.087179
0.085856
0.096857
0.069633
0.087725
0.092581
0.122746
0.109217
0.125556
0.086113
0.077542
0.066523
0.108116
0.065580
0.058558
0.091569
0.057603
0.077569
0.087151
0.099882
0.100574
0.095111
0.110566
0.092699
0.088781
0.096565
0.086965
0.113456
0.061799
0.099995
0.086458
0.063728
0.066272
0.069970
0.089324
0.101618
0.080266
0.093127
0.074181
0.099867
0.047593
0.090475
0.097569
0.080955
0.079272
0.085569
0.084631
0.085941
0.074307
0.068848
0.078572
0.063527
0.070449
0.091989
0.088264
0.071526
0.093165
0.132338
0.089533
0.085150
0.092530
0.096566
0.107565
0.105643
0.109986
0.115611
0.116027
0.129367
0.126535
0.112544
0.128114
0.126647
0.095624
0.121782
0.114553
0.151598
0.096642
0.061604
0.055250
0.082386
0.064166
0.087025
