3.312985
1.741212
0.232122
0.125489
0.307152
0.231122
0.213242
0.170162
0.142003
0.248498
0.370555
0.235120
0.388830
0.413890
0.371626
0.500391
0.329165
0.459203
0.054945
0.078819
0.100615
0.057392
0.259549
0.350969
0.399123
0.285726
0.313053
0.061341
0.363593
0.268138
0.066477
0.291064
0.262521
0.238534
0.304839
0.309319
0.296458
0.329697
0.358131
0.081609
0.237265
0.082501
0.347296
0.354327
0.471871
0.399433
0.062881
0.444600
0.073924
0.203084
0.401240
0.309106
0.220281
0.082935
0.054856
0.057700
0.048278
0.087180
0.045584
0.057060
0.484369
0.072780
0.091628
0.065856
0.375452
0.135725
0.301681
0.067527
0.418679
0.094764
0.525473
0.321583
0.231996
0.251399
0.235535
0.258857
0.264909
0.244790
0.244258
0.176221
0.050441
0.495534
0.273559
0.376130
0.234650
0.231505
0.049531
0.279359
0.439620
0.357094
0.226574
0.053018
0.149405
0.346411
0.053731
0.360691
0.274345
0.267070
0.263603
0.071037
0.089582
0.204284
0.373885
0.074270
0.446120
0.463436
0.552778
0.278544
0.093449
0.380887
0.224444
0.267017
0.248423
0.239769
0.324215
0.236327
0.255138
0.243974
0.088189
0.393356
0.342695
0.235588
0.152780
0.057952
0.328061
0.238352
0.248610
0.147351
0.185061
0.428182
0.064318
0.065891
0.381085
0.269246
0.225562
0.238078
0.075728
0.294156
0.175754
0.046177
0.044503
0.194620
0.313965
0.341888
0.396527
0.066261
0.242029
0.435123
0.648512
0.046986
0.044036
0.151020
0.298303
0.054768
0.396977
0.061152
0.202023
0.380444
0.330978
0.408255
0.382558
0.113871
0.360815
0.051240
0.057863
0.306998
0.075787
0.248687
0.225573
0.146013
0.482352
0.056951
0.598815
0.240160
0.055906
0.370847
0.425563
0.248625
0.082023
0.179318
0.118955
0.361533
0.078564
0.511299
0.284440
0.060664
0.077406
0.154142
0.061787
0.438680
0.361910
0.267060
0.049284
0.065271
0.423823
0.095732
0.079068
0.227943
0.296639
0.046874
0.042383
0.171370
0.214257
0.284712
0.412030
0.327445
0.054756
0.235161
0.604730
0.263984
0.278094
0.179617
0.155168
0.187882
0.322759
0.375534
0.449599
0.288402
0.382812
0.365388
0.347894
0.391836
0.417304
0.185766
0.299540
0.257011
0.564240
0.288450
0.159399
0.390640
0.234438
0.243793
0.234523
0.062196
0.124418
0.448130
0.643616
0.428702
0.357705
0.430984
0.399836
0.385796
0.080248
0.279685
0.334929
0.231872
0.179932
0.055070
0.172199
0.076569
0.153433
0.086801
0.186369
0.222917
0.047820
0.155005
0.072670
0.308718
0.067355
0.369377
0.444432
0.235602
0.327643
0.325789
0.446120
0.465607
0.059866
0.464240
0.152541
0.059788
0.256467
0.419858
0.326602
0.353203
0.317781
0.379854
0.261992
0.304983
0.363165
0.475039
0.383598
0.265177
0.363111
0.357260
0.046162
0.409778
0.344344
0.238512
0.228320
0.236395
0.046259
0.464322
0.065812
0.273028
0.321305
0.216564
0.209766
0.400982
0.050078
0.235441
0.045474
0.634576
0.295295
0.373570
0.386245
0.356778
0.520338
0.440426
0.424423
0.411716
0.271332
0.042645
0.037352
0.047592
0.056736
0.040642
0.068982
0.049611
0.071270
0.061973
0.042606
0.061142
0.073549
0.040919
0.101228
0.073725
0.095966
0.039751
0.044480
0.441798
0.259856
0.261259
0.194703
0.054313
0.379624
0.300941
0.225341
0.487232
0.073265
0.555802
0.359503
0.373247
0.110365
0.032275
0.043547
0.044078
0.136135
0.055606
0.045956
0.048270
0.048010
0.155977
0.054300
0.143814
0.116782
0.078789
0.241606
0.106619
0.081518
0.044629
0.045022
0.044016
0.165441
0.270992
0.368838
0.303973
0.131248
0.293695
0.301229
0.097929
0.332773
0.230518
0.304075
0.373320
0.083477
0.187219
0.107483
0.103615
0.181795
0.137288
0.060509
0.618819
0.519740
0.514352
0.242669
0.063747
0.448951
0.114978
0.532645
0.341802
0.470757
0.102256
0.623607
0.387136
0.365947
0.436048
0.347317
0.459792
0.246562
0.055108
0.484219
0.241152
0.243956
0.241485
0.227987
0.053356
0.417842
0.328055
0.392789
0.205349
0.276136
0.527395
0.261161
0.222775
0.244168
0.088965
0.061980
0.057892
0.042548
0.050597
0.045877
0.055296
0.104948
0.048969
0.061329
0.044846
0.048436
0.046977
0.052217
0.067414
0.065695
0.087589
0.051696
0.084542
0.097526
0.069333
0.093053
0.089259
0.042982
0.170328
0.052155
0.045228
0.056962
0.111612
0.070290
0.078789
0.088245
0.061608
0.061065
0.050968
0.105709
0.079273
0.052844
0.049946
0.054227
0.051016
0.045000
0.181663
0.078351
0.071501
0.053674
0.053038
0.043366
0.107076
0.073941
0.087610
0.049221
0.040924
0.118443
0.171256
0.270253
0.188567
0.252430
0.357373
0.426835
0.350345
0.292281
0.252743
0.060584
0.192145
0.175644
0.149418
0.362300
0.226666
0.241016
0.208726
0.065088
0.046966
0.050187
0.340932
0.310170
0.305501
0.500186
0.348636
0.552228
0.456082
0.392961
0.053122
0.340821
0.322152
0.361204
0.361744
0.262552
0.267913
0.335589
0.343018
0.355479
0.294060
0.302329
0.253341
0.238646
0.243571
0.224214
0.245377
0.299160
0.242465
0.356145
0.242447
0.233189
0.237699
0.231341
0.234879
0.256477
0.061909
0.148078
0.076437
0.101767
0.063884
0.049912
0.090796
0.042695
0.103994
0.031424
0.081689
0.163045
0.047385
0.042659
0.042447
0.044645
0.325338
0.385818
0.397259
0.433447
0.156690
0.056261
0.073822
0.120798
0.070150
0.136033
0.049375
0.065333
0.062387
0.055171
0.062236
0.054651
0.055477
0.071730
0.084863
0.055098
0.064109
0.068368
0.076109
0.108802
0.184046
0.190343
0.162166
0.247342
0.288016
0.463247
0.087128
0.220654
0.404174
0.277883
0.424380
0.389034
0.501744
0.364714
0.311148
0.343878
0.304388
0.299555
0.244602
0.262271
0.233670
0.233123
0.235801
0.068802
0.381576
0.056639
0.106919
0.045321
0.231931
0.046713
0.039804
0.040246
0.250533
0.368758
0.228493
0.050069
0.273043
0.301655
0.316486
0.225289
0.138010
0.056222
0.313200
0.112728
0.161139
0.095546
0.521311
0.250612
0.244825
0.282992
0.081051
0.374518
0.240565
0.416697
0.352412
0.257460
0.283086
0.276566
0.399889
0.322238
0.285353
0.286028
0.379242
0.365936
0.155452
0.107255
0.161214
0.359529
0.399151
0.335478
0.250445
0.329240
0.268771
0.264379
0.338819
0.245317
0.417374
0.163239
0.637226
0.519051
0.333966
0.044627
0.119240
0.255868
0.119941
0.360657
0.331676
0.322376
0.362382
0.409745
0.271744
0.051289
0.395086
0.241435
0.307126
0.258992
0.237856
0.444657
0.382925
0.330147
0.393954
0.385718
0.244141
0.242392
0.248322
0.438992
0.249806
0.050627
0.343661
0.356046
0.302693
0.307203
0.198746
0.439632
0.116180
0.185931
0.592651
0.056206
0.402058
0.273099
0.105933
0.228154
0.300019
0.268783
0.377953
0.114127
0.334286
0.274265
0.181435
0.046467
0.046352
0.064393
0.056372
0.058670
0.073408
0.147722
0.079145
0.064905
0.226607
0.074060
0.607973
0.279711
0.291133
0.235252
0.260681
0.076743
0.371654
0.236588
0.054935
0.312561
0.277854
0.232846
0.236137
0.241485
0.216400
0.232084
0.234318
0.232637
0.051422
0.076253
0.047915
0.253713
0.056698
0.307548
0.215251
0.262771
0.243578
0.086826
0.416921
0.263856
0.403528
0.314291
0.222718
0.196217
0.195788
0.395746
0.388317
0.325201
0.415242
0.165096
0.112919
0.495596
0.081554
0.098810
0.105094
0.345492
0.169673
0.275272
0.263761
0.112532
0.044351
0.046466
0.045311
0.057681
0.234056
0.128331
0.302977
0.059983
0.663157
0.092758
0.046826
0.041336
0.043114
0.041726
0.041765
0.236959
0.130906
0.107077
0.245826
0.060172
0.143425
0.466583
0.083533
0.184426
0.606219
0.074123
0.425325
0.315114
0.248794
0.306796
0.288322
0.322590
0.263020
0.121550
0.055832
0.285540
0.321298
0.313527
0.390964
0.276539
0.268596
0.298101
0.132328
0.236027
0.430035
0.060583
0.284321
0.093244
0.597904
0.382978
0.249767
0.275397
0.070345
0.044032
0.045756
0.045826
0.069571
0.167589
0.111883
0.371062
0.124204
0.287029
0.140596
0.113697
0.121767
0.312807
0.302371
0.220403
0.307621
0.229011
0.045112
0.277425
0.243372
0.229652
0.228525
0.047084
0.380889
0.237283
0.236501
0.049618
0.370981
0.057111
0.285795
0.160934
0.300911
0.407171
0.097006
0.275036
0.185310
0.489309
0.277940
0.057361
0.049476
0.418109
0.248228
0.332467
0.284284
0.249404
0.323968
0.254317
0.065711
0.428520
0.314894
0.058381
0.217834
0.497857
0.230282
0.052568
0.416152
0.052795
0.264096
0.089039
0.616322
0.211551
0.399904
0.176697
0.176897
0.370072
0.055267
0.468019
0.292427
0.068750
0.547970
0.294888
0.299851
0.173334
0.050505
0.042442
0.049742
0.049313
0.259711
0.292093
0.352586
0.385192
0.253694
0.280515
0.253696
0.232945
0.313343
0.341880
0.353414
0.262562
0.354624
0.496654
0.047943
0.065739
0.041884
0.055230
0.085905
0.177943
0.372118
0.241672
0.272018
0.234361
0.212729
0.302340
0.050240
0.367995
0.224943
0.222110
0.283140
0.234792
0.049777
0.328858
0.211379
0.307929
0.247095
0.229023
0.047862
0.415101
0.082350
0.198322
0.543153
0.246508
0.377280
0.361385
0.420798
0.334061
0.312188
0.429799
0.361876
0.367414
0.591547
0.296756
0.241626
0.041475
0.053532
0.041443
0.350933
0.068303
0.479214
0.248162
0.307038
0.326533
0.485562
0.205820
0.380264
0.528072
0.129925
0.117893
0.093811
0.575899
0.337514
0.456969
0.332833
0.426729
0.127169
0.365507
0.529715
0.454515
0.424859
0.367728
0.071345
0.840335
0.387322
0.277380
0.228692
0.315345
0.452420
0.475336
0.284123
0.384792
0.144250
0.310445
0.499180
0.097488
0.431245
0.247697
0.246093
0.481665
0.485460
0.198628
0.337539
0.166698
0.041147
0.090917
0.126343
0.092888
0.065381
0.561910
0.217135
0.230968
0.095568
0.333720
0.085846
0.324117
0.229041
0.234464
0.051093
0.155369
0.216634
0.227945
0.252466
0.249136
0.275945
0.373690
0.057687
0.327349
0.267796
0.236996
0.117136
0.295126
0.462516
0.327310
0.418517
0.100520
0.404331
0.128952
0.631581
0.096943
0.056727
0.050907
0.040887
0.084418
0.093763
0.487408
0.266563
0.317553
0.270645
0.368739
0.559242
0.203314
0.045995
0.230056
0.262733
0.078499
0.386399
0.052811
0.394796
0.305897
0.097929
0.445885
0.051882
0.064143
0.053960
0.046548
0.043115
0.045756
0.042979
0.269540
0.064712
0.443270
0.240329
0.251784
0.056913
0.181688
0.198564
0.600696
0.288700
0.342022
0.409512
0.228127
0.223212
0.259169
0.131769
0.050130
0.246006
0.167194
0.290517
0.214769
0.211190
0.065713
0.327180
0.510872
0.118756
0.074249
0.086077
0.491291
0.337960
0.221976
0.326962
0.242447
0.233439
0.304079
0.248234
0.152697
0.227749
0.065279
0.224827
0.176283
0.308636
0.308082
0.346420
0.432045
0.066513
0.620788
0.340607
0.344573
0.343759
0.311596
0.252472
0.228959
0.227427
0.232085
0.239916
0.236444
0.226305
0.233398
0.209889
0.150121
0.250182
0.048552
0.062856
0.090106
0.092606
0.039496
0.224607
0.220452
0.488806
0.091894
0.187729
0.613987
0.054771
0.048596
0.045609
0.420305
0.108795
0.070736
0.052892
0.051008
0.299820
0.063113
0.102288
0.087389
0.044468
0.050714
0.216537
0.478160
0.232287
0.103930
0.040660
0.112944
0.089616
0.435196
0.228634
0.138014
0.155859
0.269244
0.288431
0.376210
0.349920
0.095970
0.444508
0.512627
0.398434
0.095967
0.618978
0.253162
0.110663
0.177612
0.367332
0.225582
0.367842
0.461209
0.404518
0.241169
0.235383
0.057122
0.080893
0.488436
0.043871
0.287096
0.245065
0.280837
0.400753
0.479014
0.244478
0.157027
0.236388
0.239087
0.233611
0.428136
0.091255
0.163330
0.266066
0.164236
0.205565
0.149055
0.211640
0.363901
0.315260
0.292466
0.231891
0.268887
0.187926
0.336648
0.110176
0.062976
0.044598
0.046736
0.045033
0.045116
0.043958
0.048204
0.045495
0.427578
0.044162
0.046840
0.077430
0.057852
0.042656
0.213201
0.264671
0.255429
0.438740
0.098477
0.257822
0.206660
0.397992
0.300452
0.432358
0.101133
0.099884
0.083882
0.066108
0.093452
0.055470
0.044756
0.267352
0.450504
0.080546
0.222008
0.399347
0.210411
0.139714
0.065699
0.113003
0.130811
0.186069
0.334252
0.238709
0.124845
0.393352
0.073670
0.264889
0.162350
0.348771
0.216947
0.342970
0.304275
0.091510
0.608428
0.095723
0.509274
0.143290
0.244309
0.193122
0.415936
0.171193
0.379943
0.097895
0.386634
0.063488
0.518955
0.263676
0.260017
0.247109
0.382979
0.279350
0.186604
0.104012
0.129926
0.042185
0.149315
0.366138
0.207566
0.228190
0.220403
0.232131
0.236088
0.050582
0.381366
0.086945
0.321553
0.192167
0.199834
0.080880
0.386061
0.106153
0.044199
0.052819
0.050297
0.043431
0.077329
0.046302
0.317003
0.203627
0.044677
0.142596
0.284339
0.241882
0.045479
0.272549
0.393209
0.273999
0.077928
0.214632
0.129169
0.051995
0.050593
0.044571
0.061006
0.074887
0.151348
0.045450
0.121062
0.172648
0.260092
0.275843
0.329775
0.250593
0.282970
0.300771
0.393301
0.371645
0.256840
0.246859
0.389143
0.217527
0.279677
0.264324
0.358235
0.210197
0.241182
0.310456
0.247182
0.327951
0.046577
0.047978
0.051561
0.079278
0.372479
0.272791
0.310013
0.558812
0.308505
0.296580
0.048845
0.358411
0.046581
0.320307
0.157089
0.290005
0.171506
0.216373
0.183299
0.050659
0.484308
0.116362
0.048187
0.044694
0.043941
0.047969
0.043148
0.054647
0.233442
0.293798
0.246885
0.149946
0.332078
0.137291
0.147911
0.079898
0.048216
0.359462
0.315564
0.358445
0.282984
0.092461
0.245553
0.176193
0.046162
0.042231
0.051265
0.042422
0.042171
0.043154
0.041996
0.361805
0.050158
0.044234
0.040428
0.042924
0.062528
0.130371
0.234903
0.177326
0.144988
0.208075
0.268461
0.055281
0.288166
0.063304
0.050466
0.075236
0.268278
0.074953
0.413902
0.420699
0.049686
0.041905
0.128216
0.040731
0.109740
0.060510
0.044275
0.100357
0.126527
0.168929
0.046352
0.048881
0.044739
0.049942
0.054319
0.044901
0.063948
0.044107
0.043215
0.241483
0.065285
0.206381
0.193015
0.086668
0.248672
0.188637
0.224815
0.159554
0.290171
0.093768
0.313203
0.162533
0.276898
0.270316
0.436867
0.363421
0.337132
0.313734
0.354306
0.285661
0.315388
0.231878
0.402543
0.290763
0.380252
0.255441
0.273318
0.237249
0.248891
0.227947
0.249386
0.228120
0.232844
0.240778
0.230416
0.049522
0.238438
0.217755
0.059885
0.336306
0.225802
0.225777
0.043629
0.426461
0.296599
0.232872
0.262624
0.230070
0.221330
0.431601
0.050609
0.156057
0.492348
0.392968
0.087104
0.462685
0.058307
0.210086
0.222452
0.243115
0.233307
0.227769
0.244416
0.210109
0.388358
0.326902
0.340903
0.301003
0.290183
0.323149
0.293111
0.273940
0.244242
0.371988
0.053716
0.381464
0.321919
0.054632
0.301785
0.297203
0.054932
0.067060
0.205828
0.109754
0.080695
0.099161
0.160717
0.050898
0.055271
0.066840
0.269542
0.064177
0.162549
0.076758
0.173883
0.286693
0.341385
0.048739
0.429569
0.255260
0.307390
0.532993
0.396358
0.302372
0.275976
0.082058
0.150141
0.053234
0.156338
0.096195
0.405086
0.275429
0.310072
0.121029
0.158009
0.420969
0.199667
0.269270
0.109184
0.391534
0.235848
0.046000
0.275982
0.416233
0.044748
0.329520
0.226176
0.300306
0.068249
0.364275
0.646489
0.049433
0.278509
0.128469
0.240906
0.522249
0.415777
0.282204
0.282190
0.286646
0.363933
0.344086
0.312366
0.418103
0.258011
0.337605
0.342785
0.250727
0.047116
0.045581
0.046054
0.041710
0.041157
0.063531
0.040635
0.040826
0.118389
0.047866
0.042429
0.060023
0.120487
0.217918
0.195846
0.527646
0.244016
0.050182
0.084739
0.308100
0.341840
0.045180
0.414127
0.408225
0.297021
0.052320
0.340323
0.445455
0.059526
0.647815
0.080193
0.171007
0.049105
0.082101
0.048579
0.050877
0.074307
0.060094
0.231660
0.056126
0.375040
0.217831
0.223357
0.259441
0.170232
0.056626
0.065409
0.430291
0.051639
0.372077
0.044199
0.045337
0.064536
0.226902
0.319080
0.086093
0.049746
0.059356
0.072262
0.045953
0.049110
0.126018
0.059440
0.078527
0.158122
0.318989
0.131536
0.189934
0.234315
0.490839
0.061164
0.311200
0.296731
0.376468
0.115930
0.041674
0.041489
0.207535
0.043615
0.221766
0.118341
0.043004
0.114258
0.120921
0.044906
0.143269
0.164860
0.192544
0.049865
0.309136
0.221961
0.369852
0.079664
0.438110
0.351122
0.273389
0.304032
0.353907
0.414840
0.300022
0.259190
0.222198
0.062283
0.767422
0.409016
0.341301
0.377357
0.327507
0.285661
0.321762
0.225497
0.187175
0.252499
0.234845
0.274545
0.051771
0.373124
0.227819
0.234622
0.272998
0.270093
0.051481
0.310384
0.185619
0.301820
0.615836
0.059561
0.404114
0.103281
0.081654
0.359452
0.257799
0.255789
0.269633
0.059559
0.393626
0.311447
0.272128
0.229675
0.214146
0.047425
0.355752
0.236703
0.242385
0.235821
0.422218
0.055670
0.303152
0.095363
0.236932
0.160694
0.330913
0.054924
0.469220
0.409970
0.403584
0.117702
0.098277
0.056129
0.196912
0.078939
0.254467
0.371118
0.141694
0.256379
0.406068
0.316404
0.260352
0.266647
0.427307
0.180181
0.315717
0.095447
0.266793
0.268424
0.057318
0.211085
0.059702
0.375172
0.208958
0.244972
0.059861
0.196052
0.600670
0.510742
0.299441
0.052860
0.511758
0.282269
0.373585
0.393763
0.386065
0.339283
0.352077
0.242691
0.303258
0.189854
0.331059
0.482747
0.308571
0.059197
0.226154
0.185238
0.270025
0.042837
0.240048
0.096768
0.332676
0.050724
0.121135
0.116343
0.164269
0.247280
0.258762
0.324930
0.318861
0.053550
0.289621
0.261308
0.257756
0.253750
0.322367
0.299845
0.250727
0.162998
0.054530
0.065845
0.373332
0.504209
0.309938
0.255310
0.046397
0.057237
0.044055
0.058091
0.051683
0.106628
0.045880
0.045041
0.076720
0.207793
0.067716
0.044218
0.103316
0.057131
0.062895
0.043452
0.041508
0.058231
0.120847
0.042720
0.190067
0.149731
0.127785
0.065813
0.046852
0.156905
0.075901
0.178397
0.102432
0.308445
0.090222
0.067975
0.531181
0.338378
0.301606
0.053407
0.353649
0.211101
0.441421
0.398926
0.415267
0.321062
0.330809
0.305060
0.102890
0.281750
0.089343
0.447502
0.232730
0.239764
0.228379
0.213614
0.234012
0.234480
0.238625
0.325940
0.454458
0.109822
0.051080
0.044287
0.225526
0.278542
0.227762
0.215266
0.236462
0.244266
0.210409
0.227494
0.051187
0.334769
0.224050
0.261880
0.229756
0.240270
0.241063
0.235462
0.078317
0.395782
0.226923
0.213601
0.290086
0.356749
0.337992
0.107878
0.169450
0.224611
0.053513
0.127706
0.178240
0.437652
0.057636
0.267533
0.295822
0.241410
0.066409
0.299478
0.237476
0.053978
0.211168
0.240711
0.425939
0.273651
0.108266
0.372064
0.239543
0.230608
0.146532
0.282168
0.221889
0.209680
0.225774
0.229335
0.049843
0.446052
0.218610
0.301616
0.235032
0.182047
0.591525
0.090947
0.197086
0.121349
0.464533
0.272616
0.246094
0.372945
0.048158
0.334599
0.252329
0.090598
0.193947
0.351392
0.197366
0.306701
0.295928
0.369425
0.144615
