2.060036
1.341197
0.404464
0.215522
0.069594
0.184512
0.691896
0.179504
0.292054
0.186818
0.363867
0.152111
0.453403
0.325354
0.428877
0.337296
0.398642
0.446445
0.382948
0.456132
0.419037
0.454212
0.143724
0.194089
0.366879
0.342316
0.459197
0.284156
0.250816
0.247691
0.053415
0.135980
0.095698
0.201162
0.359204
0.050994
0.392056
0.132081
0.056953
0.041489
0.320407
0.286624
0.062392
0.355285
0.254405
0.236490
0.234272
0.223220
0.224919
0.240375
0.231885
0.231820
0.214008
0.060417
0.463125
0.395261
0.262715
0.070968
0.185605
0.342114
0.109998
0.136540
0.588106
0.230677
0.304991
0.328332
0.227209
0.436188
0.421452
0.439626
0.469686
0.434318
0.252329
0.091929
0.191390
0.640748
0.143611
0.526376
0.422453
0.484816
0.298648
0.585196
0.264004
0.367150
0.254326
0.304181
0.072541
0.750707
0.540605
0.462767
0.053555
0.140502
0.305587
0.239950
0.342297
0.391538
0.477522
0.049223
0.049213
0.046158
0.058261
0.047998
0.362197
0.507504
0.366763
0.429039
0.115836
0.043653
0.050740
0.045285
0.165805
0.345623
0.296744
0.044260
0.044793
0.126843
0.154549
0.187457
0.098576
0.062676
0.051452
0.432072
0.157056
0.647271
0.098136
0.714100
0.178544
0.304910
0.433840
0.052102
0.507399
0.073500
0.563621
0.263709
0.585445
0.407910
0.199129
0.042963
0.047407
0.042704
0.063613
0.205651
0.057467
0.042014
0.387513
0.426849
0.195637
0.044431
0.202005
0.134911
0.287806
0.071352
0.052706
0.150246
0.064828
0.225297
0.225346
0.338921
0.279022
0.288668
0.426834
0.448796
0.074615
0.043000
0.364362
0.327926
0.531426
0.170816
0.380987
0.043449
0.122431
0.184464
0.050665
0.492632
0.044517
0.045111
0.045795
0.043945
0.042970
0.097686
0.137174
0.288526
0.157823
0.057070
0.166677
0.100302
0.158396
0.313683
0.226773
0.250341
0.263801
0.304436
0.261070
0.150099
0.373250
0.097665
0.444504
0.057479
0.378488
0.324574
0.181551
0.162592
0.334559
0.088271
0.113565
0.207422
0.385897
0.379949
0.120086
0.183761
0.782506
0.327035
0.142792
0.059532
0.058163
0.425283
0.058114
0.049757
0.360811
0.385258
0.282810
0.144835
0.428106
0.489327
0.072577
0.191612
0.499176
0.069512
0.823856
0.180768
0.397738
0.484552
0.382453
0.531733
0.326981
0.520846
0.339490
0.592081
0.537729
0.252561
0.279253
0.317899
0.047374
0.051159
0.060961
0.057351
0.045043
0.201158
0.107454
0.220579
0.224578
0.234936
0.306428
0.236757
0.241101
0.286128
0.154315
0.430247
0.294441
0.379657
0.062162
0.491604
0.462505
0.394943
0.277216
0.155273
0.315484
0.087821
0.045948
0.349932
0.206202
0.300251
0.243517
0.237938
0.222726
0.265289
0.257006
0.246955
0.411980
0.251814
0.484993
0.087978
0.101592
0.108233
0.201300
0.625284
0.197576
0.074611
0.269363
0.263929
0.463306
0.210785
0.331448
0.547112
0.532425
0.088124
0.459283
0.108575
0.377625
0.512692
0.268882
0.337041
0.075955
0.316604
0.253767
0.228099
0.399000
0.397393
0.595556
0.416554
0.188414
0.163589
0.080680
0.387509
0.198591
0.266732
0.301821
0.044564
0.128359
0.179411
0.070440
0.283065
0.087177
0.353498
0.115696
0.510889
0.330150
0.390795
0.399824
0.461414
0.367873
0.254712
0.326984
0.337967
0.212841
0.457417
0.520980
0.063632
0.448624
0.314649
0.116691
0.060777
0.241850
0.208120
0.250678
0.432062
0.305745
0.451236
0.046404
0.340054
0.231153
0.200321
0.335901
0.312671
0.323735
0.332294
0.264756
0.240423
0.224928
0.323988
0.059281
0.438621
0.405686
0.241790
0.272473
0.047878
0.324773
0.378138
0.313829
0.363900
0.270893
0.232480
0.265251
0.072732
0.041855
0.042188
0.042187
0.134984
0.194304
0.058192
0.251700
0.048915
0.453823
0.261803
0.214625
0.443306
0.341570
0.292420
0.332650
0.309053
0.236534
0.269307
0.224298
0.470131
0.314885
0.412797
0.489721
0.432194
0.318958
0.437900
0.376652
0.426446
0.084227
0.895199
0.336582
0.247581
0.220157
0.059242
0.229547
0.347221
0.049015
0.308929
0.318343
0.352596
0.209706
0.225370
0.228896
0.073227
0.365701
0.233176
0.228378
0.228924
0.048104
0.423240
0.245322
0.241377
0.230231
0.243832
0.046222
0.364362
0.237581
0.245221
0.090930
0.428845
0.286469
0.424390
0.405694
0.376197
0.286350
0.062025
0.413186
0.377007
0.438227
0.068042
0.391336
0.066560
0.491165
0.260095
0.229399
0.263107
0.297020
0.255087
0.194126
0.313447
0.307166
0.236435
0.265400
0.124468
0.195655
0.341761
0.072281
0.473561
0.338185
0.465248
0.463487
0.430743
0.300627
0.349332
0.297774
0.407991
0.066871
0.528293
0.069589
0.104549
0.105284
0.818360
0.079418
1.215637
0.423897
0.174072
0.147204
0.161155
0.053212
0.198596
0.065776
0.416634
0.197309
0.190240
0.315432
0.466324
0.357727
0.212626
0.318773
0.097673
0.440067
0.581948
0.346062
0.359756
0.236360
0.128115
0.210977
0.140201
0.403297
0.231484
0.241302
0.235973
0.231005
0.234885
0.237558
0.228781
0.233137
0.236232
0.239976
0.247579
0.258010
0.051805
0.101427
0.093837
0.043791
0.040475
0.048515
0.041864
0.155648
0.130687
0.089454
0.041013
0.129503
0.076828
0.041598
0.042172
0.061992
0.173799
0.348646
0.246187
0.206322
0.049071
0.510214
0.510939
0.423826
0.442217
0.366884
0.139569
0.078282
0.260274
0.544990
0.259855
0.231273
0.058275
0.382596
0.255324
0.291202
0.249695
0.142294
0.148685
0.112168
0.169271
0.044510
0.106070
0.124676
0.043563
0.058124
0.044353
0.043207
0.043893
0.043675
0.048024
0.044396
0.044433
0.073831
0.043922
0.059846
0.049111
0.066272
0.112911
0.085397
0.193636
0.043265
0.044180
0.045607
0.148383
0.086448
0.634511
0.432538
0.139066
0.060955
0.267908
0.054626
0.060941
0.307280
0.222437
0.183987
0.052437
0.225295
0.226287
0.363045
0.294632
0.330551
0.423544
0.446237
0.439794
0.256448
0.262875
0.046982
0.189333
0.208279
0.217053
0.311200
0.270214
0.142138
0.265502
0.174157
0.330903
0.073421
0.292436
0.051268
0.571801
0.232717
0.284087
0.263092
0.229212
0.084527
0.511190
0.048045
0.361508
0.233480
0.291182
0.324100
0.495494
0.440183
0.289174
0.241056
0.283596
0.098304
0.181053
0.345299
0.047346
0.045354
0.347484
0.063727
0.528361
0.118298
0.846468
0.089978
0.061195
0.397269
0.122105
0.071008
0.141033
0.062801
0.393098
0.215398
0.647188
0.239756
0.417287
0.265300
0.323694
0.314770
0.330771
0.404602
0.270392
0.366372
0.274436
0.229653
0.334013
0.268768
0.299397
0.445796
0.146066
0.120598
0.481069
0.326147
0.251278
0.368072
0.336396
0.342588
0.229591
0.222074
0.230703
0.268539
0.261941
0.251688
0.231994
0.363744
0.262912
0.300160
0.055572
0.254439
0.245526
0.062960
0.182748
0.346222
0.248327
0.257778
0.291380
0.058578
0.289899
0.158619
0.155269
0.299666
0.141272
0.073627
0.067206
0.049821
0.228687
0.088956
0.540360
0.233779
0.237237
0.054169
0.385222
0.247787
0.238901
0.225031
0.315386
0.069402
0.354389
0.241368
0.366844
0.315064
0.272838
0.046010
0.184385
0.124704
0.211363
0.285186
0.042895
0.043743
0.045561
0.354290
0.198851
0.134885
0.048631
0.238634
0.151741
0.046404
0.536843
0.475819
0.152626
0.400155
0.058278
0.143594
0.205753
0.065854
0.354008
0.066279
0.120797
0.073236
0.051570
0.056434
0.052330
0.194199
0.517828
0.456551
0.107245
0.282140
0.285256
0.485531
0.336252
0.275993
0.294595
0.252932
0.270060
0.243490
0.075170
0.463561
0.248937
0.169785
0.281628
0.099683
0.047907
0.215943
0.463439
0.371811
0.126745
0.229345
0.135600
0.371567
0.220823
0.123999
0.045767
0.649814
0.278677
0.245187
0.335996
0.375127
0.411706
0.085224
0.233855
0.209500
0.387220
0.315001
0.633070
0.368148
0.226830
0.053927
0.317786
0.104544
0.291498
0.190340
0.358210
0.253378
0.081523
0.178732
0.055353
0.248675
0.055062
0.239329
0.057434
0.055321
0.056779
0.055325
0.055664
0.236377
0.072437
0.343533
0.420557
0.052198
0.059289
0.051462
0.053611
0.058420
0.052623
0.324509
0.183876
0.237550
0.473172
0.138927
0.348778
0.519935
0.276350
0.091619
0.398086
0.283183
0.416219
0.064357
0.472396
0.370631
0.230486
0.559453
0.312013
0.073281
0.286988
0.152411
0.225566
0.070375
0.509062
0.074804
0.452509
0.244532
0.217938
0.230896
0.234133
0.083172
0.052079
0.378492
0.154049
0.063353
0.521777
0.470547
0.315622
0.346340
0.079324
0.407434
0.062892
0.126152
0.349015
0.138001
0.274186
0.148643
0.055275
0.208886
0.191174
0.278724
0.228458
0.502308
0.285058
0.062260
0.338157
0.256991
0.226967
0.435015
0.050676
0.269361
0.226877
0.355426
0.195675
0.231079
0.342919
0.315894
0.421325
0.276629
0.240362
0.244059
0.299583
0.050027
0.044781
0.050860
0.044003
0.049485
0.052247
0.055814
0.052198
0.108717
0.428105
0.097134
0.192547
0.275500
0.265859
0.457444
0.072152
0.613341
0.079202
0.059368
0.043201
0.045089
0.041097
0.050005
0.053607
0.053415
0.059034
0.112876
0.145891
0.061871
0.241885
0.272994
0.459400
0.419038
0.090493
0.049745
0.218698
0.407281
0.383561
0.332189
0.304682
0.339269
0.328919
0.186595
0.108757
0.098581
0.160152
0.104261
0.059680
0.552677
0.290475
0.356943
0.242437
0.327029
0.362196
0.289923
0.339532
0.242090
0.265326
0.256955
0.267612
0.047121
0.243224
0.235641
0.217762
0.080796
0.194585
0.376300
0.052989
0.201027
0.262927
0.313167
0.058984
0.568722
0.315022
0.335722
0.499855
0.391545
0.389800
0.391754
0.284875
0.349498
0.344890
0.062015
0.235930
0.396769
0.388784
0.379227
0.303396
0.413958
0.412994
0.377378
0.244071
0.412150
0.341476
0.069194
0.344269
0.497954
0.090595
0.351982
0.226040
0.196962
0.238647
0.498445
0.504887
0.241489
0.055597
0.445888
0.326574
0.386243
0.428950
0.075412
0.046732
0.048180
0.057773
0.385235
0.229239
0.072820
0.418295
0.287693
0.220443
0.439583
0.451053
0.376531
0.310251
0.272193
0.251768
0.244537
0.111549
0.161604
0.454073
0.225798
0.329498
0.313652
0.070899
0.479676
0.092716
0.569680
0.229584
0.240473
0.220001
0.350194
0.241634
0.126618
0.087894
0.196043
0.609272
0.367812
0.420451
0.376521
0.081356
0.081760
0.603186
0.390018
0.182283
0.071164
0.164394
0.222916
0.051427
0.618189
0.391434
0.487844
0.177058
0.059575
0.057082
0.048254
0.042870
0.048415
0.073395
0.198373
0.069098
0.104780
0.135152
0.363297
0.252366
0.326917
0.231744
0.056320
0.476305
0.310390
0.301425
0.337837
0.127066
0.156463
0.277310
0.232095
0.307094
0.042920
0.288331
0.456097
0.220737
0.419523
0.138018
0.334474
0.252864
0.319596
0.233607
0.238197
0.289816
0.212181
0.473636
0.325328
0.265381
0.262115
0.064792
0.407596
0.130543
0.401220
0.086955
0.379496
0.350206
0.063787
0.066007
0.077177
0.356933
0.045491
0.043196
0.224648
0.211096
0.048359
0.166312
0.082337
0.156246
0.044007
0.044284
0.043131
0.339133
0.162895
0.294659
0.136116
0.043653
0.042371
0.139194
0.279992
0.045178
0.480825
0.290626
0.269364
0.283208
0.054855
0.059146
0.418197
0.122331
0.243053
0.421038
0.631426
0.586652
0.307232
0.135327
0.366892
0.332008
0.427950
0.265095
0.313253
0.050447
0.566344
0.298803
0.219029
0.070480
0.228224
0.235441
0.230258
0.318220
0.222347
0.532419
0.189040
0.043975
0.246967
0.352953
0.405247
0.310341
0.479399
0.394862
0.356955
0.332817
0.367322
0.274924
0.286819
0.067381
0.296648
0.376247
0.056427
0.249950
0.269753
0.252554
0.273854
0.230285
0.499921
0.243427
0.276386
0.262809
0.063189
0.080979
0.417006
0.243321
0.232787
0.255587
0.276628
0.173019
0.117508
0.188517
0.076766
0.050630
0.201724
0.062931
0.198348
0.045751
0.235363
0.252594
0.297155
0.446578
0.411083
0.095610
0.088636
0.044675
0.317298
0.104186
0.185186
0.320324
0.375331
0.248861
0.236697
0.230746
0.231766
0.049406
0.369157
0.217859
0.052717
0.397161
0.265699
0.363897
0.438062
0.268671
0.291926
0.240302
0.235312
0.234028
0.241758
0.241903
0.238189
0.243281
0.232055
0.229124
0.237094
0.129153
0.298891
0.218227
0.046209
0.094152
0.099399
0.056860
0.085584
0.065957
0.125933
0.239934
0.081285
0.168929
0.127007
0.050045
0.286804
0.339197
0.283323
0.266515
0.369853
0.368538
0.355475
0.374251
0.165522
0.050434
0.049511
0.067953
0.048481
0.051251
0.046741
0.051147
0.053906
0.054818
0.057770
0.055709
0.115888
0.170543
0.211200
0.099357
0.244031
0.074594
0.088090
0.238587
0.268139
0.057967
0.210741
0.049235
0.162154
0.274439
0.051163
0.515759
0.240334
0.052762
0.045343
0.048417
0.095182
0.209462
0.051726
0.049407
0.790829
0.051403
0.479767
0.529532
0.222680
0.223640
0.278249
0.219180
0.071303
0.051103
0.078572
0.264588
0.047526
0.044451
0.089603
0.046395
0.041741
0.038674
0.172860
0.065164
0.188344
0.056025
0.045186
0.059526
0.045482
0.046804
0.046710
0.548687
0.274321
0.232496
0.220877
0.156994
0.224082
0.139139
0.070093
0.469980
0.284660
0.346029
0.351983
0.310045
0.090691
0.149264
0.196357
0.443525
0.229389
0.070080
0.412054
0.135866
0.475664
0.260199
0.355589
0.073223
0.266612
0.075835
0.104152
0.078523
0.222491
0.557193
0.266363
0.292053
0.230677
0.217798
0.305013
0.267877
0.224156
0.045464
0.222967
0.237055
0.236757
0.087745
0.190724
0.178273
0.272837
0.150315
0.272864
0.356658
0.182847
0.263741
0.323489
0.048665
0.103043
0.472371
0.174374
0.053143
0.454560
0.240982
0.365474
0.319899
0.211151
0.057542
0.248911
0.435201
0.282125
0.359586
0.064378
0.180267
0.062736
0.224923
0.480287
0.349881
0.386956
0.223463
0.242186
0.224332
0.049290
0.281434
0.198970
0.265797
0.052417
0.044513
0.365831
0.072397
0.280863
0.064105
0.209982
0.262921
0.061168
0.113145
0.430080
0.238415
0.075500
0.304281
0.291770
0.349049
0.256039
0.357178
0.099705
0.173272
0.344136
0.246476
0.183043
0.474958
0.248972
0.245382
0.096003
0.162548
0.315104
0.048825
0.618016
0.407706
0.326967
0.303219
0.401621
0.063976
0.284024
0.414534
0.170945
0.078885
0.396137
0.278314
0.317934
0.313022
0.341918
0.307724
0.230554
0.274137
0.305582
0.310140
0.267965
0.253249
0.239595
0.234248
0.237928
0.066386
0.477212
0.062777
0.184936
0.062792
0.488039
0.238217
0.286988
0.250367
0.254745
0.249999
0.249062
0.256736
0.305110
0.044508
0.049203
0.291544
0.300226
0.313608
0.299744
0.072647
0.239937
0.261715
0.331529
0.326474
0.246128
0.139435
0.246344
0.045827
0.345902
0.294849
0.162474
0.249248
0.159214
0.308084
0.352552
0.275950
0.319280
0.055179
0.078690
0.112578
0.063760
0.105039
0.044994
0.052555
0.045466
0.046327
0.045565
0.050167
0.044167
0.044291
0.048156
0.095064
0.088965
0.036381
0.052030
0.168258
0.136905
0.051269
0.054191
0.139253
0.079021
0.062714
0.115992
0.188965
0.253108
0.144192
0.083960
0.373856
0.314748
0.060947
0.460543
0.049618
0.044601
0.056212
0.039516
0.040251
0.056990
0.084771
0.050068
0.123856
0.173901
0.091658
0.183245
0.056829
0.043114
0.195596
0.069482
0.566794
0.197278
0.302265
0.337589
0.108004
0.325832
0.047795
0.233541
0.088085
0.362645
0.054275
0.615627
0.424103
0.253741
0.307467
0.086980
0.303798
0.229877
0.343712
0.049854
0.091974
0.215102
0.204611
0.223295
0.264718
0.252134
0.246477
0.051711
0.261633
0.218524
0.177026
0.201205
0.109478
0.220932
0.249648
0.230766
0.253344
0.306486
0.250026
0.279207
0.288568
0.260247
0.279130
0.257152
0.250932
0.333665
0.196767
0.042985
0.318807
0.061079
0.218737
0.205372
0.237975
0.237031
0.225901
0.245357
0.054382
0.081110
0.179553
0.225909
0.215104
0.233708
0.226792
0.227144
0.235315
0.237939
0.051723
0.435685
0.049167
0.051530
0.148157
0.199518
0.298718
0.050110
0.062292
0.281345
0.212007
0.230622
0.216998
0.231743
0.049526
0.241829
0.376944
0.189456
0.355533
0.215568
0.274556
0.236749
0.117603
0.229865
0.167096
0.253330
0.044961
0.044050
0.043929
0.046256
0.047962
0.195037
0.044860
0.064047
0.219115
0.219227
0.267019
0.049309
0.633020
0.228572
0.213047
0.284579
0.376414
0.291662
0.262448
0.247576
0.288211
0.292650
0.272010
0.295078
0.122792
0.450017
0.042525
0.040688
0.046719
0.041703
0.047219
0.047721
0.403107
0.054550
0.125495
0.264683
0.267213
0.233135
0.231861
0.214708
0.226027
0.046330
0.106544
0.246310
0.172792
0.079379
0.414999
0.057306
0.288921
0.063343
0.207700
0.256800
0.417606
0.377346
0.284249
0.061538
0.394756
0.297376
0.280649
0.060157
0.047441
0.111486
0.314996
0.196754
0.290968
0.268044
0.229036
0.321664
0.060477
0.360764
0.274697
0.256709
0.188622
0.123913
0.313433
0.328747
0.202250
0.263080
0.265565
0.249150
0.242638
0.247750
0.247936
0.092630
0.346297
0.071950
0.051735
0.045518
0.073600
0.064138
0.039052
0.040940
0.040347
0.041602
0.041889
0.056028
0.049482
0.434571
0.058029
0.372938
0.499860
0.069021
0.486660
0.331034
0.062840
0.121478
0.319658
0.050737
0.225289
0.273609
0.266867
0.255102
0.256792
0.229166
0.055006
0.495821
0.290328
0.302136
0.094465
0.204496
0.232302
0.215120
0.223750
0.225401
0.359936
0.537378
0.309595
0.398370
0.084945
0.382346
0.075755
0.366593
0.270208
0.236117
0.253464
0.235641
0.248592
0.078297
0.414456
0.056972
0.382118
0.233736
0.236350
0.050292
0.392476
0.053988
0.198810
0.112675
0.442089
0.359462
0.356219
0.347306
0.337547
0.312185
0.216854
0.302033
0.247571
0.283890
0.110307
0.231246
0.125639
0.069430
0.340144
0.057652
0.254893
0.091518
0.691554
0.532153
0.103079
0.245142
0.070075
0.216671
0.186521
0.270390
0.114512
0.248964
0.044717
0.400807
0.113401
0.253128
0.318116
0.259202
0.074139
0.179151
0.046573
0.325156
0.424918
0.075307
0.054157
0.236033
0.044483
0.276758
0.053140
0.128686
0.096670
0.137798
0.079448
0.204034
0.266334
0.272698
0.257853
0.066377
0.394080
0.172428
0.266916
0.048806
0.047701
0.043785
0.129768
0.097665
0.058339
0.126335
0.106142
0.038207
0.043303
0.213633
0.079456
0.218920
0.285161
0.265150
0.092314
0.058742
0.206950
0.063290
0.044682
0.148791
0.313155
0.295552
0.219247
0.275066
0.242859
0.052178
0.335465
0.372008
0.305495
0.257875
0.320401
0.362556
0.235408
0.399260
0.223967
0.240134
0.276332
0.213622
0.204503
0.321868
0.230884
0.275056
0.049260
0.391543
0.398886
0.091503
0.255797
0.296080
0.321966
0.277715
0.308576
0.293885
0.384151
0.268351
0.288868
0.307314
0.266817
0.313924
0.051885
0.070859
0.234256
0.070272
0.162011
0.051409
0.184801
0.431927
0.053865
0.289662
0.464728
0.157997
0.076426
0.517674
0.279727
0.050936
0.441427
0.251105
0.258996
0.264739
0.161858
0.053061
0.052194
0.167032
0.115808
0.045331
0.042306
0.047668
0.060246
0.192540
0.047427
0.054265
0.056865
0.043616
0.212168
0.149109
0.223189
0.057166
0.411034
0.227073
0.211388
0.190536
0.244935
0.169624
0.098208
0.227446
0.180494
0.144095
0.454280
0.311279
0.197469
0.060443
0.055257
0.054226
0.059034
0.069395
0.060881
0.056156
0.052723
0.052273
0.049598
0.251736
0.352769
0.233049
0.054546
0.308768
0.124899
0.073181
0.161162
0.243906
0.059295
0.399113
0.043871
0.111291
0.202943
0.114056
0.172217
0.059250
0.145106
0.056052
0.188231
0.204163
0.063653
0.231096
0.055190
0.067437
0.055309
0.132712
0.300688
0.067707
0.079951
0.365191
0.139952
0.078114
0.209882
0.059606
0.208359
0.306275
0.224045
0.218148
0.053495
0.181346
0.207651
0.250812
0.194505
0.215910
0.212437
