119	168	41	40
123	160	36	41
125	159	37	44
133	156	32	43
135	156	33	39
141	152	31	41
144	150	33	40
145	144	34	42
152	140	30	43
158	136	28	43
158	134	32	42
164	129	28	42
168	128	29	42
169	123	31	42
174	120	30	43
172	116	34	43
177	113	31	42
179	107	33	43
182	104	32	42
183	100	34	42
199	97	20	42
191	97	23	44
193	95	30	40
196	93	29	40
238	93	10	40
192	92	33	41
262	93	10	35
266	93	18	29
237	87	10	52
197	100	26	38
262	107	18	22
290	103	28	33
260	115	44	24
210	127	10	31
184	126	24	38
182	134	26	33
178	139	24	33
175	145	23	32
171	151	22	33
172	158	21	30
168	163	22	30
167	169	22	29
166	172	20	29
174	173	12	31
166	180	19	28
117	173	33	32
112	229	25	26
162	177	10	56
141	185	32	38
157	160	30	65
167	199	25	24
176	149	22	59
187	147	24	48
198	152	24	32
211	141	37	19
261	100	30	27
221	126	20	32
242	110	32	24
259	97	25	30
230	106	35	24
230	110	34	19
259	89	45	26
232	108	34	19
260	96	47	27
231	109	33	18
258	91	25	34
244	101	36	24
255	93	31	30
248	101	34	26
247	91	29	28
242	95	29	25
224	106	47	22
225	100	48	18
245	86	30	30
235	90	42	25
227	101	45	19
231	95	40	27
219	106	40	14
219	102	43	22
218	101	43	22
221	102	42	26
216	108	42	18
211	115	41	16
222	106	40	28
219	108	43	25
218	112	45	21
212	115	59	22
212	120	53	15
209	125	46	18
219	122	60	18
231	120	51	18
228	124	32	24
248	114	56	34
222	131	29	22
257	116	37	23
243	126	27	28
254	120	10	32
269	114	28	25
253	118	40	21
233	130	28	18
276	108	23	29
250	117	20	21
267	112	41	19
249	114	26	20
284	103	30	23
251	112	30	19
274	104	45	17
255	113	34	15
292	98	31	18
258	110	44	13
245	98	27	33
248	103	10	34
225	104	22	34
234	99	22	29
234	97	24	33
239	96	24	33
241	92	27	31
240	88	27	29
250	84	27	27
245	85	22	26
281	87	30	27
244	77	25	29
281	84	38	24
279	83	42	21
275	81	10	19
274	84	37	27
236	73	22	25
263	80	38	23
228	75	26	27
261	83	36	25
221	79	24	28
223	83	24	31
212	86	28	33
207	87	29	34
209	93	30	29
212	95	26	29
202	99	29	29
248	105	34	27
216	111	41	27
248	113	21	27
249	113	10	30
257	115	36	28
224	131	28	22
185	134	19	25
170	132	32	32
165	112	33	51
178	91	21	71
213	102	17	57
237	110	15	45
266	118	38	29
252	125	32	24
263	123	14	34
270	121	29	24
237	131	34	22
241	132	32	18
269	120	41	19
246	131	32	18
252	126	51	13
251	123	29	23
253	122	36	20
254	119	33	19
254	122	32	17
257	121	56	10
260	117	51	10
258	117	61	18
258	116	29	17
258	109	29	18
267	105	47	11
281	94	15	25
291	90	41	16
250	99	49	14
288	86	35	29
248	99	28	21
282	83	35	25
277	83	48	23
275	83	50	20
273	82	45	20
268	82	41	21
266	79	37	27
264	79	41	24
262	78	38	23
259	79	38	24
258	79	40	25
255	80	41	23
255	81	42	25
253	81	42	26
250	82	40	26
248	83	38	26
246	84	36	27
243	86	40	27
241	88	38	28
238	90	34	28
243	93	33	25
239	95	39	24
236	100	42	24
235	106	41	21
234	102	35	25
235	105	36	27
241	106	42	23
238	108	52	24
222	123	60	18
172	149	17	34
145	104	44	85
166	143	28	40
177	155	25	25
182	158	26	23
183	157	30	26
195	159	24	30
200	157	25	31
215	148	24	32
226	141	19	36
226	139	22	32
220	142	30	34
224	142	33	29
224	141	33	29
225	138	34	27
230	139	30	27
236	134	31	29
234	132	32	25
242	127	27	29
237	126	31	27
241	120	30	30
240	116	33	27
242	110	32	26
242	107	35	26
243	102	35	23
241	99	36	24
240	95	29	26
236	95	27	26
231	92	29	23
227	94	25	20
220	94	27	20
215	94	26	18
209	95	26	23
205	94	27	20
193	96	25	25
188	95	23	23
176	96	25	25
167	96	26	28
161	94	26	31
155	97	24	28
149	96	23	26
143	100	24	25
141	102	23	27
140	108	23	25
140	115	22	24
140	118	22	26
140	120	18	21
107	98	32	33
127	106	33	39
141	105	32	35
149	110	40	36
182	111	23	34
188	111	30	29
217	108	50	15
234	115	47	10
229	121	42	13
240	121	35	44
245	106	42	48
258	110	36	38
263	107	43	36
266	99	43	41
287	108	27	24
261	81	54	45
279	103	33	21
262	95	40	21
262	98	37	10
264	103	46	22
262	97	40	26
267	98	40	24
264	97	40	22
264	95	42	25
264	96	34	27
259	77	17	10
239	67	31	18
246	100	27	32
234	104	27	36
204	92	10	27
209	75	35	41
153	88	30	26
158	88	48	33
238	88	10	38
253	85	27	20
252	86	28	18
250	85	39	15
249	92	30	16
245	91	35	15
246	89	59	14
244	89	29	19
276	75	36	34
239	94	29	22
272	83	38	31
242	95	59	15
261	91	46	22
266	92	49	19
247	107	58	10
271	96	10	33
272	96	33	17
241	115	30	17
200	139	19	20
188	138	28	26
210	130	14	33
209	131	42	16
208	137	19	29
203	139	34	20
218	131	32	25
209	142	25	26
214	140	29	25
217	139	28	25
221	138	28	28
225	138	29	26
229	135	32	27
231	135	30	30
236	135	29	32
238	135	27	33
240	137	27	29
239	141	28	31
242	145	26	29
240	145	26	27
239	147	26	27
238	147	28	29
236	148	26	27
235	148	27	26
233	146	26	20
229	144	26	27
241	127	18	35
225	143	25	23
226	141	23	19
220	140	24	20
229	124	37	13
212	136	32	45
221	127	33	27
219	115	42	29
233	107	30	33
240	106	34	25
221	103	31	26
217	101	15	34
193	107	28	27
194	105	22	30
196	102	12	28
173	107	29	27
171	105	26	31
190	101	12	33
161	110	23	23
152	108	26	27
146	112	29	28
139	112	28	29
132	117	29	27
138	122	19	25
129	125	22	26
126	130	22	25
123	136	22	23
123	139	18	26
114	141	26	28
112	146	28	27
110	152	29	27
110	156	35	10
111	159	29	29
109	159	29	31
110	161	32	31
114	146	30	47
113	141	35	59
132	175	23	30
136	173	24	32
139	181	26	25
148	184	26	25
155	185	24	23
161	186	25	23
165	185	29	25
175	185	27	25
182	184	26	26
185	181	31	26
196	175	30	32
203	173	30	31
211	168	28	36
220	165	28	33
178	121	28	66
234	159	29	36
220	141	18	43
248	146	10	38
217	123	22	22
259	142	20	31
261	142	27	33
261	133	28	37
260	133	33	35
264	134	40	35
258	124	41	44
269	127	32	39
259	121	39	41
264	119	34	39
258	119	37	37
243	110	42	28
254	114	38	39
250	103	41	49
250	111	31	39
241	108	41	41
237	105	35	32
228	110	28	32
227	106	27	37
225	103	33	31
216	109	27	37
212	112	25	39
209	117	17	45
192	128	27	34
186	131	26	34
179	134	26	27
174	136	29	34
169	136	27	36
165	138	26	38
156	139	32	39
165	137	14	45
144	154	30	32
141	158	29	30
139	164	27	29
136	168	26	25
135	173	24	25
131	176	24	26
130	178	23	26
129	184	23	24
128	185	22	24
127	188	22	25
125	189	22	25
129	173	21	40
128	193	25	27
128	182	33	31
132	162	28	52
134	178	25	38
134	185	24	29
133	190	24	21
135	183	23	22
139	179	23	24
140	133	22	66
143	121	25	27
144	119	21	31
145	116	27	31
143	113	28	33
142	111	19	49
124	151	26	34
134	104	31	63
134	109	40	54
129	98	43	60
127	105	34	65
124	102	38	64
128	85	38	70
129	78	36	72
129	77	34	79
129	72	33	86
130	70	33	80
130	66	34	64
130	81	32	69
128	67	35	76
143	70	24	79
130	70	40	71
132	54	33	44
131	63	42	71
134	64	42	69
137	62	41	66
172	70	10	64
142	68	40	69
142	71	43	65
141	64	45	70
141	66	45	72
203	76	10	32
171	95	74	10
146	80	42	58
216	80	22	23
168	92	20	52
150	96	37	65
153	94	34	71
184	90	87	19
151	101	34	67
216	97	10	69
155	112	37	25
158	114	32	49
187	112	53	28
233	99	56	27
203	107	23	30
149	131	30	40
147	135	33	29
145	137	47	30
165	111	49	34
245	102	37	29
248	99	10	43
256	96	22	33
258	97	10	39
255	102	14	28
261	91	46	18
234	96	33	31
266	80	10	38
245	95	68	20
222	98	48	29
250	90	10	52
226	97	63	23
177	117	10	25
146	118	30	26
139	119	26	24
130	124	31	20
129	123	27	23
123	125	26	24
118	129	27	23
110	134	29	23
107	135	23	24
103	137	20	23
94	138	23	23
93	138	20	24
68	97	40	65
75	95	28	38
72	108	27	60
72	113	25	54
66	128	26	54
68	123	20	59
74	87	18	95
67	130	24	52
64	126	30	58
77	105	28	68
89	88	36	43
68	122	25	28
80	138	34	56
73	117	29	27
104	89	21	43
98	96	10	51
112	87	36	42
77	122	51	11
83	116	15	34
79	124	22	27
80	126	23	30
85	128	23	26
89	130	23	27
94	131	23	31
100	134	23	28
106	139	24	25
112	142	24	26
118	144	26	26
125	146	26	27
131	149	28	25
140	152	25	24
148	154	27	24
154	154	28	26
162	159	30	23
168	123	32	59
177	108	100	17
170	110	38	38
173	109	57	82
169	125	56	74
180	143	46	60
212	144	24	42
224	128	39	21
221	149	25	38
222	151	56	10
222	144	27	27
226	143	25	31
228	140	27	33
225	126	31	44
171	114	10	27
134	110	33	36
130	106	32	38
129	114	31	33
121	108	34	37
118	105	34	34
113	104	34	39
109	104	36	37
106	101	36	26
100	100	28	35
98	104	28	34
92	104	28	33
89	104	26	33
83	104	22	49
79	107	27	37
73	108	23	69
70	113	28	47
70	111	29	40
66	111	30	36
65	112	29	33
65	110	29	35
67	109	28	33
67	109	28	33
63	136	30	20
69	111	28	36
66	114	29	34
62	114	29	35
59	109	31	35
133	131	15	28
135	131	28	27
130	129	25	23
125	130	23	24
117	131	24	24
105	130	18	21
94	130	31	31
93	139	22	26
87	141	21	49
62	123	44	78
86	168	24	43
61	116	53	93
213	72	34	23
222	68	41	21
212	72	41	22
208	77	48	20
207	77	36	26
196	83	23	33
184	97	30	28
211	90	53	26
201	94	41	25
210	94	48	27
209	98	46	27
205	108	49	21
211	109	37	25
189	120	33	28
209	115	66	29
214	117	53	31
187	132	53	24
220	119	46	36
227	121	48	22
222	119	43	30
223	126	34	28
236	118	41	22
236	120	25	30
239	118	13	36
245	117	50	43
183	191	39	29
192	188	39	33
207	186	37	42
214	187	39	36
223	183	39	36
230	179	38	44
238	177	40	39
245	174	40	43
248	117	45	91
236	137	58	64
263	155	37	42
258	141	49	55
267	142	40	47
276	139	33	44
242	113	64	66
281	128	27	43
280	122	30	44
268	109	37	50
259	102	53	50
277	100	30	45
274	95	30	45
257	90	41	46
259	89	33	42
241	82	43	48
245	85	30	43
231	86	39	41
226	83	38	44
218	83	35	41
211	82	34	42
205	82	33	40
195	83	36	38
186	87	30	35
180	91	28	36
171	96	28	36
161	97	28	36
153	99	27	35
144	102	27	30
138	106	25	29
133	107	24	29
124	110	25	26
118	112	24	29
111	115	25	29
107	118	25	27
104	123	22	27
103	126	19	26
100	132	19	24
95	134	20	23
93	136	19	23
91	138	19	23
91	140	19	20
90	142	19	19
88	143	19	21
84	141	22	22
77	141	29	23
79	140	29	21
82	138	28	23
84	135	26	24
93	130	20	22
91	128	22	20
93	124	22	21
96	120	18	17
98	118	18	16
99	116	20	21
99	106	24	38
95	105	25	20
98	100	22	21
98	96	21	20
99	93	20	22
97	91	22	19
98	87	24	20
99	83	22	21
99	82	22	21
100	78	25	23
98	74	22	24
115	31	35	17
102	69	15	17
109	54	36	10
98	57	36	10
93	57	32	10
91	66	25	11
91	66	23	22
89	66	21	22
88	67	23	23
87	68	21	24
84	70	22	27
86	73	20	23
85	76	20	24
86	77	19	25
85	80	21	27
84	81	23	29
84	86	22	26
86	89	22	25
88	92	23	27
86	94	24	28
89	95	22	27
91	103	22	28
93	103	23	28
95	104	23	32
97	107	23	33
99	112	27	34
106	119	26	33
106	122	28	32
115	125	25	32
118	128	26	32
121	134	28	33
128	138	27	33
131	142	28	31
136	144	27	27
142	147	28	30
148	154	28	40
156	154	27	41
164	152	26	46
198	123	55	12
175	164	26	23
182	163	30	35
191	166	34	42
206	140	18	81
196	182	33	46
221	123	12	108
203	198	34	37
207	199	35	32
210	202	33	31
210	202	34	33
211	201	32	32
205	198	33	31
210	202	32	28
180	156	58	69
180	181	53	48
182	195	41	30
191	154	30	68
193	141	29	66
195	78	36	117
172	184	39	33
162	174	28	38
153	174	30	34
140	176	29	31
135	175	25	30
126	175	25	28
115	172	24	27
106	173	23	24
97	172	23	24
88	169	21	22
80	168	20	23
73	168	19	21
63	167	22	22
56	167	20	20
51	165	19	20
44	165	19	21
37	164	20	20
31	162	23	22
23	153	22	26
17	158	28	25
0	147	45	41
71	66	38	27
77	55	41	69
182	105	35	25
188	105	46	28
186	111	47	25
186	112	48	27
185	112	58	30
184	114	54	27
185	112	52	30
188	114	58	23
187	122	49	24
206	115	46	29
177	132	35	27
213	118	52	28
210	112	31	39
218	111	50	34
216	111	51	25
190	127	41	24
230	110	53	27
205	125	39	22
213	119	52	20
237	103	32	33
227	108	13	38
243	100	41	25
210	116	42	23
221	104	30	32
238	97	11	32
241	94	28	27
218	105	49	21
230	95	38	21
221	97	35	22
251	75	10	50
247	77	39	20
235	81	20	28
206	101	10	49
174	111	22	48
183	105	21	46
187	103	10	73
177	108	22	57
241	62	29	29
201	97	10	45
165	117	26	51
198	90	10	71
149	158	31	14
153	125	30	48
150	131	29	41
143	183	28	26
142	165	29	10
136	127	32	46
196	80	10	77
190	88	10	66
130	129	22	39
121	131	31	40
120	168	54	61
125	176	41	67
193	87	10	149
198	88	24	42
203	90	44	27
201	94	45	21
208	98	37	21
206	98	45	26
199	104	44	27
185	113	62	17
192	110	58	19
205	109	38	29
199	114	36	31
210	106	14	47
223	114	53	31
220	116	47	26
188	136	45	19
232	110	44	30
230	108	43	31
237	113	10	42
241	113	46	26
248	112	10	39
253	114	44	28
257	108	31	27
223	118	37	37
225	121	33	36
226	127	34	31
226	119	37	32
231	119	34	33
233	122	46	29
225	119	39	29
229	121	36	26
240	113	30	30
229	114	36	25
228	110	39	28
226	106	43	30
230	112	38	21
239	104	53	17
230	103	34	24
236	100	42	21
230	104	39	17
227	95	35	25
227	97	37	19
258	80	18	33
258	79	30	23
227	95	40	15
256	77	44	22
234	90	25	25
249	80	21	31
241	84	14	31
246	84	37	21
235	88	40	21
239	89	36	20
234	89	42	24
208	107	38	23
229	94	46	22
230	94	30	29
231	92	15	38
231	93	58	32
204	109	35	24
232	99	56	26
203	112	36	25
222	107	58	19
215	114	26	30
234	103	45	33
243	105	55	25
246	106	50	32
251	107	43	21
252	111	10	46
259	112	39	24
227	119	35	35
169	165	24	32
172	163	27	32
225	123	22	38
242	114	60	32
195	155	23	35
233	116	38	33
233	117	27	45
221	132	26	39
245	109	56	32
245	111	24	39
248	110	10	61
247	106	59	31
245	115	10	53
252	103	42	33
230	133	20	29
231	127	24	29
245	105	10	50
225	124	29	31
235	109	23	39
225	116	28	31
232	109	18	36
234	101	16	41
239	93	10	45
225	98	16	40
213	104	25	30
215	95	23	31
216	89	26	34
202	95	19	29
195	93	23	30
228	77	10	40
183	94	28	28
189	86	14	32
171	89	23	30
163	90	24	27
186	80	10	36
154	89	25	51
168	82	10	33
142	84	25	31
136	86	24	32
131	86	26	33
127	90	25	30
122	91	28	31
116	92	30	32
112	96	29	32
111	100	29	31
110	106	28	29
110	111	27	30
108	112	29	34
105	115	32	34
104	120	33	35
106	124	31	35
106	130	32	35
109	137	30	33
112	145	27	31
112	146	30	31
114	148	30	31
121	153	29	27
124	152	28	30
125	155	28	29
127	154	29	30
130	157	27	29
131	155	29	31
132	153	30	31
134	151	31	31
137	148	29	33
140	147	30	33
144	148	29	30
147	147	29	31
148	143	30	31
151	139	28	33
151	135	31	33
151	132	30	32
153	128	30	33
153	125	30	33
155	123	28	32
153	116	29	34
153	113	28	33
152	110	29	31
152	107	29	30
150	103	29	30
150	101	31	30
146	95	30	30
146	90	30	30
143	86	31	31
140	81	32	31
138	79	32	30
139	77	32	32
136	75	30	30
138	76	31	32
138	75	26	34
133	78	31	31
132	81	30	34
131	89	29	32
131	97	29	32
130	104	29	32
130	112	30	33
140	117	23	35
136	128	29	33
141	135	28	33
140	142	33	32
145	146	31	31
149	156	32	29
156	162	29	28
158	166	31	29
160	170	33	31
164	174	35	29
171	175	32	31
180	177	29	29
181	179	31	29
206	141	21	56
192	178	30	29
194	180	35	26
198	178	34	27
203	174	34	31
206	175	37	29
212	173	37	32
219	171	35	30
222	169	36	33
227	169	33	29
231	155	36	44
235	165	34	27
236	162	34	31
237	161	32	28
237	164	34	27
239	161	33	29
240	160	27	29
234	164	36	28
230	164	37	28
225	163	32	27
223	162	32	26
221	162	30	27
214	161	30	26
208	165	31	24
199	166	34	28
191	168	34	30
185	172	32	26
178	175	30	26
180	170	23	31
165	177	29	29
156	176	31	29
183	157	10	49
149	172	25	34
138	178	23	32
91	179	50	40
112	179	36	31
99	166	44	44
117	179	25	37
121	178	25	34
117	177	36	34
118	175	25	32
117	176	25	31
117	177	23	30
116	180	25	30
116	183	24	30
116	188	23	28
118	191	22	28
113	193	26	31
115	197	22	38
118	198	22	38
110	204	25	34
105	209	25	31
101	212	25	36
89	220	31	30
92	224	26	29
90	223	29	32
90	221	27	32
94	220	27	33
98	217	24	29
99	213	28	30
106	208	24	30
109	205	22	30
106	200	26	30
107	197	25	33
111	193	23	30
109	190	26	31
78	189	50	31
113	180	25	34
112	178	28	34
114	173	27	36
115	173	29	35
115	171	29	36
118	169	28	36
117	168	37	34
120	162	30	39
111	154	44	45
128	163	32	35
130	161	33	35
134	159	34	36
139	157	36	38
144	159	37	38
150	160	39	38
155	158	38	37
170	154	30	40
174	156	33	40
185	156	29	42
186	164	37	37
193	166	36	35
202	166	33	33
211	166	33	34
220	167	32	33
224	163	36	36
234	166	34	34
240	165	33	37
244	165	35	34
249	165	34	32
254	167	34	30
256	168	34	33
258	171	33	36
257	171	35	36
256	172	35	38
256	173	34	39
253	172	35	38
253	169	31	38
249	171	32	34
242	174	29	42
238	174	30	37
230	178	33	35
224	182	34	32
219	181	29	31
211	184	27	29
206	183	26	30
202	182	26	36
195	181	25	33
179	144	34	72
202	120	12	58
197	121	64	10
203	116	27	37
244	88	43	29
241	91	10	58
243	86	23	52
236	120	34	28
246	79	11	10
248	77	27	22
251	115	33	28
232	106	59	33
249	102	48	39
244	86	59	59
259	101	50	26
218	108	78	22
261	98	56	20
275	93	43	18
250	100	70	10
269	89	48	16
262	87	63	16
239	88	58	19
226	83	78	29
237	80	70	33
225	88	66	33
222	97	61	33
247	114	30	21
231	86	38	37
220	86	42	27
197	110	31	40
202	100	10	53
149	69	19	25
123	72	32	46
114	149	35	32
92	96	35	98
199	96	40	21
238	74	47	24
235	75	43	22
228	80	16	35
234	80	49	34
230	81	51	22
230	81	43	25
231	84	35	29
227	87	41	29
229	88	34	31
234	91	42	30
233	94	42	32
235	92	34	38
234	94	68	37
238	95	63	45
236	92	72	28
241	94	10	72
248	93	58	42
215	134	10	68
210	122	50	12
234	97	44	19
227	101	10	55
223	100	39	32
219	130	16	66
219	156	22	42
227	123	45	12
240	97	60	18
229	150	20	30
231	155	21	43
234	152	36	10
230	155	23	43
232	141	25	50
230	149	23	46
224	137	24	61
221	95	36	42
141	124	25	69
200	101	10	89
164	111	85	15
246	86	41	30
182	137	32	44
217	105	62	12
241	85	10	89
193	123	27	68
199	119	42	49
199	120	50	46
203	116	52	48
210	114	52	45
213	105	53	51
229	113	46	39
236	108	43	39
248	114	36	32
200	136	10	71
212	105	52	27
263	108	38	36
230	96	75	46
243	105	63	38
235	101	71	41
257	111	49	33
239	88	51	60
254	102	52	41
251	89	56	52
231	85	71	58
239	92	56	48
245	103	43	46
230	93	46	60
233	100	28	39
225	103	24	61
188	104	42	41
178	103	29	24
141	141	18	22
147	105	32	69
137	141	25	37
120	127	25	49
108	119	26	57
93	124	37	31
77	127	28	42
103	123	20	24
98	124	17	24
84	120	28	32
84	118	27	29
81	119	26	30
82	125	22	21
74	122	27	32
75	122	24	33
69	121	26	29
70	124	25	24
61	129	34	23
69	129	24	23
72	135	27	36
75	138	25	27
77	143	27	39
81	147	27	36
85	149	29	40
91	155	27	37
98	160	30	39
107	160	28	41
116	163	28	43
125	166	27	40
133	168	29	43
147	167	27	47
156	166	82	10
200	110	60	29
198	129	14	57
185	164	79	10
217	110	61	27
213	110	54	33
213	104	51	43
212	193	24	31
217	179	25	41
184	203	24	33
226	181	10	37
197	155	45	59
216	181	33	43
225	122	30	91
237	170	37	38
244	152	33	53
240	122	47	82
239	95	52	91
222	91	68	69
220	92	75	62
245	102	52	49
234	104	62	41
201	158	45	14
245	103	27	31
222	70	10	106
227	46	47	71
240	74	45	45
242	89	34	31
228	85	46	36
234	98	36	27
204	76	59	58
206	74	51	67
171	111	10	80
200	103	30	51
156	123	10	72
192	129	29	41
149	142	10	42
113	163	27	23
124	157	16	36
132	166	10	33
119	173	19	22
137	154	10	38
144	178	30	27
109	180	30	29
118	189	42	53
207	118	27	50
173	145	86	14
215	124	53	35
214	125	57	35
222	121	55	39
225	129	54	33
227	122	54	35
231	121	53	38
235	122	49	33
240	119	41	37
237	113	53	38
244	114	46	32
245	106	52	37
251	120	33	27
250	98	44	41
258	117	37	24
250	98	47	38
253	94	55	36
249	90	55	35
251	88	47	38
248	84	46	35
267	86	38	27
246	75	53	34
244	75	41	34
250	69	38	36
253	71	34	34
246	63	37	36
248	66	39	34
245	63	37	33
239	60	35	35
240	59	42	33
231	56	31	34
228	55	73	33
141	117	25	25
136	114	30	24
137	112	29	26
140	109	27	26
140	110	28	24
114	101	55	34
144	96	24	46
127	99	46	43
142	102	34	35
137	108	42	26
143	116	39	67
179	97	50	42
153	123	41	63
159	122	42	64
170	123	40	63
217	74	10	114
170	129	45	61
174	133	46	63
176	137	46	64
176	136	56	35
174	143	52	35
173	151	61	27
177	166	61	10
220	145	35	53
188	167	69	10
230	149	32	53
232	143	32	26
237	149	33	24
239	150	33	45
242	149	32	23
247	151	30	45
221	179	54	10
246	154	33	37
243	158	34	37
239	158	35	37
237	155	35	37
236	154	33	38
234	158	31	39
232	157	29	36
226	158	32	37
222	152	37	25
220	152	33	24
220	147	31	23
212	143	27	30
206	138	27	26
206	127	24	26
196	118	22	35
185	120	26	26
179	115	22	32
166	114	25	27
155	113	26	28
148	109	25	28
141	105	23	25
132	104	23	24
124	99	23	24
119	99	19	21
111	98	18	21
100	99	23	25
92	101	20	24
85	102	23	21
77	102	25	23
71	104	27	23
62	104	21	21
56	108	22	22
50	114	25	21
44	116	21	22
39	123	22	24
37	129	21	22
40	140	30	21
36	145	22	17
41	150	26	17
40	155	34	23
32	158	27	23
44	163	31	25
31	174	37	38
52	171	29	22
57	175	20	22
61	181	23	22
62	188	28	19
73	184	23	24
79	186	28	27
96	190	18	22
99	190	25	23
116	193	20	21
126	189	21	26
136	190	20	23
143	191	23	23
153	189	23	23
164	185	25	25
175	181	23	24
185	177	25	28
194	173	25	31
203	167	25	32
212	163	26	31
220	159	25	30
230	150	23	35
237	146	24	31
242	137	28	34
251	130	25	38
257	124	25	34
261	116	24	36
264	109	26	38
266	103	26	37
267	97	27	40
261	88	33	41
259	84	34	37
255	79	31	33
255	78	35	33
250	76	36	30
243	74	45	30
249	66	32	34
224	66	54	31
212	64	48	30
201	58	57	34
199	60	57	30
196	58	49	33
205	49	34	42
220	48	56	26
186	54	44	38
217	52	10	42
195	62	16	36
206	59	26	30
193	62	29	31
210	59	24	35
214	64	37	29
213	65	46	27
214	70	45	34
218	74	66	27
214	73	72	33
216	80	66	32
209	85	58	29
220	86	68	36
215	91	76	38
188	103	105	33
213	101	85	23
203	104	46	41
188	115	60	32
203	106	75	41
195	116	54	35
217	110	56	41
202	117	62	38
205	112	65	43
214	110	63	43
221	120	53	31
216	114	57	37
216	120	57	40
222	114	55	35
224	113	53	35
224	111	54	35
224	110	55	32
229	108	44	39
227	105	54	37
232	103	54	34
226	100	54	33
228	98	54	35
232	95	52	34
229	90	53	37
246	94	42	27
240	84	39	37
233	77	43	37
239	81	43	30
237	75	44	33
237	70	32	38
237	68	35	33
236	68	63	29
231	69	32	30
242	76	49	17
234	64	58	26
231	61	29	31
232	59	80	21
224	62	43	28
228	61	39	32
221	59	40	32
221	59	36	31
217	62	39	27
217	60	43	29
224	62	36	32
254	54	56	40
198	72	42	28
134	100	30	36
145	100	28	37
178	86	24	35
158	105	30	34
202	75	40	34
205	90	10	49
181	113	30	28
195	98	56	20
198	108	29	34
216	86	47	34
214	93	32	49
220	114	34	29
226	117	37	26
231	118	40	28
240	120	36	27
249	120	33	29
257	125	30	32
262	127	31	31
269	130	31	31
276	135	30	29
278	134	32	31
283	135	27	33
289	137	25	35
292	140	26	32
294	142	25	33
296	145	25	32
298	150	27	32
297	154	28	34
295	158	30	34
292	161	31	32
285	163	35	34
284	168	32	31
278	171	34	30
274	179	30	25
270	182	27	26
254	180	35	33
250	159	25	41
228	185	50	35
217	169	62	28
241	78	21	107
220	63	32	51
224	62	41	26
226	67	38	25
213	67	40	23
244	61	32	30
214	67	47	18
233	59	30	28
205	76	36	22
217	69	19	35
220	68	34	32
221	67	44	23
212	72	56	20
186	84	36	25
218	74	54	30
199	79	33	36
216	76	50	29
214	80	25	34
213	88	43	30
215	85	43	33
219	88	57	30
220	92	44	31
223	95	42	34
227	96	27	36
231	99	62	45
223	95	68	37
227	104	70	33
241	98	32	45
214	115	36	33
204	113	57	37
208	115	52	34
209	118	43	35
216	115	49	37
218	116	46	37
212	117	41	33
218	116	66	27
215	118	51	31
230	119	47	24
225	112	41	29
251	101	72	25
236	120	32	17
248	92	58	21
232	97	37	32
233	92	36	36
238	88	32	33
230	83	43	32
227	81	40	30
228	77	41	29
229	74	42	30
227	74	38	26
222	72	44	26
224	72	47	23
231	79	34	14
239	52	57	25
225	61	40	23
224	57	10	76
159	86	29	39
165	71	29	53
158	76	39	44
163	75	37	45
166	74	38	46
169	74	37	46
170	78	38	43
173	75	37	45
172	78	37	43
216	49	10	74
171	85	37	42
172	87	35	43
177	90	29	42
198	37	10	92
217	42	10	90
162	90	38	43
121	86	35	32
157	53	57	10
142	67	23	23
152	55	39	70
166	49	25	70
178	35	26	41
158	76	34	43
192	27	38	36
160	77	32	44
220	22	36	32
198	49	21	42
163	75	28	50
174	64	31	37
222	13	44	26
226	13	57	31
203	81	30	33
165	73	23	40
164	68	22	40
162	65	22	41
162	65	20	39
159	63	21	40
155	64	23	36
156	64	21	36
157	65	16	34
144	66	27	30
134	57	28	24
135	66	30	34
145	57	19	30
144	61	19	23
143	54	17	28
142	52	18	28
130	47	25	31
108	40	43	48
214	19	19	44
206	0	29	59
191	2	27	60
174	0	27	61
158	0	27	62
141	0	26	65
123	3	25	66
102	20	26	54
92	0	32	76
81	41	128	104
234	56	43	33
202	94	52	62
88	90	206	26
58	150	31	48
54	152	36	39
61	141	36	63
67	136	19	71
51	163	43	43
50	162	35	44
32	118	66	77
0	129	219	10
46	59	102	70
184	4	38	27
190	0	41	31
188	2	40	31
186	1	39	33
194	1	40	33
185	6	47	30
197	6	43	29
196	5	39	32
197	2	10	89
128	76	21	19
135	75	30	21
146	77	25	29
158	79	26	25
168	79	30	45
182	91	28	41
189	84	32	26
148	59	62	38
210	83	29	45
167	43	47	76
209	82	39	40
207	60	47	64
233	75	42	58
222	24	56	102
235	37	44	42
236	14	56	89
267	58	27	67
273	11	28	85
273	18	32	68
249	75	41	48
249	74	41	34
276	43	26	52
277	36	22	48
275	28	19	42
266	28	24	50
257	13	26	38
257	21	25	39
241	18	32	55
226	14	39	27
222	15	45	63
211	12	38	26
201	22	52	34
195	14	47	27
179	35	31	41
176	26	46	25
194	17	38	34
163	31	41	40
147	47	37	44
129	64	45	32
119	43	41	64
200	28	10	94
195	35	29	29
204	38	63	29
178	49	56	20
194	49	71	30
187	54	59	24
194	55	63	28
195	58	51	26
200	60	53	26
198	66	76	29
195	69	73	33
195	74	71	36
197	77	71	34
201	80	62	26
204	87	67	35
204	88	67	30
207	92	67	33
208	95	66	27
212	97	66	33
215	99	58	32
214	102	62	33
216	103	69	34
219	104	62	32
224	103	53	34
218	98	44	41
225	100	68	35
230	99	43	36
231	96	29	46
236	92	55	28
241	94	36	42
248	86	10	54
238	95	66	39
214	103	38	31
219	99	37	35
228	91	28	42
223	93	33	35
231	94	32	33
220	92	39	34
178	144	11	36
142	135	10	55
159	104	37	35
160	125	21	49
195	123	17	43
178	136	10	40
185	130	10	43
208	113	10	54
171	144	24	22
175	139	23	25
177	134	25	32
231	80	25	28
223	31	32	23
236	73	31	30
184	117	27	30
181	114	27	33
179	114	29	35
180	111	28	35
220	65	46	15
177	109	27	22
220	68	26	32
187	47	20	77
176	95	26	45
181	57	43	67
172	97	42	29
174	95	35	39
177	90	22	50
162	108	31	41
151	116	35	41
146	124	39	34
170	101	41	36
188	90	10	92
147	156	26	27
116	144	56	47
146	168	26	30
144	173	23	29
143	178	18	32
143	182	25	32
142	189	25	32
142	199	25	31
140	200	25	35
139	209	26	32
140	212	24	29
137	213	23	31
136	217	22	30
134	219	21	31
133	222	20	32
128	225	23	32
126	227	22	31
120	229	27	30
116	236	32	23
116	239	28	20
114	235	24	22
114	233	21	21
98	219	33	28
101	216	31	29
103	213	26	29
98	207	29	34
102	206	24	30
104	206	20	28
102	161	22	63
69	171	45	37
37	198	48	39
97	187	23	26
94	179	28	34
92	175	25	34
94	171	23	28
92	167	24	27
92	157	25	28
86	151	28	32
85	144	27	28
85	133	27	35
86	136	25	27
88	129	23	30
82	125	26	27
82	121	25	27
79	114	26	33
80	114	25	27
78	108	25	32
79	106	23	29
79	106	22	28
77	104	23	30
76	105	24	31
75	103	26	32
75	102	26	38
70	105	29	40
71	106	27	48
76	112	22	33
75	112	28	32
79	117	23	32
82	121	25	34
83	126	25	33
85	131	26	32
90	135	26	34
93	141	25	31
97	146	27	30
100	153	26	30
104	158	27	27
108	162	29	30
112	167	27	30
118	172	27	28
126	176	29	26
130	177	31	28
138	181	31	26
144	185	31	25
149	184	30	30
155	185	31	32
161	187	30	29
164	190	33	28
170	192	33	29
175	190	34	27
181	195	30	26
186	191	30	30
190	192	33	26
191	193	34	26
196	188	31	27
198	188	34	28
200	186	34	29
201	183	36	29
203	180	35	29
207	179	35	29
206	177	36	27
208	172	33	29
213	170	30	29
213	164	29	30
213	160	29	30
213	162	26	28
210	163	23	27
209	157	28	30
204	157	33	28
206	154	28	29
203	152	27	27
196	145	32	28
192	143	31	32
186	142	35	28
180	137	35	28
177	135	33	29
178	131	27	32
173	127	26	32
165	125	29	29
160	124	28	29
154	122	28	28
151	121	26	27
143	116	28	30
139	115	26	28
133	112	27	29
128	110	25	30
121	112	26	27
116	107	24	29
109	107	26	29
101	105	30	36
88	108	30	42
96	112	30	26
87	110	30	31
86	114	26	25
83	115	27	28
81	115	27	28
84	115	42	15
73	121	27	28
70	123	27	30
68	130	27	29
68	133	24	30
65	138	28	29
66	141	27	30
64	147	27	30
67	155	26	29
67	160	27	30
68	166	27	29
69	172	29	29
71	176	28	30
76	182	27	32
81	187	25	31
86	191	24	32
86	194	28	33
89	199	29	34
96	203	26	36
99	206	27	32
102	209	29	33
107	212	29	32
113	214	26	30
115	212	28	30
119	209	27	31
124	206	30	30
132	204	28	30
137	198	28	32
143	193	29	32
150	188	27	33
162	179	22	35
176	167	12	42
173	172	40	45
180	145	25	51
179	138	28	62
179	158	29	30
138	126	68	51
157	132	48	39
171	130	46	39
192	129	27	34
195	122	26	40
205	108	18	48
196	114	24	38
195	108	24	42
192	106	25	40
195	101	20	45
214	67	15	57
223	51	10	88
227	58	10	81
220	54	10	85
216	49	10	69
236	45	44	19
207	57	48	22
203	54	42	20
204	53	30	25
201	60	26	24
232	46	30	24
209	55	22	28
228	51	10	36
229	56	44	28
204	59	19	32
218	59	49	33
181	71	33	26
201	67	30	20
217	68	37	20
214	74	37	20
206	80	47	23
206	81	46	23
212	87	42	24
210	88	46	25
212	90	45	25
212	94	47	29
209	99	10	43
215	110	45	26
215	113	44	88
216	111	60	99
217	120	52	41
238	141	47	42
234	129	44	30
235	126	63	44
240	136	85	48
243	120	76	43
240	124	74	25
244	123	82	46
240	121	100	49
263	110	48	25
215	116	74	40
215	120	10	87
218	120	50	35
283	153	10	41
