3.350361
1.431060
0.211558
0.364306
0.223018
0.220309
0.580924
0.428616
0.063328
0.366583
0.271183
0.326904
0.376099
0.216134
0.085498
0.199141
0.150024
0.297111
0.211237
0.195729
0.257351
0.225521
0.162379
0.234788
0.248306
0.235816
0.254207
0.357305
0.259257
0.491019
0.077448
0.581255
0.398426
0.079034
0.143862
0.153446
0.105750
0.081329
0.345448
0.093485
0.226682
0.348151
0.327128
0.193387
0.131579
0.114573
0.080928
0.051022
0.057191
0.059260
0.096521
0.050227
0.052776
0.052107
0.051601
0.049336
0.050906
0.054016
0.049378
0.057331
0.043324
0.046014
0.167315
0.056581
0.055777
0.103754
0.064466
0.048327
0.078607
0.057568
0.052327
0.051425
0.057083
0.046686
0.051142
0.045340
0.055128
0.052133
0.064215
0.198390
0.074917
0.147355
0.109775
0.046211
0.043830
0.051439
0.047165
0.110099
0.065440
0.062332
0.132068
0.116734
0.089610
0.123898
0.084318
0.316169
0.457683
0.079375
0.482179
0.225183
0.056454
0.122644
0.133380
0.344634
0.052014
0.070903
0.044449
0.132991
0.230264
0.047129
0.041966
0.063333
0.170920
0.044615
0.048074
0.074384
0.046414
0.089009
0.303105
0.232482
0.048120
0.333035
0.161219
0.052760
0.458643
0.056253
0.048230
0.043421
0.043419
0.291087
0.049959
0.052546
0.138066
0.075135
0.230428
0.060206
0.097021
0.200801
0.304686
0.047917
0.265382
0.368012
0.269607
0.462691
0.246956
0.252446
0.500173
0.294492
0.435023
0.394751
0.176773
0.323118
0.346857
0.056086
0.481069
0.255028
0.060600
0.646881
0.485729
0.295444
0.410529
0.371932
0.114029
0.237597
0.070832
0.044468
0.044532
0.042842
0.260091
0.251498
0.334755
0.258612
0.049901
0.192351
0.082454
0.129950
0.047954
0.055046
0.055567
0.046381
0.046631
0.053918
0.122454
0.114207
0.070448
0.139700
0.134628
0.045033
0.047797
0.231097
0.427695
0.290699
0.322072
0.296926
0.311861
0.403109
0.238952
0.327417
0.215524
0.232392
0.055628
0.247615
0.279101
0.046623
0.042892
0.046577
0.045908
0.244848
0.151124
0.377391
0.596253
0.500280
0.052249
0.305930
0.138510
0.339325
0.231299
0.284787
0.231694
0.225008
0.052210
0.383802
0.204678
0.045000
0.067389
0.137346
0.058371
0.462702
0.352394
0.072100
0.261472
0.332344
0.170228
0.305129
0.427819
0.319291
0.258905
0.296756
0.376340
0.273575
0.079105
0.408303
0.054775
0.200524
0.272943
0.249784
0.220484
0.228261
0.232611
0.243042
0.206827
0.239775
0.279015
0.350091
0.295990
0.248094
0.265944
0.305331
0.241765
0.221712
0.583372
0.622811
0.471041
0.331006
0.239331
0.273777
0.376306
0.083402
0.680021
0.236102
0.212605
0.226432
0.154300
0.043517
0.469514
0.228079
0.293813
0.187917
0.064297
0.164569
0.049817
0.045419
0.296406
0.590950
0.045981
0.304888
0.236398
0.464198
0.537349
0.476041
0.370217
0.236097
0.375676
0.064606
0.331863
0.216990
0.356414
0.218026
0.611092
0.060453
0.585802
0.484081
0.425792
0.420664
0.323604
0.253390
0.050303
0.089835
0.441387
0.440386
0.267276
0.237151
0.303138
0.044672
0.423605
0.070276
0.252231
0.389446
0.107903
0.257081
0.665183
0.098692
0.099633
0.045704
0.098465
0.078857
0.073253
0.091220
0.256074
0.225548
0.362414
0.276544
0.075779
0.045056
0.046049
0.052302
0.042654
0.173549
0.079210
0.051482
0.087156
0.225249
0.682915
0.363142
0.354450
0.374387
0.257950
0.238602
0.232547
0.240276
0.057312
0.259211
0.377555
0.273153
0.100685
0.463072
0.238590
0.053388
0.121833
0.129883
0.133686
0.269725
0.402774
0.341338
0.477064
0.065015
0.450658
0.260630
0.246580
0.048753
0.168698
0.277083
0.415427
0.346553
0.180745
0.353939
0.256018
0.243695
0.330811
0.274967
0.258919
0.280687
0.305433
0.273800
0.053886
0.505842
0.060948
0.411112
0.249144
0.252919
0.226033
0.240041
0.444517
0.389026
0.427342
0.425768
0.423537
0.395737
0.099877
0.168805
0.608126
0.340729
0.250485
0.079459
0.234482
0.042721
0.107327
0.305122
0.381979
0.252449
0.238116
0.240065
0.229150
0.249758
0.249801
0.316646
0.065256
0.241822
0.073911
0.103131
0.051619
0.263314
0.066782
0.042036
0.216921
0.301339
0.317539
0.458024
0.079577
0.902667
0.263783
0.098087
0.150909
0.257074
0.136960
0.047776
0.041698
0.040589
0.041410
0.041555
0.198248
0.042941
0.056440
0.300077
0.234241
0.250797
0.260337
0.071749
0.265421
0.267443
0.233740
0.229739
0.222877
0.056054
0.321004
0.053565
0.095413
0.340495
0.218084
0.228092
0.243092
0.342466
0.473903
0.103897
0.056864
0.103779
0.069220
0.269852
0.303768
0.301200
0.278897
0.332139
0.356201
0.466375
0.338224
0.326230
0.400788
0.070419
0.221825
0.176940
0.282239
0.167902
0.493400
0.082040
0.049649
0.041929
0.044804
0.045905
0.043120
0.047728
0.237600
0.092442
0.084462
0.081597
0.046791
0.054643
0.300943
0.051426
0.114535
0.212393
0.461473
0.115100
0.296142
0.229247
0.244697
0.425032
0.054020
0.053764
0.045178
0.050309
0.044228
0.059298
0.061739
0.044872
0.046459
0.045541
0.047359
0.105441
0.063565
0.216245
0.403280
0.295790
0.466566
0.420083
0.111746
0.149544
0.417097
0.373181
0.372434
0.060108
0.498861
0.079422
0.215726
0.617547
0.093834
0.041664
0.041727
0.222310
0.136553
0.208838
0.161098
0.053162
0.299025
0.047375
0.279161
0.318870
0.074803
0.191187
0.524231
0.441186
0.433904
0.084889
0.450963
0.162960
0.312265
0.203858
0.348316
0.335155
0.265457
0.281045
0.079085
0.363429
0.477525
0.230351
0.331080
0.270210
0.392608
0.374761
0.367751
0.236768
0.184790
0.173404
0.274261
0.295184
0.243184
0.249078
0.245503
0.334826
0.538230
0.251010
0.240204
0.249669
0.069378
0.377117
0.242671
0.111440
0.043567
0.089567
0.110384
0.043805
0.045109
0.223953
0.044460
0.460374
0.240287
0.258246
0.202179
0.239255
0.678328
0.435778
0.386275
0.369182
0.288750
0.058151
0.055200
0.044477
0.046033
0.106950
0.056247
0.219061
0.068805
0.322536
0.267933
0.051199
0.122202
0.314665
0.057452
0.220071
0.359548
0.206920
0.050080
0.324762
0.239822
0.238652
0.234438
0.250965
0.228554
0.244022
0.225869
0.066048
0.285857
0.339271
0.099387
0.785123
0.513993
0.568869
0.255064
0.066308
0.120538
0.231616
0.249558
0.267449
