2.038311
1.062934
0.319259
0.365193
0.339739
0.258300
0.450012
0.421602
0.190265
0.181560
0.047717
0.077890
0.081880
0.048340
0.045803
0.042528
0.070842
0.200020
0.057801
0.047400
0.061935
0.060415
0.062198
0.075526
0.049869
0.055450
0.042631
0.042803
0.047379
0.045066
0.043732
0.054937
0.062262
0.051255
0.042941
0.045917
0.064620
0.382929
0.241332
0.286134
0.070910
0.404985
0.279466
0.060036
0.387078
0.310062
0.050939
0.449944
0.294803
0.208744
0.241488
0.231695
0.250941
0.217594
0.048155
0.254289
0.390980
0.272386
0.214831
0.238512
0.235009
0.233024
0.213316
0.231536
0.085392
0.055750
0.049473
0.049737
0.049800
0.137480
0.487489
0.241069
0.049386
0.644274
0.576890
0.330273
0.377926
0.259201
0.258197
0.235526
0.357325
0.215903
0.236615
0.227867
0.452449
0.064148
0.235132
0.360471
0.047172
0.222657
0.410635
0.292958
0.045241
0.362647
0.104582
0.203001
0.309041
0.475244
0.097397
0.269815
0.378568
0.289613
0.266418
0.535903
0.259679
0.279459
0.572096
0.093655
0.161469
0.665250
0.246268
0.206915
0.043350
0.264112
0.288621
0.295189
0.047490
0.138708
0.227468
0.276428
0.233064
0.141859
0.357805
0.151035
0.430914
0.278577
0.259053
0.234753
0.248942
0.111113
0.047160
0.495362
0.067169
0.068040
0.042629
0.050215
0.052248
0.276450
0.430051
0.288433
0.277641
0.201990
0.637467
0.250576
0.240815
0.051267
0.302598
0.222999
0.047342
0.510584
0.236449
0.237618
0.216183
0.242457
0.169286
0.067578
0.292612
0.089350
0.564217
0.058873
0.453182
0.391590
0.401496
0.058762
0.526644
0.300363
0.382219
0.254706
0.052393
0.435142
0.324404
0.276030
0.298030
0.242608
0.065009
0.379462
0.231166
0.256210
0.088517
0.040752
0.234576
0.044277
0.270830
0.177163
0.044930
0.313265
0.195387
0.042629
0.042161
0.052819
0.043823
0.044452
0.043391
0.042304
0.080131
0.245866
0.325667
0.383088
0.286508
0.069375
0.614338
0.143344
0.334234
0.178216
0.300184
0.307454
0.429940
0.311356
0.289918
0.133813
0.193801
0.276078
0.366488
0.360977
0.367688
0.364692
0.216545
0.226027
0.279708
0.240980
0.244270
0.236990
0.252964
0.177783
0.350168
0.328360
0.320390
0.414392
0.244812
0.128084
0.324857
0.254220
0.065206
0.462702
0.084997
0.145675
0.325465
0.091711
0.068971
0.536113
0.297324
0.237115
0.068645
0.547263
0.293765
0.090672
0.593612
0.390732
0.369287
0.065325
0.766258
0.292281
0.684912
0.048240
0.282698
0.065532
0.124777
0.129367
0.449137
0.435124
0.388974
0.085164
0.361880
0.107948
0.269803
0.063639
0.062710
0.248004
0.155587
0.195336
0.284027
0.546023
0.245796
0.112319
0.114289
0.250672
0.207297
0.226827
0.427734
0.358851
0.049626
0.044750
0.053825
0.371179
0.061331
0.264047
0.438068
0.416185
0.404140
0.333743
0.326611
0.366352
0.434763
0.499247
0.074567
0.080721
0.213245
0.044431
0.282645
0.409951
0.103561
0.365059
0.277575
0.243906
0.253559
0.222111
0.233386
0.218872
0.221226
0.173547
0.272027
0.411456
0.230953
0.524818
0.141545
0.054550
0.078951
0.226199
0.269341
0.243798
0.212929
0.213882
0.331823
0.092698
0.319722
0.327150
0.302893
0.331752
0.099654
0.194859
0.247045
0.255641
0.234594
0.542567
0.474991
0.078407
0.123871
0.366530
0.206557
0.205364
0.414037
0.256050
0.268607
0.070662
0.448663
0.320639
0.516471
0.051573
0.137387
0.084754
0.193903
0.446253
0.346303
0.298689
0.240565
0.230816
0.088290
0.259428
0.203042
0.260629
0.230648
0.251809
0.331024
0.253028
0.262985
0.058797
0.249380
0.239515
0.251594
0.223590
0.255863
0.409305
0.436490
0.374413
0.198656
0.074042
0.046036
0.055928
0.297660
0.112778
0.369726
0.285662
0.318983
0.352790
0.201608
0.255111
0.047490
0.365952
0.051998
0.053638
0.094440
0.365286
0.357946
0.449104
0.078142
0.471725
0.426399
0.300607
0.322787
0.479319
0.541921
0.296157
0.411207
0.262236
0.487805
0.147095
0.224874
0.046906
0.087048
0.104235
0.398213
0.334386
0.074661
0.338735
0.147260
0.348217
0.120842
0.163361
0.211810
0.369931
0.251471
0.257140
0.065072
0.096631
0.377652
0.358724
0.042687
0.304647
0.200987
0.263262
0.101125
0.046778
0.044826
0.175750
0.412884
0.388854
0.328997
0.313439
0.551544
0.291439
0.235614
0.383950
0.115274
0.069180
0.385972
0.051608
0.250115
0.092121
0.247332
0.233588
0.083628
0.056344
0.252447
0.330565
0.422495
0.190319
0.465068
0.256901
0.319470
0.377148
0.344163
0.298325
0.171454
0.042177
0.104411
0.612466
0.125823
0.117037
0.053541
0.053634
0.062256
0.200663
0.053819
0.183670
0.290056
0.049006
0.537434
0.069407
0.385285
0.602195
0.398357
0.462409
0.291279
0.551250
0.252658
0.160138
0.049165
0.249990
0.242154
0.347950
0.427018
0.462984
0.452096
0.286628
0.239417
0.140961
0.053987
0.855041
0.400479
0.430218
0.115911
0.842897
0.052140
0.244924
0.105787
0.256449
0.334263
0.381585
0.401179
0.312998
0.233090
0.232465
0.238908
0.065444
0.048161
0.113927
0.440683
0.230884
0.338988
0.356478
0.273937
0.255922
0.230323
0.225732
0.119949
0.050190
0.051511
0.093486
0.734608
0.058974
0.340826
0.396834
0.352420
0.284298
0.255883
0.201565
0.293008
0.434051
0.271595
0.063271
0.259780
0.454232
0.262223
0.263681
0.238709
0.147067
0.046767
0.041182
0.239239
0.050872
0.197477
0.104428
0.237915
0.277268
0.349516
0.069069
0.400537
0.209242
0.434546
0.414903
0.250644
0.072322
0.254860
0.388919
0.231315
0.080786
0.284301
0.053271
0.345675
0.233023
0.048360
0.446233
0.225595
0.046860
0.306316
0.224644
0.054310
0.433667
0.063974
0.288933
0.193327
0.304424
0.233604
0.246524
0.246141
0.240402
0.331206
0.293797
0.088621
0.225842
0.102224
0.156738
0.205762
0.236112
0.229054
0.046892
0.383026
0.308412
0.234804
0.045266
0.150993
0.274184
0.195363
0.056618
0.227788
0.079978
0.058727
0.046985
0.058221
0.057043
0.051413
0.044197
0.044713
0.043591
0.046881
0.122087
0.195465
0.053288
0.318123
0.046841
0.102487
0.299162
0.065064
0.216579
0.043180
0.045106
0.199236
0.330233
0.083493
0.288996
0.157527
0.405114
0.178781
0.512974
0.330608
0.436892
0.329059
0.473467
0.135066
0.364546
0.348461
0.344309
0.131333
0.343822
0.049662
0.503268
0.309951
0.321817
0.233785
0.234491
0.274390
0.383583
0.089192
0.563740
0.302910
0.111695
0.248641
0.344531
0.363730
0.357799
0.311259
0.282561
0.276639
0.262771
0.239128
0.092910
0.475160
0.354098
0.093174
0.204898
0.407725
0.076537
0.439736
0.409261
0.271128
0.336477
0.343711
0.096650
0.308787
0.301175
0.403532
0.114238
0.515814
0.189761
0.373765
0.399224
0.530173
0.601200
0.088566
0.207655
0.266732
0.078964
0.173136
0.407962
0.260176
0.353571
0.373630
0.336321
0.311234
0.244296
0.071998
0.223145
0.206506
0.376827
0.197093
0.168473
0.069228
0.053528
0.160566
0.518069
0.306530
0.049285
0.199416
0.117682
0.195267
0.490952
0.208205
0.202135
0.279740
0.057731
0.311965
0.233851
0.230489
0.228556
0.238632
0.240720
0.362537
0.266640
0.171617
0.150852
0.056050
0.365610
0.369489
0.114633
0.118900
0.125538
0.183080
0.079302
0.124169
0.209621
0.220477
0.520488
0.155544
0.248171
0.313534
0.214744
0.325465
0.193376
0.267592
0.276833
0.323931
0.299019
0.046851
0.042602
0.047920
0.397591
0.049581
0.297979
0.110225
0.212282
0.351321
0.415625
0.162128
0.223403
0.321580
0.312400
0.265004
0.245572
0.243253
0.224828
0.078058
0.147141
0.117641
0.181585
0.461630
0.478506
0.207855
0.311703
0.242797
0.237619
0.313895
0.221364
0.183516
0.224942
0.053703
0.049974
0.233053
0.207163
0.046514
0.046311
0.056115
0.060285
0.210999
0.051637
0.400771
0.124751
0.048930
0.041161
0.266405
0.165478
0.405526
0.376271
0.067708
0.195389
0.190409
0.206979
0.293537
0.070245
0.379576
0.047166
0.050330
0.092624
0.144150
0.369710
0.225042
0.262824
0.214007
0.047185
0.384590
0.236241
0.363351
0.271352
0.231174
0.225597
0.229890
0.211619
0.131081
0.387192
0.303316
0.158918
0.326632
0.046151
0.508639
0.127055
0.104959
0.044703
0.042010
0.042137
0.252572
0.221494
0.075533
0.419039
0.397003
0.269324
0.071506
0.247571
0.045429
0.045308
0.044883
0.065953
0.038290
0.042641
0.041460
0.047201
0.046860
0.198359
0.044758
0.042800
0.044479
0.250132
0.045893
0.361075
0.291615
0.379758
0.382873
0.428864
0.272453
0.047997
0.326667
0.239311
0.223811
0.227738
0.213917
0.230190
0.049464
0.143626
0.127749
0.131848
0.308627
0.225864
0.244479
0.238076
0.423121
0.464497
0.378861
0.096327
0.406590
0.073046
0.535575
0.271763
0.328258
0.536744
0.423395
0.221324
0.372543
0.260498
0.161866
0.475146
0.542527
0.192048
0.244554
0.261017
0.237872
0.058193
0.341237
0.055142
0.419594
0.406615
0.344806
0.054093
0.334873
0.377648
0.399280
0.058228
0.249260
0.219396
0.487895
0.074556
0.201097
0.187317
0.236750
0.230422
0.075998
0.364887
0.069067
0.554615
0.440574
0.477796
0.221460
0.237042
0.197340
0.051454
0.503254
0.242274
0.230115
0.232594
0.234586
0.360340
0.495213
0.350348
0.715964
0.464500
0.559656
0.355635
0.569630
0.054804
0.472226
0.243238
0.230140
0.183670
0.235147
0.154201
0.486231
0.332468
0.417443
0.173847
0.109787
0.050310
0.227783
0.307840
0.615094
0.208664
0.222827
0.449575
0.229016
0.460492
0.523574
0.142161
0.151943
0.162126
0.085451
0.426249
0.392355
0.329674
0.268711
0.212074
0.056574
0.378862
0.519203
0.056386
0.302005
0.242440
0.121710
0.046117
0.046591
0.055719
0.111033
0.085439
0.060042
0.060464
0.076309
0.082977
0.052707
0.049117
0.053044
0.046453
0.059844
0.306609
0.107885
0.042944
0.059265
0.115303
0.044537
0.101260
0.044659
0.044757
0.098165
0.154694
0.106684
0.091887
0.079251
0.248008
0.049689
0.040868
0.053037
0.044309
0.051343
0.044152
0.080953
0.045932
0.043508
0.194541
0.098392
0.155632
0.240522
0.179304
0.280606
0.310200
0.230020
0.215366
0.061659
0.157533
0.395305
0.343276
0.189594
0.249745
0.046577
0.394856
0.056042
0.254629
0.224415
0.046497
0.046930
0.045700
0.067996
0.136907
0.187619
0.321754
0.235860
0.104102
0.555317
0.395913
0.060119
0.463453
0.117438
0.671520
0.120916
0.274101
0.259409
0.231972
0.255406
0.245027
0.212733
0.282640
0.049671
0.311919
0.067003
0.045578
0.237558
0.083870
0.367000
0.268177
0.073758
0.268221
0.046402
0.050212
0.051249
0.189330
0.076566
0.078653
0.069264
0.221788
0.236613
0.298461
0.346809
0.052924
0.116045
0.057918
0.054187
0.057791
0.054856
0.052056
0.043020
0.193468
0.330573
0.495167
0.400242
0.349717
0.318189
0.050942
0.062891
0.537712
0.300752
0.130489
0.045539
0.067223
0.463830
0.045425
0.050809
0.048794
0.331947
0.471834
0.422276
0.328362
0.374086
0.368422
0.244024
0.277624
0.211262
0.212403
0.218073
0.208099
0.253651
0.424850
0.417760
0.325383
0.270069
0.277964
0.261317
0.265997
0.135847
0.034659
0.274905
0.286966
0.086998
0.466514
0.097563
0.173061
0.392937
0.395159
0.137522
0.503001
0.417729
0.050757
0.059631
0.324309
0.249521
0.087278
0.223963
0.303221
0.104602
0.085036
0.146860
0.289697
0.324659
0.052463
0.149738
0.556055
0.240459
0.280679
0.233290
0.236559
0.237962
0.122535
0.405712
0.470089
0.275036
0.297681
0.230527
0.045513
0.044203
0.327604
0.264682
0.237693
0.239869
0.221426
0.052315
0.390520
0.244502
0.051928
0.075366
0.050424
0.228290
0.047527
0.377915
0.070596
0.273289
0.252249
0.224836
0.209206
0.357601
0.359092
0.473282
0.063948
0.289941
0.532346
0.413185
0.237201
0.229832
0.226379
0.214497
0.301464
0.050652
0.043432
0.042429
0.047889
0.041630
0.095178
0.142059
0.076262
0.063504
0.049276
0.056648
0.046573
0.051690
0.171598
0.067381
0.429862
0.100634
0.167528
0.283114
0.486042
0.350833
0.326275
0.296512
0.120469
0.386845
0.047349
0.071258
0.044271
0.268700
0.295006
0.313967
0.224969
0.162401
0.252075
0.052098
0.433139
0.236743
0.467708
0.295743
0.241193
0.191036
0.244294
0.228115
0.230300
0.230068
0.403635
0.336071
0.379034
0.320522
0.265017
0.115520
0.044866
0.044810
0.044468
0.219387
0.189486
0.275031
0.053169
0.223746
0.372190
0.310010
0.246827
0.241220
0.187803
0.242863
0.393004
0.365040
0.327351
0.334758
0.250099
0.172916
0.172298
0.085012
0.284611
0.240796
0.239402
0.236153
0.254213
0.234895
0.290644
0.057672
0.087341
0.373429
0.224226
0.230809
0.221466
0.236300
0.271845
0.078078
0.470749
0.122595
0.127105
0.044543
0.045119
0.077003
0.059106
0.232384
0.071781
0.394832
0.226947
0.327585
0.380624
0.074393
0.250764
0.060239
0.246047
0.499964
0.252270
0.231474
0.055442
0.196994
0.435826
0.184859
0.060090
0.132994
0.045958
0.101287
0.053119
0.047367
0.127686
0.076528
0.044843
0.043815
0.044074
0.045473
0.046224
0.119863
0.106523
0.046483
0.045045
0.045916
0.046935
0.045279
0.109931
0.047990
0.098766
0.131135
0.078877
0.046566
0.053272
0.082278
0.099685
0.065779
0.247610
0.297415
0.376041
0.370763
0.340538
0.251018
0.271273
0.228902
0.071652
0.613465
0.074325
0.433477
0.193552
0.519883
0.228506
0.262547
0.176991
0.044835
0.293213
0.359726
0.140079
0.043761
0.055275
0.111270
0.070163
0.426194
0.050498
0.051566
0.173124
0.169298
0.080780
0.053319
0.196612
0.093085
0.468767
0.362359
0.311150
0.378668
0.122504
0.058486
0.068772
0.052250
0.066132
0.116065
0.218602
0.122883
0.043928
0.062800
0.046612
0.299117
0.229762
0.274965
0.066412
0.117150
0.057477
0.046833
0.206493
0.044330
0.087425
0.044955
0.211416
0.321946
0.428555
0.360164
0.271950
0.445260
0.316190
0.076522
0.539433
0.274096
0.084047
0.326392
0.274851
0.326338
0.335495
0.274823
0.302707
0.297703
0.331304
0.081686
0.233546
0.337904
0.420437
0.433742
0.262204
0.264350
0.228660
0.247723
0.342900
0.202888
0.285238
0.290124
0.264301
0.054860
0.453284
0.460636
0.321690
0.279976
0.254606
0.359321
0.131515
0.214045
0.051312
0.047020
0.054153
0.081051
0.228570
0.479731
0.347600
0.349221
0.444038
0.280094
0.468347
0.186310
0.054025
0.146681
0.069312
0.048775
0.062576
0.043792
0.050501
0.067459
0.291075
0.061006
0.248351
0.423992
0.053641
0.161489
0.419613
0.321437
0.373925
0.368684
0.304749
0.266141
0.318317
0.112931
0.621524
0.390470
0.395943
0.366783
0.268330
0.131188
0.427086
0.114592
0.187894
0.207493
0.245496
0.047988
0.292621
0.268187
0.395160
0.226798
0.061691
0.045762
0.270975
0.048715
0.288685
0.285888
0.239953
0.228511
0.222087
0.226320
0.230624
0.224319
0.061819
0.337594
0.111973
0.141168
0.369102
0.270756
0.086669
0.068041
0.045512
0.301157
0.346432
0.344619
0.321450
0.083097
0.047820
0.042175
0.274943
0.268421
0.282022
0.053185
0.479888
0.300476
0.228602
0.329753
0.066135
0.363846
0.402213
0.506096
0.139436
0.096345
0.496366
0.137244
0.550823
0.223989
0.045777
0.301904
0.256576
0.313622
0.176586
0.416234
0.115951
0.316831
0.048276
0.445769
0.066150
0.594029
0.063524
0.586031
0.044349
0.068753
0.246262
0.056047
0.047764
0.046471
0.045538
0.046668
0.092745
0.051233
0.164175
0.097856
0.047359
0.045618
0.048440
0.045191
0.045625
0.045202
0.157962
0.080015
0.044925
0.044217
0.046489
0.094768
0.129002
0.047207
0.053674
0.045078
0.137386
0.047262
0.063023
0.066534
0.062016
0.135674
0.046757
0.054799
0.049035
0.207593
0.263367
0.050724
0.047529
0.187970
0.249088
0.368947
0.298692
0.234455
0.258757
0.247621
0.220316
0.233301
0.231623
0.231315
0.206385
0.079031
0.202249
0.249394
0.136859
0.260438
0.055446
0.283653
0.250337
0.219005
0.240826
0.228388
0.286061
0.312898
0.057932
0.384331
0.209144
0.399175
0.057741
0.354713
0.326111
0.412808
0.282755
0.060531
0.049194
0.094760
0.266144
0.210815
0.127112
0.358016
0.293327
0.047583
0.369747
0.391367
0.345922
0.345123
0.346401
0.354356
0.415204
0.427383
0.396360
0.138856
0.478207
0.338423
0.269006
0.251675
0.242831
0.052125
0.363268
0.078326
0.345000
0.344052
0.367702
0.374448
0.351568
0.281182
0.269183
0.233771
0.349374
0.314358
0.294945
0.355597
0.310546
0.139065
0.051862
0.044033
0.185039
0.347240
0.234166
0.081812
0.327400
0.340858
0.249542
0.190041
0.044455
0.044551
0.051298
0.049319
0.125016
0.241695
0.103819
0.092699
0.234030
0.055019
0.064766
0.421381
0.102835
0.336455
0.045880
0.063113
0.235198
0.053491
0.232274
0.181502
0.272031
0.080012
0.469478
0.258229
0.235157
0.242550
0.137395
0.169620
0.217655
0.096507
0.044540
0.346862
0.221600
0.228201
0.226596
0.225038
0.227160
0.227510
0.235427
0.271890
0.090667
0.683432
0.071460
0.516786
0.230007
0.043424
0.315371
0.220249
0.374913
0.393401
0.393993
0.297041
0.077699
0.174905
0.324056
0.392455
0.052481
0.043639
0.042905
0.077391
0.076664
0.127168
0.185480
0.283264
0.325890
0.348487
0.197534
0.053694
0.073113
0.053281
0.043101
0.043892
0.041947
0.050873
0.044156
0.067765
0.049366
0.063435
0.046889
0.049128
0.059448
0.048718
0.185515
0.124434
0.046271
0.051758
0.052234
0.123114
0.102095
0.056826
0.043247
0.087850
0.279350
0.315029
0.257807
0.270282
0.255683
0.256202
0.226034
0.232427
0.060351
0.335871
0.238677
0.287579
0.067293
0.056999
0.064693
0.199110
0.189276
0.113094
0.315120
0.065451
0.093157
0.321673
0.350450
0.379767
0.320779
0.317672
0.316942
0.282931
0.238264
0.058234
0.453619
0.242696
0.046769
0.371191
0.048931
0.285376
0.242231
0.050807
0.341933
0.234066
0.072645
0.408665
0.053167
0.337938
0.054401
0.347204
0.277968
0.110005
0.683713
0.492752
0.068705
0.195674
0.192822
0.056235
0.130084
0.235592
0.588294
0.092923
0.051460
0.292400
0.300799
0.055215
0.478225
0.055345
0.123699
0.135945
0.091280
0.538520
0.267267
0.260189
0.065083
0.494307
0.106409
0.234378
0.152075
0.047359
0.045351
0.065249
0.110035
0.527048
0.072250
0.151517
0.584691
0.074872
0.349900
0.411971
0.230483
0.093357
0.085953
0.093297
0.488016
0.223328
0.343105
0.224413
0.069659
0.096613
0.210272
0.263699
0.096875
0.288074
0.325986
0.295646
0.061383
0.067127
0.243532
0.397729
0.238252
0.330539
0.168418
0.283088
0.214098
0.263948
0.258741
0.289930
0.298163
0.279715
0.268461
0.283871
0.297267
0.094066
0.046288
0.038651
0.040402
0.055449
0.096601
0.056523
0.065811
0.087746
0.052544
0.051785
0.082737
0.190605
0.092990
0.263264
0.354325
0.358340
0.276651
0.298409
0.084652
0.560382
0.064702
0.296217
0.361809
0.236552
0.258967
0.095576
0.068623
0.399298
0.051664
0.330692
0.156216
0.062836
0.108968
0.041908
0.042201
0.187899
0.142679
0.222085
0.056602
0.267772
0.239693
0.069007
0.126504
0.166365
0.224401
0.258597
0.268442
0.304566
0.272054
0.286665
0.351103
0.236313
0.386493
0.286329
0.259338
0.251594
0.215576
0.262368
0.059084
0.064587
0.094066
0.083002
0.044523
0.045110
0.103885
0.387410
0.253255
0.057731
0.354568
0.052486
0.263662
0.061143
0.159372
0.216095
0.256313
0.058403
0.380652
0.255081
0.269767
0.054917
0.513006
0.314315
0.056076
0.207271
0.281372
0.379187
0.049424
0.222819
0.283297
0.245376
0.233517
0.324633
0.159612
0.133009
0.311745
0.234435
0.220616
0.057945
0.421722
0.225112
0.212134
0.257962
0.122632
0.041988
0.055735
0.201862
0.059269
0.051266
0.207398
0.212672
0.258779
0.065309
0.163114
0.233790
0.091640
0.206044
0.381626
0.092086
0.067874
0.235682
0.054806
0.142726
0.114564
0.447350
0.261539
0.309323
0.269951
0.254075
0.308590
0.272658
0.275560
0.269251
0.252226
0.343731
0.087262
0.221010
0.296275
0.091819
0.215831
0.304753
0.288308
0.219664
0.248645
0.217258
0.190488
0.263861
0.248026
0.256896
0.044641
0.169681
0.143966
0.092755
0.082185
0.042952
0.066926
0.124668
0.130013
0.092146
0.055716
0.042463
0.051717
0.098360
0.049246
0.041988
0.062445
0.100905
0.231544
0.175586
0.201325
0.077053
0.080061
0.067652
0.122704
0.059031
0.185532
0.172689
0.209976
0.104129
0.082062
0.267498
0.191234
0.061598
0.207267
0.383044
0.071509
0.221225
0.056854
0.290986
0.114598
0.125530
0.047463
0.043686
0.042214
0.042646
0.043288
0.043557
0.073800
0.175132
0.227731
0.059240
0.253639
0.145324
0.343310
0.204689
0.096765
0.204346
0.045305
0.124974
0.051099
0.045077
0.043773
0.043128
0.045521
0.044624
0.044703
0.079559
0.047775
0.106113
0.049115
0.063293
0.043493
0.043248
0.043185
0.045362
0.054774
0.043371
0.056134
0.085862
0.046798
0.046928
0.043207
0.047588
0.061885
0.081849
0.076235
0.043285
0.100319
0.129910
0.217313
0.265903
0.260078
0.150171
0.204803
0.208842
0.186847
0.048916
0.069094
0.042150
0.043765
0.046267
0.068531
0.100778
0.134042
0.142309
0.162816
0.050552
0.054522
0.133600
0.096652
0.040907
0.142424
0.223397
0.077621
0.468559
0.165787
0.064874
0.082471
0.163796
0.239166
0.060258
0.273848
0.213510
0.044834
0.050740
0.049264
0.062299
0.044266
0.214631
0.052148
0.051226
0.146296
0.236044
0.226621
0.227977
0.235602
0.248075
0.062875
0.171949
0.055738
0.324686
0.194450
0.209687
0.180773
0.098556
0.047190
0.190165
0.054207
0.074242
0.047710
0.180133
0.093276
0.064736
0.088334
0.075432
0.174764
0.125891
0.050587
