2.240835
1.736112
0.089589
0.096762
0.125479
0.072547
0.082886
0.203261
0.117638
0.414830
0.240242
0.320920
0.289956
0.241468
0.222863
0.230131
0.230101
0.238583
0.374862
0.090621
0.529268
0.329426
0.309654
0.117573
0.397017
0.171475
0.091370
0.171683
0.246142
0.180300
0.279724
0.245111
0.050168
0.209684
0.309903
0.239426
0.049578
0.392635
0.416308
0.046485
0.052634
0.044489
0.045121
0.058984
0.064283
0.132083
0.052537
0.041969
0.042646
0.043955
0.047925
0.050426
0.175023
0.120806
0.217798
0.150914
0.337919
0.056336
0.687286
0.318600
0.245448
0.053966
0.223022
0.313442
0.167242
0.092768
0.367151
0.405518
0.359713
0.423101
0.379336
0.192429
0.048468
0.048150
0.048359
0.327880
0.048223
0.049074
0.046853
0.350556
0.188318
0.250675
0.379549
0.441968
0.288021
0.205563
0.055521
0.278645
0.320454
0.416108
0.393633
0.353873
0.428643
0.296062
0.181943
0.186143
0.190134
0.073480
0.197330
0.237870
0.215989
0.241371
0.360378
0.347771
0.363250
0.444546
0.486529
0.371292
0.510107
0.293278
0.471311
0.404152
0.231759
0.161932
0.433873
0.451227
0.342997
0.302618
0.409766
0.575755
0.450413
0.106378
0.437976
0.079745
0.330670
0.309420
0.097358
0.504448
0.083699
0.537230
0.271377
0.314403
0.297779
0.438140
0.060333
0.071114
0.055975
0.087933
0.052935
0.064164
0.100484
0.061282
0.086664
0.139046
0.174206
0.252220
0.320713
0.350330
0.103692
0.090017
0.099423
0.172939
0.062871
0.142121
0.276516
0.335208
0.075793
0.673044
0.293790
0.268611
0.411080
0.220720
0.411089
0.301987
0.263446
0.235906
0.051255
0.409644
0.058650
0.322407
0.440833
0.314917
0.209001
0.071270
0.516521
0.397984
0.343501
0.266391
0.356385
0.101836
0.397245
0.194289
0.218629
0.303830
0.243170
0.340971
0.165250
0.042622
0.068835
0.123752
0.291680
0.082270
0.255949
0.309497
0.355942
0.090853
0.137502
0.380810
0.329354
0.129247
0.177437
0.304144
0.232069
0.304437
0.048800
0.109281
0.392937
0.049177
0.523340
0.331905
0.341919
0.354469
0.263621
0.504436
0.205623
0.324909
0.347304
0.055604
0.428228
0.050042
0.346992
0.233241
0.251282
0.238560
0.218257
0.236465
0.223485
0.050834
0.293476
0.368379
0.222134
0.229238
0.184556
0.491055
0.095036
0.325721
0.193471
0.043553
0.041523
0.041492
0.041359
0.059303
0.078265
0.499150
0.058170
0.594993
0.271328
0.340953
0.418830
0.442536
0.111934
0.372190
0.460995
0.294800
0.269400
0.200628
0.442410
0.313235
0.260118
0.410947
0.593334
0.077302
0.359831
0.487846
0.248250
0.082074
0.081664
0.042823
0.044372
0.044966
0.241614
0.310070
0.436201
0.375100
0.263630
0.258168
0.050396
0.185397
0.178222
0.387881
0.265947
0.257866
0.230732
0.214355
0.051244
0.395325
0.322122
0.052813
0.444581
0.241328
0.238694
0.248288
0.248909
0.237230
0.234849
0.233135
0.240660
0.238572
0.229831
0.239541
0.051251
0.257443
0.244854
0.216445
0.049605
0.389553
0.251569
0.357424
0.431107
0.045242
0.045808
0.552242
0.480808
0.336567
0.450408
0.431855
0.433665
0.459074
0.448820
0.256974
0.201090
0.163612
0.381179
0.060480
0.319159
0.293223
0.536423
0.239706
0.414886
0.449760
0.478925
0.378580
0.291775
0.498785
0.352427
0.328775
0.132498
0.224623
0.261002
0.069392
0.442574
0.336343
0.384103
0.374554
0.335691
0.310296
0.393097
0.429676
0.092256
0.249485
0.179492
0.363441
0.270612
0.342502
0.223240
0.258111
0.060607
0.083237
0.048529
0.280925
0.100245
0.050175
0.085434
0.232954
0.044823
0.104163
0.061783
0.515288
0.089600
0.088972
0.051634
0.050530
0.050705
0.043672
0.043678
0.043562
0.045978
0.043936
0.043529
0.044006
0.042768
0.042325
0.042884
0.074718
0.059946
0.186466
0.075447
0.044830
0.242708
0.243201
0.329298
0.084435
0.234214
0.355785
0.282640
0.208914
0.246305
0.244537
0.227386
0.226409
0.224182
0.054539
0.423246
0.234236
0.226337
0.241836
0.051244
0.380681
0.244108
0.190607
0.267604
0.246103
0.737690
0.275400
0.456184
0.322005
0.420258
0.351607
0.366576
0.107583
0.054499
0.053153
0.054896
0.263606
0.117147
0.136783
0.510167
0.238774
0.113385
0.230409
0.157013
0.325370
0.361567
0.083772
0.480770
0.091153
0.479441
0.390127
0.282766
0.273232
0.421973
0.322981
0.081515
0.519848
0.064295
0.044070
0.045148
0.085684
0.272019
0.372576
0.484506
0.133682
0.250121
0.295127
0.211299
0.054724
0.304512
0.734541
0.385566
0.085386
0.053559
0.107490
0.339430
0.076605
0.603523
0.215767
0.240613
0.111793
0.183326
0.049665
0.248368
0.255594
0.232376
0.220338
0.061320
0.050004
0.193466
0.320420
0.055375
0.078066
0.245316
0.424787
0.135262
0.581039
0.263786
0.368302
0.374811
0.353970
0.453079
0.236844
0.448266
0.375155
0.057511
0.440512
0.259446
0.241901
0.258813
0.258825
0.238612
0.252436
0.243768
0.239139
0.083995
0.249726
0.360592
0.048348
0.450794
0.314975
0.261928
0.063288
0.370563
0.240905
0.066900
0.251950
0.047361
0.045991
0.047822
0.050766
0.250021
0.364216
0.347613
0.293242
0.252516
0.141095
0.215353
0.343927
0.235738
0.052090
0.337638
0.228843
0.053911
0.371218
0.248094
0.236212
0.236368
0.254933
0.228655
0.232222
0.236863
0.053280
0.132449
0.361506
0.235398
0.233685
0.049615
0.079731
0.383044
0.241618
0.049674
0.480333
0.087649
0.356213
0.222210
0.067589
0.465352
0.278051
0.221627
0.353222
0.347454
0.156652
0.477885
0.447783
0.247246
0.335433
0.086208
0.393662
0.724970
0.282739
0.152109
0.228497
0.201463
0.115824
0.476727
0.078419
0.377369
0.253479
0.284505
0.052469
0.373117
0.265534
0.247288
0.234939
0.049944
0.353237
0.241142
0.231170
0.093965
0.217475
0.057837
0.047497
0.347057
0.317203
0.319592
0.468120
0.455143
0.085767
0.228949
0.313934
0.050406
0.243018
0.271185
0.304506
0.398480
0.607611
0.280328
0.255460
0.416782
0.379539
0.351443
0.051200
0.487602
0.111217
0.041577
0.107297
0.045901
0.396073
0.299435
0.301118
0.217047
0.044198
0.170555
0.179313
0.056305
0.092825
0.073678
0.131002
0.301811
0.371738
0.046833
0.201804
0.053163
0.320335
0.053303
0.052485
0.588615
0.359026
0.123825
0.061542
0.177758
0.232231
0.089123
0.368820
0.261202
0.266742
0.349039
0.328960
0.086949
0.162056
0.071264
0.193125
0.066918
0.415490
0.044443
0.753078
0.666593
0.436169
0.104246
0.358909
0.793316
0.291263
0.052143
0.465528
0.239469
0.226794
0.307460
0.082077
0.485354
0.075288
0.464294
0.080912
0.340013
0.236039
0.238845
0.051978
0.238756
0.255238
0.244532
0.151465
0.043288
0.242271
0.044614
0.072030
0.174592
0.554050
0.197752
0.193342
0.425735
0.067866
0.365853
0.276608
0.370762
0.354522
0.247249
0.241616
0.236327
0.052410
0.411341
0.303999
0.270814
0.224177
0.395596
0.326485
0.048125
0.046981
0.063229
0.124852
0.218970
0.043392
0.047342
0.240090
0.091542
0.149209
0.321043
0.056856
0.100170
0.275873
0.151406
0.455490
0.299962
0.265502
0.228906
0.232742
0.052108
0.394394
0.279272
0.460667
0.501871
0.270909
0.051548
0.243179
0.419263
0.487488
0.263505
0.048693
0.044726
0.046979
0.055311
0.044705
0.044770
0.068970
0.342136
0.228413
0.352854
0.389791
0.358255
0.204744
0.188935
0.381242
0.331400
0.467582
0.454816
0.071250
0.418469
0.057049
0.334772
0.419020
0.368790
0.076694
0.590270
0.056775
0.163976
0.431489
0.378396
0.099391
0.059502
0.374304
0.472394
0.358284
0.492075
0.051490
0.560464
0.055387
0.427100
0.056070
0.527981
0.100540
0.293937
0.309557
0.274466
0.277858
0.057911
0.371959
0.088910
0.524326
0.404340
0.394600
0.372479
0.127112
0.150209
0.291622
0.200827
0.272040
0.043823
0.140801
0.345502
0.235605
0.422004
0.449130
0.382242
0.503025
0.206994
0.288333
0.252828
0.222774
0.111660
0.800096
0.183722
0.229322
0.310130
0.111574
0.291285
0.287577
0.109762
0.055544
0.417522
0.055016
0.337986
0.438919
0.105698
0.238111
0.300483
0.056248
0.219830
0.605365
0.066092
0.628974
0.449481
0.133875
0.579997
0.462842
0.088443
0.049348
0.191347
0.277841
0.250321
0.340109
0.352917
0.397351
0.319272
0.100070
0.112996
0.366855
0.083019
0.568451
0.258698
0.316622
0.277778
0.362373
0.387725
0.277534
0.155493
0.235698
0.309023
0.210093
0.488484
0.405703
0.439667
0.412670
0.347208
0.238119
0.423056
0.407753
0.365794
0.284250
0.423736
0.304859
0.321635
0.478422
0.346937
0.105868
0.044739
0.354033
0.138240
0.245541
0.478821
0.259480
0.049448
0.218626
0.434100
0.262474
0.298685
0.343722
0.184123
0.132607
0.043187
0.232932
0.266624
0.049540
0.091875
0.279272
0.436775
0.321189
0.315524
0.262975
0.237544
0.362811
0.486309
0.231660
0.048299
0.271010
0.248347
0.233663
0.053566
0.273409
0.238211
0.653271
0.088156
0.180121
0.288499
0.382211
0.074559
0.431575
0.070147
0.097974
0.426784
0.279658
0.240581
0.249740
0.248581
0.252264
0.221005
0.072783
0.287971
0.412168
0.403173
0.470387
0.322252
0.311736
0.051223
0.153608
0.049765
0.191549
0.238292
0.248203
0.213634
0.238227
0.052535
0.526218
0.199163
0.069219
0.482946
0.329439
0.223879
0.224916
0.068749
0.525688
0.342895
0.459246
0.197121
0.125769
0.547584
0.317188
0.060554
0.225950
0.543003
0.224638
0.480103
0.492681
0.440302
0.297733
0.305574
0.309744
0.390420
0.414300
0.452396
0.387046
0.394205
0.284771
0.053532
0.381101
0.342555
0.053267
0.450083
0.234077
0.076329
0.465089
0.063513
0.938196
0.077880
0.169228
0.084672
0.047892
0.053500
0.067658
0.118221
0.303045
0.096542
0.235527
0.484329
0.358104
0.384750
0.419876
0.057907
0.285252
0.346500
0.289172
0.259006
0.215354
0.243089
0.188337
0.150378
0.205373
0.319806
0.386730
0.058197
0.085458
0.150238
0.052621
0.060481
0.277580
0.275834
0.134623
0.196949
0.057308
0.053460
0.087000
0.146167
0.059439
0.045954
0.047958
0.232142
0.119911
0.105884
0.344208
0.550437
0.284761
0.357423
0.337286
0.311363
0.281956
0.151604
0.080744
0.619267
0.279342
0.241843
0.398838
0.237592
0.049819
0.168117
0.119901
0.176722
0.229868
0.076845
0.304967
0.052748
0.041542
0.046950
0.041805
0.045025
0.042504
0.053213
0.075029
0.080949
0.143020
0.053242
0.269307
0.485458
0.374687
0.346242
0.121147
0.243270
0.043493
0.043350
0.045517
0.045487
0.090378
0.313748
0.113102
0.213413
0.260716
0.148043
0.240872
0.045971
0.091262
0.208637
0.341719
0.048024
0.519772
0.528890
0.398041
0.076083
0.183159
0.288675
0.251790
0.341022
0.257498
0.232385
0.050181
0.432797
0.243631
0.182295
0.232452
0.181510
0.104051
0.146876
0.047966
0.045481
0.058262
0.246753
0.273405
0.250030
0.076750
0.061751
0.055970
0.055441
0.056997
0.077037
0.374952
0.692493
0.289314
0.286648
0.361508
0.366238
0.218213
0.324315
0.317640
0.258512
0.267611
0.104578
0.328561
0.319025
0.240183
0.341660
0.102823
0.047744
0.042012
0.042418
0.044176
0.044837
0.042131
0.065228
0.043000
0.043391
0.044068
0.041602
0.044193
0.044193
0.042847
0.042439
0.041753
0.041938
0.042120
0.042140
0.041812
0.044718
0.042857
0.043479
0.042524
0.042200
0.041436
0.042949
0.042912
0.060102
0.042500
0.042654
0.043484
0.042090
0.042566
0.042123
0.042761
0.043500
0.043467
0.042825
0.042719
0.042549
0.043169
0.043976
0.043396
0.042466
0.042768
0.046240
0.042790
0.042597
0.044077
0.041407
0.043430
0.044306
0.093159
0.045046
0.045516
0.321008
0.467601
0.317989
0.215084
0.318036
0.235516
0.216261
0.226201
0.312720
0.080707
0.360124
0.313992
0.105845
0.090888
0.052298
0.071034
0.139042
0.181657
0.323902
0.311730
0.046577
0.131536
0.175919
0.199135
0.252061
0.278600
0.353667
0.237940
0.289535
0.282756
0.258119
0.052003
0.498207
0.066885
0.258478
0.311772
0.096550
0.124938
0.322517
0.203957
0.062679
0.302531
0.461007
0.302126
0.351236
0.338241
0.048166
0.222765
0.300261
0.416507
0.406108
0.337283
0.285042
0.343277
0.468023
0.420956
0.365760
0.236933
0.100741
0.076686
0.043289
0.049289
0.052048
0.292782
0.141322
0.150706
0.080227
0.077223
0.081486
0.182401
0.272399
0.067718
0.376905
0.061929
0.393457
0.233102
0.058170
0.293235
0.212096
0.305556
0.257172
0.079840
0.049500
0.139230
0.232961
0.233682
0.047194
0.434022
0.250663
0.143699
0.559832
0.347435
0.081198
0.185674
0.079921
0.051987
0.196930
0.176124
0.311128
0.066884
0.254239
0.422132
0.049320
0.293433
0.225159
0.067829
0.142249
0.229099
0.153104
0.042348
0.237365
0.090964
0.096277
0.052541
0.333011
0.173266
0.099801
