230	104	42	38
227	106	39	37
224	111	39	38
214	118	41	43
203	124	36	45
189	128	32	51
169	130	24	56
140	129	24	58
115	127	25	53
91	117	29	50
72	110	31	46
58	103	32	41
46	97	34	39
40	97	35	36
36	96	35	36
36	100	36	37
40	105	36	39
51	111	38	41
70	117	34	44
88	122	33	46
114	125	31	56
147	125	31	62
178	125	30	54
213	116	27	55
231	111	35	48
249	104	35	42
260	98	36	33
267	92	33	30
268	88	32	27
267	88	33	24
261	90	34	24
258	99	33	23
244	107	34	26
231	114	32	36
218	120	26	38
199	127	23	42
175	131	23	41
149	128	19	39
124	122	23	43
106	116	26	35
87	104	27	34
74	96	31	32
65	87	32	33
63	80	35	32
62	81	37	31
68	80	37	29
79	84	38	28
91	87	40	38
106	92	38	45
136	102	32	50
167	109	29	49
200	106	28	51
230	99	26	57
256	94	27	47
269	86	28	34
276	76	28	33
280	62	29	33
280	61	33	28
278	62	40	22
275	63	37	18
266	63	39	24
266	77	31	18
255	89	35	21
239	100	34	45
218	116	35	39
195	126	30	42
162	131	30	46
129	126	25	56
100	120	28	50
68	99	33	44
46	83	36	46
28	76	37	39
16	67	39	35
11	65	10	89
5	64	44	18
7	70	44	20
13	75	43	30
20	86	43	43
40	94	38	51
68	101	37	59
105	113	38	65
154	111	34	67
194	103	36	53
212	97	46	48
236	86	40	35
252	70	37	36
256	63	37	31
257	60	37	26
255	59	37	24
252	63	36	19
244	60	41	30
240	78	40	25
233	93	36	33
217	101	33	47
199	116	22	50
163	121	26	52
130	120	31	65
94	114	30	49
63	102	42	45
41	91	43	40
24	79	39	43
7	70	43	42
0	80	22	63
0	85	27	46
0	78	52	22
9	84	50	29
19	94	49	42
38	105	43	54
72	114	34	61
108	125	37	66
148	130	36	62
191	122	33	59
213	115	38	50
235	97	34	46
245	82	36	36
254	66	34	43
257	61	34	37
257	63	36	32
255	65	37	31
253	70	38	31
244	85	42	28
238	98	39	39
224	110	37	46
203	121	34	53
167	129	35	59
131	129	33	69
93	121	26	64
66	111	36	55
45	102	34	48
26	86	37	52
10	68	43	46
1	67	44	40
1	69	46	38
2	76	48	34
11	85	46	40
22	100	43	40
44	108	34	47
69	118	31	57
101	128	30	61
140	133	32	62
181	126	26	60
204	118	34	54
219	108	41	49
239	91	36	43
250	78	31	40
254	67	32	42
255	66	33	37
252	69	36	35
247	74	39	32
242	84	40	31
235	95	39	44
224	105	34	47
205	112	29	56
165	121	32	59
138	121	34	61
104	117	27	60
78	110	34	49
54	98	37	48
36	90	37	49
21	76	38	45
13	71	39	42
8	71	45	41
9	80	45	33
16	90	50	35
25	99	49	40
45	107	44	53
75	115	36	64
112	121	36	69
154	120	35	71
196	113	31	67
217	105	45	56
234	94	47	42
252	82	41	40
262	70	37	40
262	62	39	39
261	60	43	36
256	62	48	35
256	71	46	32
247	84	47	34
239	94	46	45
225	103	37	59
197	114	33	60
156	122	35	67
119	120	31	69
80	116	36	57
49	109	45	50
29	100	45	45
14	89	48	46
6	81	48	47
0	78	51	50
0	80	53	47
6	88	48	46
18	101	47	41
31	109	48	55
61	118	39	64
95	126	32	69
139	127	36	74
184	119	37	69
214	109	43	62
237	95	45	50
251	79	49	44
262	67	44	39
270	58	40	40
271	55	39	34
265	58	43	29
260	62	49	29
256	75	44	28
246	89	43	31
233	97	35	47
208	111	35	56
174	120	36	55
135	122	40	60
101	118	32	67
68	109	37	54
38	96	40	51
23	84	40	48
7	70	45	55
0	64	48	46
0	60	47	48
2	67	46	44
10	78	48	40
24	92	48	47
42	95	45	57
74	109	37	64
111	119	37	68
154	120	34	69
194	115	35	65
218	106	40	58
239	93	39	54
253	78	35	49
261	64	34	46
262	58	36	44
261	58	39	38
259	62	40	35
253	66	44	35
248	79	43	36
241	90	39	40
225	104	38	54
196	117	35	55
162	125	35	60
131	127	32	64
93	122	31	63
64	110	38	55
36	101	43	52
11	83	48	50
2	75	50	55
0	71	51	52
0	77	56	47
0	86	57	44
15	91	56	44
30	100	54	55
62	108	42	61
99	114	37	72
141	117	37	75
183	112	33	67
211	103	37	62
228	96	42	49
242	84	42	42
255	73	36	38
260	63	37	40
261	62	37	39
256	63	42	40
255	70	44	35
249	79	46	34
240	91	45	37
229	101	35	54
208	112	27	61
178	127	30	59
140	123	31	75
101	121	34	67
67	114	44	53
42	106	51	51
27	96	50	46
18	88	50	52
14	80	47	51
12	80	47	50
17	87	49	46
25	97	50	48
41	106	48	53
63	113	40	60
95	119	34	70
132	125	31	70
167	120	29	66
200	110	28	63
213	101	38	55
224	93	40	44
234	83	35	37
241	75	31	37
242	71	30	33
237	73	32	31
231	77	33	28
224	84	37	27
216	91	32	33
210	98	23	41
192	103	28	50
172	112	22	52
145	115	25	49
119	105	26	53
90	93	34	58
66	68	41	63
48	39	46	64
22	38	58	48
0	119	66	10
0	127	10	39
0	101	10	65
0	126	10	42
0	101	10	66
0	125	10	42
0	101	10	67
0	126	10	44
0	112	10	54
0	124	10	43
0	102	10	68
0	131	10	43
0	117	10	49
0	112	10	53
0	125	10	43
0	101	10	71
0	132	10	45
0	109	10	65
0	128	10	45
0	107	10	66
0	135	10	33
0	108	10	58
0	124	10	48
0	109	10	63
0	131	10	39
0	106	10	61
35	130	16	38
57	101	42	51
55	90	44	53
55	84	47	55
63	82	48	52
77	83	46	49
96	83	44	52
118	88	41	53
142	92	35	60
171	94	27	61
194	97	24	59
211	93	23	54
222	92	21	48
225	86	24	41
225	78	25	33
226	75	25	31
221	72	23	31
216	72	24	29
211	77	24	29
202	84	25	32
194	91	24	47
181	101	22	42
168	108	18	45
144	109	20	48
122	103	23	51
97	96	30	50
75	85	38	45
60	75	41	44
50	67	47	48
45	59	43	49
44	55	38	43
48	61	44	50
58	67	44	43
74	69	42	49
99	77	35	54
127	81	27	62
159	83	23	66
189	85	24	65
208	81	24	58
221	76	28	46
228	71	33	39
233	68	32	31
236	63	30	27
238	60	28	28
236	61	28	27
231	66	32	26
227	75	32	26
219	86	32	26
205	91	30	42
188	93	29	50
168	96	27	57
139	94	23	60
109	89	23	57
82	79	30	54
57	73	41	50
38	66	43	50
23	58	46	44
18	49	47	43
15	49	47	44
20	56	45	43
26	65	48	44
41	73	51	53
63	83	44	56
99	94	33	63
133	102	29	59
164	102	28	61
195	95	25	60
210	88	30	52
221	79	34	42
230	68	32	42
235	61	31	36
238	56	28	34
237	59	30	31
234	61	30	30
230	67	34	30
225	77	35	32
216	90	31	37
206	100	27	46
185	110	27	55
150	117	32	54
111	113	32	62
76	103	34	52
44	92	42	51
21	75	42	52
0	63	48	49
0	80	36	37
0	93	28	10
0	55	10	78
0	52	35	32
0	64	39	40
3	78	50	44
26	87	43	58
58	98	41	62
93	112	40	65
136	117	38	64
181	109	31	57
208	96	35	50
226	82	34	44
237	63	33	43
243	54	31	33
247	50	33	26
245	48	33	24
244	52	34	22
239	58	37	19
238	66	33	25
229	76	35	30
224	85	30	41
206	99	26	53
174	111	31	57
138	115	32	60
101	113	35	59
68	104	41	50
40	92	46	46
23	81	42	45
8	67	46	44
0	59	44	41
0	61	46	39
0	65	53	36
7	74	55	29
19	83	54	39
33	94	50	45
55	102	44	61
100	117	35	68
137	125	38	73
184	128	32	62
220	121	33	58
237	112	43	49
256	100	38	44
267	86	37	41
270	77	38	36
270	75	40	32
267	76	43	30
264	81	43	28
258	89	41	33
250	99	40	42
234	110	38	47
208	125	37	51
176	131	37	52
148	128	30	67
106	124	25	69
73	116	39	59
49	105	43	57
30	96	43	56
19	91	42	50
12	89	46	45
6	91	50	41
7	97	53	43
15	103	52	43
28	111	48	53
58	119	37	60
88	128	34	69
125	133	28	68
167	138	27	64
184	135	47	50
209	124	39	51
232	109	37	51
246	93	38	45
254	85	40	42
257	84	40	35
259	80	39	37
261	78	34	42
259	82	31	47
250	88	33	58
233	97	34	60
219	100	30	67
194	101	26	64
163	96	28	63
136	90	34	61
111	80	37	56
90	69	42	56
76	62	46	57
68	58	50	54
66	64	52	50
71	71	51	45
82	79	51	50
105	83	40	62
129	95	31	67
159	109	30	64
187	117	34	67
215	117	31	63
241	110	32	62
261	104	31	52
272	93	31	51
282	84	32	46
286	81	34	40
283	82	36	36
277	87	40	32
268	92	43	30
262	101	39	35
246	108	37	43
224	114	39	52
202	117	36	58
175	118	29	61
143	115	27	64
105	110	37	57
78	102	43	50
57	94	46	42
46	88	46	38
42	82	41	36
42	83	41	37
44	90	41	40
48	101	43	39
62	111	41	40
77	118	36	49
107	130	29	57
143	139	31	63
179	138	33	58
214	128	33	61
244	118	30	55
264	103	29	45
272	89	34	38
278	82	36	31
283	76	35	25
285	72	34	26
283	73	36	25
283	79	35	22
276	89	36	21
269	96	37	31
261	102	32	36
235	119	33	48
210	124	33	56
175	131	31	55
142	126	29	54
113	119	34	47
95	112	32	40
70	98	37	43
57	88	37	39
50	84	40	35
49	83	42	34
53	87	41	35
59	94	43	36
70	106	42	38
86	115	42	42
109	123	38	51
142	130	31	66
177	132	27	52
213	121	29	51
230	117	33	45
247	107	36	39
264	92	37	33
271	79	37	32
278	70	35	33
281	65	34	35
281	65	34	35
280	75	35	32
273	90	37	28
262	104	39	31
246	113	39	41
216	124	45	49
190	134	39	51
149	129	23	54
116	122	27	65
86	112	35	48
67	102	39	42
54	94	39	41
44	86	40	39
39	81	46	32
42	84	44	36
48	89	42	32
58	96	41	36
72	104	36	41
95	114	30	49
125	119	26	66
158	124	32	65
198	122	29	55
226	116	29	57
248	105	30	49
266	91	34	37
277	82	32	35
281	68	36	34
285	65	36	29
282	66	40	27
279	66	39	30
276	79	38	25
265	88	41	28
254	93	38	38
237	99	30	58
211	105	29	62
168	108	32	57
134	102	35	54
102	89	44	46
83	77	45	42
68	67	42	40
58	56	44	43
52	47	39	46
50	46	38	43
47	54	40	40
53	64	47	51
61	72	44	44
78	85	41	47
108	98	35	56
138	107	33	53
176	110	31	57
215	101	22	62
240	89	34	54
257	81	36	38
264	70	40	35
271	62	45	28
279	55	41	25
284	52	38	27
283	52	39	29
280	58	36	31
276	66	34	33
267	78	36	37
256	89	32	42
234	98	27	57
198	105	24	58
164	108	26	54
129	101	31	53
106	89	35	49
78	75	39	50
63	64	39	45
56	57	39	44
51	57	39	44
46	60	48	41
49	71	52	42
57	81	50	31
70	90	50	36
93	99	41	51
129	111	30	55
170	121	25	48
200	118	28	51
227	105	28	55
245	96	38	36
264	85	35	36
270	66	38	37
280	58	33	34
284	52	37	35
283	52	35	32
285	57	35	30
280	66	37	29
276	81	37	26
264	95	41	30
252	110	34	43
232	129	33	45
199	140	39	45
169	136	29	53
132	125	27	63
103	116	39	50
84	104	37	47
68	93	38	46
55	84	40	40
50	80	44	35
48	82	47	26
53	88	45	33
60	97	44	24
71	103	39	35
91	113	30	44
114	124	27	50
141	136	24	58
167	137	28	54
204	135	31	50
233	124	34	44
244	113	41	41
261	101	39	37
278	82	32	40
284	69	32	41
288	66	31	36
288	67	34	34
284	76	39	26
279	87	41	24
269	99	42	26
263	109	39	37
248	119	36	47
215	134	35	50
182	141	36	45
150	133	26	55
122	125	27	62
90	111	35	46
75	96	34	48
63	90	36	48
54	84	42	40
52	82	43	36
50	87	46	32
54	92	48	28
62	100	44	31
77	111	37	38
99	123	27	47
125	132	25	57
152	143	25	48
179	139	33	52
217	126	31	55
232	122	43	41
254	107	43	39
270	89	38	40
283	79	33	42
286	69	33	42
289	69	34	38
288	76	36	32
281	87	42	28
277	100	39	29
268	108	39	41
256	118	30	52
225	124	41	59
198	135	32	55
163	139	29	51
130	130	30	58
100	120	35	52
84	109	31	45
73	97	30	44
64	85	35	42
60	84	37	38
59	87	41	32
61	93	42	32
70	103	38	29
76	111	40	34
92	119	34	45
115	126	32	55
144	135	33	57
176	138	28	62
216	131	32	52
232	125	41	45
250	114	40	38
263	105	41	36
279	89	39	35
288	78	37	38
291	78	37	32
288	80	41	30
283	87	44	32
276	96	43	36
269	107	39	48
256	115	35	58
228	128	35	59
197	133	34	59
164	136	26	58
129	128	35	53
109	119	36	52
86	101	28	49
78	93	29	46
66	85	34	44
62	83	36	39
60	83	37	35
63	86	39	30
70	91	37	33
83	99	32	35
96	108	25	44
118	117	23	53
142	124	21	57
174	130	23	66
204	125	30	55
227	123	40	49
245	112	40	45
262	101	40	45
275	89	36	44
283	83	35	41
283	83	39	37
279	87	41	35
273	93	43	33
268	102	44	37
260	108	40	49
242	121	38	54
220	131	36	55
193	137	32	57
160	138	29	62
133	134	30	57
106	121	33	48
89	112	33	41
76	102	36	38
66	94	38	37
63	91	40	35
61	91	43	33
63	94	43	31
69	101	40	33
76	111	40	38
90	117	35	44
114	124	33	53
142	129	32	60
178	126	28	63
215	113	28	60
232	104	38	53
252	89	44	45
269	76	41	40
279	65	43	38
280	61	48	33
280	60	48	28
280	63	49	27
274	68	54	31
273	88	45	27
266	105	42	34
248	122	43	48
212	134	48	49
177	141	38	51
142	129	25	63
103	119	23	56
81	99	32	46
60	82	33	47
52	70	35	42
45	64	37	49
42	60	96	98
0	73	10	89
39	61	32	22
46	67	38	21
53	80	42	26
59	89	43	40
79	99	37	49
111	114	31	60
154	124	35	64
199	119	38	55
229	114	47	48
258	97	46	38
279	79	39	37
219	2	117	96
198	127	88	41
222	69	77	10
233	4	90	60
238	82	107	13
222	106	117	10
279	66	46	30
273	82	42	42
254	92	38	56
220	105	34	62
179	118	38	58
139	116	32	59
100	104	44	48
76	87	46	38
59	71	40	39
48	61	43	59
44	51	40	31
38	51	42	27
36	57	41	32
38	66	42	37
46	80	41	33
59	88	38	39
73	94	35	52
106	108	29	58
145	119	34	64
191	117	34	58
222	110	39	56
247	100	46	43
268	84	46	33
285	70	42	39
283	59	46	36
287	53	42	35
288	54	42	33
286	62	44	29
281	72	45	31
276	88	41	29
263	97	37	41
237	111	30	50
201	118	33	52
165	117	31	51
137	109	26	59
100	95	37	48
73	76	40	50
61	66	37	46
51	55	38	50
45	51	38	41
39	52	42	36
38	56	48	33
44	63	44	39
51	76	48	39
62	84	45	44
85	98	40	53
116	111	36	62
159	122	36	60
201	116	35	58
225	115	43	49
255	100	40	42
271	89	36	35
282	74	32	40
263	36	61	61
291	55	34	29
288	56	40	24
285	57	40	25
283	63	42	31
279	74	41	37
273	86	33	41
262	97	29	53
235	109	28	57
199	116	34	59
164	119	31	62
131	111	34	49
100	99	40	48
78	82	38	49
65	71	37	48
55	65	35	48
47	59	38	41
45	58	41	41
46	64	42	39
51	73	43	38
60	82	40	38
77	90	33	49
101	103	26	59
129	117	26	65
165	119	28	62
203	116	31	60
225	109	40	50
247	99	41	43
267	82	39	43
278	70	38	45
285	64	36	40
288	63	38	34
286	63	42	32
283	69	45	31
280	78	45	36
275	86	41	42
266	97	39	53
242	113	36	59
213	122	38	62
177	126	39	63
143	123	29	64
112	111	34	59
89	99	30	50
72	84	32	49
63	76	32	46
55	69	36	43
51	66	45	44
50	66	42	42
55	73	40	43
63	81	35	38
71	90	34	43
87	101	30	48
109	113	31	52
138	122	31	58
172	124	34	61
208	117	34	62
235	109	44	56
260	90	40	58
279	74	41	54
288	61	39	48
291	53	43	43
293	52	46	35
291	54	50	31
290	62	49	31
286	75	47	35
281	84	45	46
264	95	42	58
232	113	42	64
205	120	38	60
169	125	31	60
131	116	25	60
106	105	34	53
85	91	31	49
71	77	34	47
65	70	33	42
59	64	35	39
55	64	33	41
55	67	39	38
61	74	36	37
