116	154	47	45
116	165	46	35
118	165	45	34
119	164	43	36
121	157	41	42
123	148	39	50
125	148	34	48
128	154	33	40
127	154	33	35
129	149	30	37
133	148	27	35
132	144	36	33
134	145	43	31
138	145	38	27
117	126	46	40
113	100	10	39
101	90	16	49
110	89	47	62
133	97	16	36
114	80	22	54
114	74	28	54
121	73	24	52
123	71	26	47
184	88	14	38
210	128	34	32
196	108	59	43
195	94	62	49
196	90	58	53
197	87	60	53
191	90	63	52
203	107	52	42
204	108	53	40
201	104	56	39
207	118	44	35
200	110	59	39
199	100	54	45
204	115	43	38
197	106	61	40
202	109	49	39
204	114	53	36
200	106	55	43
205	112	50	38
203	109	54	39
202	104	55	38
206	104	53	38
201	96	58	41
135	94	27	43
139	103	40	42
155	118	40	36
150	122	39	34
149	120	36	37
138	120	41	36
131	122	45	36
122	117	44	42
118	115	39	42
119	117	35	42
114	118	34	41
105	116	39	47
97	103	42	58
63	92	65	66
59	92	31	41
68	104	50	56
94	119	34	51
53	100	69	66
47	99	33	37
60	110	51	57
92	131	21	42
72	120	40	52
93	138	29	43
87	132	33	46
93	139	32	45
93	140	36	45
94	142	37	46
95	144	41	46
96	145	45	46
97	143	48	48
100	146	46	46
106	144	51	49
111	143	47	50
115	140	49	53
120	137	51	56
122	116	55	75
140	143	38	46
146	150	39	37
157	146	35	34
161	142	41	33
177	133	40	34
194	116	61	35
190	122	43	31
195	113	42	34
205	112	53	36
207	108	51	35
197	98	61	43
204	106	53	44
204	106	54	41
208	116	45	36
192	98	66	42
205	106	52	42
205	108	51	37
197	112	52	42
194	101	57	45
203	118	45	37
199	107	56	38
202	116	46	37
202	115	51	35
198	103	59	42
206	111	43	41
203	107	55	38
205	115	47	37
200	112	53	41
202	111	50	40
204	114	51	37
128	68	42	41
131	72	28	42
121	73	32	45
114	72	31	49
106	74	35	49
104	97	37	44
93	87	40	53
89	94	40	54
99	123	26	31
92	131	38	35
87	132	33	39
83	137	33	36
78	136	36	38
72	138	38	37
69	140	38	36
67	144	36	35
65	146	35	35
62	147	34	38
62	150	33	40
61	154	31	40
61	158	28	40
64	164	27	40
67	170	26	41
69	176	26	42
71	181	26	43
74	186	28	44
78	193	31	44
84	197	38	44
90	202	44	44
96	201	45	48
103	203	50	51
111	199	53	52
119	200	57	50
130	199	55	53
141	193	55	50
153	186	50	52
167	178	47	55
183	170	41	56
198	157	39	60
210	158	35	48
221	159	32	39
222	134	44	53
237	122	36	51
245	120	35	47
252	119	38	42
256	114	39	42
270	111	27	43
243	108	48	45
235	99	56	50
264	102	39	47
269	105	36	48
271	107	29	45
264	108	32	43
268	117	41	44
266	114	40	47
263	128	36	41
255	133	38	36
249	139	32	36
236	140	38	40
225	139	35	44
215	140	33	44
200	142	38	47
191	149	32	43
178	158	30	37
163	156	28	40
153	160	22	37
140	158	23	39
124	154	23	42
111	146	26	45
103	144	29	45
93	137	31	44
83	137	26	40
76	131	26	39
70	124	29	36
61	121	30	36
56	117	30	34
53	110	32	35
50	101	37	40
50	93	36	41
48	84	35	43
49	80	34	43
51	79	35	38
51	76	37	37
49	72	42	39
50	71	43	38
60	71	34	35
65	70	31	35
73	73	28	33
79	73	28	34
85	68	32	40
91	69	31	42
97	75	28	36
44	64	84	53
112	81	40	44
44	65	39	34
45	65	23	32
46	66	24	36
50	67	23	36
54	70	22	35
60	70	20	37
63	76	19	32
69	77	18	32
74	79	15	32
84	77	16	33
90	76	17	34
106	83	46	64
203	97	30	45
195	94	61	47
196	97	46	49
192	84	61	57
177	123	63	32
205	118	42	35
192	100	65	44
195	104	49	48
196	109	50	43
202	107	52	41
205	113	47	39
199	108	55	40
204	113	50	38
201	111	53	40
228	119	39	30
225	125	39	32
219	137	32	37
206	148	43	35
198	156	42	37
187	163	40	38
178	167	35	40
166	167	35	45
155	169	32	43
143	171	30	43
132	169	27	42
121	164	24	42
109	150	24	48
97	152	27	41
86	146	26	39
79	139	28	39
71	129	26	41
66	119	24	42
59	111	25	42
55	105	28	39
51	100	29	37
48	95	31	36
46	90	34	36
45	85	50	36
45	81	55	37
46	77	50	39
47	75	46	41
49	76	40	39
51	76	36	39
54	77	37	37
59	83	39	36
58	85	44	36
56	85	50	36
56	86	59	39
90	87	28	40
98	98	30	36
111	101	22	36
65	80	77	58
116	100	16	36
94	93	31	36
73	81	32	42
79	84	34	41
85	85	33	38
91	81	35	42
99	81	37	43
107	73	34	48
117	75	27	48
129	72	22	44
130	68	27	41
186	97	33	42
201	100	57	40
196	94	58	49
198	99	56	50
199	104	57	43
200	111	49	40
199	113	56	35
204	110	53	36
206	116	46	37
199	111	54	40
195	115	48	40
202	105	49	40
203	114	48	38
200	104	56	40
201	116	44	39
201	107	54	38
207	125	43	29
202	108	57	37
200	123	43	32
185	128	50	33
174	134	47	34
163	147	36	28
153	151	32	36
143	160	32	31
133	159	27	35
121	162	25	35
110	145	23	51
99	160	25	38
88	154	24	41
82	150	23	40
73	144	26	40
65	138	34	37
55	134	37	36
48	128	33	40
44	122	38	38
37	114	41	39
27	107	52	41
22	99	67	43
23	92	62	46
24	86	57	46
24	80	59	51
27	77	59	51
25	74	64	52
46	74	46	53
52	74	44	54
45	76	57	55
24	75	88	56
27	89	99	43
81	82	57	52
110	91	29	49
124	98	23	48
138	120	34	31
171	106	37	46
176	118	64	34
193	123	44	32
204	118	48	35
201	128	39	31
203	118	44	34
203	115	47	35
205	117	50	35
199	103	58	39
135	93	18	46
128	92	19	43
176	99	27	40
205	113	55	36
199	107	54	41
205	112	54	36
199	107	54	42
204	111	54	37
205	107	53	38
205	111	49	39
203	110	54	38
207	109	49	36
204	116	50	36
197	99	62	43
206	123	42	32
200	111	55	37
202	111	53	39
199	115	48	39
199	103	55	41
202	108	52	41
205	111	52	37
208	115	46	36
203	110	56	34
202	112	49	37
121	94	26	47
122	107	19	36
111	111	22	36
108	112	20	37
101	115	21	37
91	120	21	38
81	125	22	38
71	128	26	39
62	129	30	40
56	132	34	38
48	131	37	43
43	134	40	42
37	134	44	44
35	133	46	47
33	133	50	49
31	120	57	64
35	98	59	86
39	99	57	86
42	95	61	92
54	102	56	84
64	118	53	72
71	113	56	75
86	120	49	67
110	124	46	68
62	82	38	46
74	88	59	70
162	141	42	47
181	148	52	39
197	138	42	39
203	129	44	42
214	126	43	36
231	115	47	34
239	109	45	34
242	104	44	29
250	100	41	26
189	119	64	33
108	57	63	57
87	59	32	41
91	58	33	39
97	60	35	40
104	57	34	44
111	62	28	42
115	60	29	41
120	61	29	44
124	62	33	43
189	96	10	10
177	97	33	25
199	107	57	42
199	110	50	42
196	103	60	42
205	111	46	40
202	111	51	39
204	115	50	37
202	116	47	38
196	119	48	35
201	105	55	38
206	117	44	36
200	107	60	38
206	109	48	40
205	112	50	37
121	116	39	34
121	125	31	35
118	132	27	39
113	138	27	37
109	144	24	35
102	145	24	36
93	142	28	39
88	141	25	43
82	140	25	44
76	140	27	45
68	136	32	48
62	136	37	48
55	133	42	48
51	127	47	50
50	122	53	50
48	115	60	51
51	108	67	53
53	95	72	59
59	93	66	58
64	90	67	58
73	85	53	56
82	85	54	56
82	88	66	58
82	90	79	53
105	76	67	55
140	90	49	36
203	109	30	41
194	99	64	45
204	125	40	32
202	113	52	37
202	107	57	40
207	111	49	36
208	121	42	33
200	109	57	35
208	115	48	37
197	110	55	41
200	98	60	43
103	106	27	55
93	106	33	48
97	102	31	48
101	100	32	49
106	99	33	52
112	100	31	55
116	97	30	53
120	104	29	47
121	107	33	45
128	103	27	47
132	106	23	43
138	108	21	36
144	105	20	37
143	105	27	30
189	105	34	39
206	117	48	33
202	112	56	39
203	107	54	40
200	117	45	36
201	110	57	36
205	115	48	36
200	112	56	40
125	96	26	40
117	100	24	38
109	107	26	38
98	108	28	38
86	108	35	44
76	107	41	45
69	110	46	45
62	109	48	46
54	109	49	47
49	106	51	50
45	105	50	52
35	102	55	53
30	98	59	56
23	94	61	61
25	93	59	61
28	95	59	62
27	96	61	63
40	99	55	60
52	104	50	63
61	105	50	63
74	108	48	64
86	118	45	62
104	108	34	77
114	135	56	54
127	131	49	59
140	149	49	41
157	151	51	38
174	152	49	33
188	147	51	33
206	147	43	31
214	132	38	36
219	115	44	33
212	116	57	31
239	117	42	35
246	106	41	41
244	110	36	32
191	107	65	43
159	68	37	37
92	17	47	40
86	21	50	31
84	23	48	28
84	27	53	27
82	28	50	27
82	32	47	27
84	35	44	30
85	39	46	35
84	40	50	43
86	46	49	43
86	49	51	47
88	54	51	48
89	59	47	49
94	66	40	48
140	100	10	20
114	84	21	41
101	80	37	48
104	81	36	49
127	106	22	33
126	110	46	52
130	143	43	34
119	143	35	35
103	143	38	36
92	141	38	41
80	138	32	43
69	139	41	40
58	140	40	38
45	141	41	37
36	141	42	37
31	138	38	38
26	135	35	39
22	127	33	43
18	122	33	45
15	116	35	50
16	116	35	47
17	111	36	50
18	113	37	49
22	115	39	48
29	120	40	50
38	121	38	50
47	122	39	52
55	122	44	53
64	121	48	60
77	129	50	57
91	137	51	52
109	141	55	49
129	134	54	56
152	131	43	53
163	154	53	26
186	141	51	35
212	137	32	31
232	134	34	31
251	117	30	36
262	107	22	36
205	111	94	18
191	99	63	45
112	142	26	53
111	143	25	49
112	139	32	46
109	142	25	49
97	147	20	49
92	141	21	55
83	146	21	50
76	142	24	51
69	139	28	48
64	135	31	49
59	134	36	46
54	128	38	46
50	125	45	46
59	120	34	49
55	115	37	50
51	111	39	52
51	112	36	50
56	111	37	52
58	111	37	50
60	108	40	50
64	108	42	46
69	107	45	44
75	107	41	42
80	102	45	45
169	132	36	41
162	150	40	33
150	154	31	38
136	159	34	43
118	153	30	51
106	149	31	49
87	155	35	45
72	157	34	49
56	159	34	49
42	155	37	50
30	150	38	50
23	146	38	48
18	141	36	48
9	128	40	57
0	112	49	65
0	109	49	63
1	109	48	58
7	110	46	53
10	109	46	52
15	106	47	54
19	103	49	56
24	103	53	56
27	102	62	61
36	99	67	69
52	100	63	72
66	112	56	67
84	120	48	61
103	128	50	61
124	133	65	58
139	131	67	59
166	143	55	48
175	128	58	61
204	138	47	50
220	146	50	36
245	120	35	57
254	113	31	50
183	98	58	52
136	130	27	47
198	112	32	39
139	102	110	41
110	126	22	48
104	141	25	32
94	134	26	38
87	129	29	44
79	125	28	45
73	123	29	46
66	122	31	46
62	121	33	43
59	119	31	41
56	117	30	39
53	115	30	38
53	113	27	38
53	109	25	39
52	106	24	43
51	105	24	43
51	103	23	40
51	100	23	42
52	100	24	40
54	100	25	42
58	100	10	40
61	105	23	38
66	103	21	39
71	101	20	37
74	102	19	37
79	103	19	36
84	103	19	37
133	152	21	24
128	154	30	25
115	154	32	28
108	137	35	46
98	133	33	50
92	149	38	34
85	145	37	38
80	139	37	42
77	135	38	44
72	131	39	45
70	128	42	45
69	124	45	46
69	120	46	47
72	118	49	48
76	117	46	49
82	115	48	52
85	119	50	50
93	115	47	55
102	114	45	59
112	117	57	58
127	133	54	47
144	141	57	43
158	149	58	40
176	151	56	43
185	139	71	59
187	133	89	68
208	135	73	67
222	145	70	59
191	127	100	74
158	109	93	72
227	131	66	67
256	139	53	68
177	115	128	89
255	140	48	62
264	145	36	57
259	146	33	50
254	146	32	49
249	154	29	38
242	156	28	34
234	157	28	32
220	144	32	43
214	151	28	36
193	140	41	45
196	145	29	39
180	133	33	45
173	148	36	30
161	150	29	29
158	147	25	30
148	147	31	28
133	148	29	25
119	136	29	37
113	139	26	31
108	125	28	37
99	129	27	36
90	123	28	39
74	116	28	36
69	113	31	36
71	114	29	32
66	108	32	32
64	104	28	32
62	98	31	33
60	93	24	35
55	88	33	34
62	85	31	33
61	82	29	34
51	80	35	34
63	78	28	35
65	77	20	38
51	83	39	30
52	85	28	35
68	81	16	40
59	87	37	29
73	82	14	44
80	87	24	34
93	88	24	32
87	97	35	25
90	99	39	32
108	106	10	37
78	112	60	29
120	109	35	37
179	103	27	40
203	110	53	38
204	111	52	37
203	108	55	38
207	114	47	36
197	108	58	40
206	116	46	36
196	119	46	38
200	124	44	32
205	114	50	35
207	114	49	38
206	116	47	36
201	107	60	37
169	113	10	42
171	121	39	27
188	110	10	40
168	104	51	39
186	105	13	43
174	88	70	54
126	106	43	44
205	108	19	42
192	101	65	46
153	99	42	47
208	93	56	50
199	99	56	46
228	100	33	40
220	107	32	36
204	118	36	36
192	123	43	33
175	133	59	34
167	133	44	34
153	145	37	30
133	139	44	36
122	138	37	43
112	137	34	44
104	136	31	41
93	133	38	42
84	129	37	42
91	132	32	34
87	126	29	35
85	119	32	34
90	115	26	33
91	109	26	34
92	108	23	29
80	100	33	32
52	98	46	36
54	98	16	42
52	93	32	40
22	99	38	43
20	98	38	43
17	97	40	42
21	101	34	40
17	99	35	42
19	98	33	42
19	101	33	39
17	100	35	40
18	99	34	41
18	99	33	40
0	120	52	18
17	97	35	40
21	107	33	32
0	123	56	15
0	134	50	10
0	111	37	21
6	111	31	30
47	104	18	34
49	106	15	28
52	107	13	27
54	108	16	28
60	104	13	32
62	106	14	31
52	107	23	28
67	110	10	27
73	108	13	27
76	109	14	28
79	110	15	30
83	109	16	30
87	108	17	32
90	109	19	34
93	108	20	34
95	108	23	34
97	100	26	42
101	101	26	36
120	94	28	38
107	94	63	37
108	95	57	52
99	99	49	52
83	107	49	50
69	108	65	57
61	111	51	56
54	114	53	57
52	118	50	52
51	120	48	50
52	119	46	47
54	117	47	46
58	116	44	43
65	115	44	41
74	114	38	36
81	110	48	38
87	108	38	36
99	104	52	44
107	105	43	44
116	105	34	41
119	103	31	49
141	97	10	50
115	102	27	55
122	105	23	45
115	104	24	48
113	107	23	46
110	108	21	47
111	106	24	42
112	109	21	43
112	107	20	43
137	112	11	38
115	107	10	44
107	106	19	43
106	103	20	43
105	106	21	39
106	98	21	41
106	94	20	42
107	91	18	44
105	86	23	43
101	85	31	40
102	79	31	41
107	75	31	41
109	74	28	41
113	67	28	42
114	62	29	41
118	59	26	41
121	53	27	44
121	53	31	43
131	52	26	42
125	47	34	46
204	134	28	26
183	139	43	62
162	161	42	55
143	161	40	66
125	169	40	61
107	174	38	63
90	177	39	67
75	180	40	64
62	182	37	61
53	181	38	61
43	182	38	59
39	181	37	55
34	179	37	54
32	178	37	55
29	174	39	52
32	170	37	48
34	166	39	47
37	162	38	50
42	156	39	53
47	154	42	54
55	151	45	52
62	148	50	49
72	148	53	47
84	152	55	48
96	145	58	54
111	148	57	52
129	150	56	49
145	148	57	48
161	139	52	52
173	134	60	47
193	133	46	45
215	143	38	31
221	139	45	29
239	122	33	40
254	111	32	39
257	105	30	38
197	117	100	12
200	105	58	39
204	112	42	40
198	102	53	41
200	107	48	43
188	107	56	39
197	120	45	36
202	111	51	35
204	112	49	39
194	105	50	47
201	107	47	44
201	112	50	39
203	112	54	38
196	103	53	42
200	108	48	43
195	106	57	40
199	104	57	41
201	126	40	29
199	108	58	39
199	112	45	42
197	109	53	39
206	111	47	35
203	111	48	42
120	94	24	51
111	95	29	48
117	93	33	49
122	93	34	52
125	106	32	54
114	130	29	44
99	136	28	41
86	135	32	44
75	136	32	45
64	137	32	44
52	136	37	45
42	136	39	46
35	134	40	46
26	127	42	50
21	121	44	51
17	115	47	54
14	111	48	51
15	108	47	52
15	104	49	52
16	100	53	55
18	96	56	58
21	94	61	58
22	93	69	62
26	91	76	67
35	94	75	68
56	98	62	69
70	102	60	71
89	107	55	73
107	127	56	59
132	142	54	49
154	146	52	43
175	150	49	39
196	152	41	36
211	141	38	41
225	140	37	37
235	133	38	32
255	122	24	40
261	116	23	36
265	110	22	33
263	108	33	30
206	111	51	41
153	92	46	46
97	92	28	36
88	94	28	37
82	91	33	36
78	89	30	37
72	87	30	37
69	84	29	37
65	82	29	36
63	79	28	36
58	79	29	33
58	76	27	33
56	74	27	31
54	73	28	30
54	72	29	30
54	69	27	30
56	67	26	32
56	66	25	33
56	66	25	33
57	66	25	34
58	66	24	36
58	66	25	37
59	68	26	37
60	69	25	38
62	70	18	43
64	72	22	39
65	73	25	40
121	108	27	37
118	119	32	35
114	122	29	48
110	127	29	43
103	137	29	45
95	138	35	43
89	140	37	41
85	130	39	55
81	132	42	51
80	128	47	52
81	118	52	59
84	102	55	70
89	96	62	78
98	96	53	73
113	86	56	81
126	96	50	43
140	96	42	36
155	94	51	33
195	131	43	28
208	124	39	30
223	98	38	55
236	85	43	53
248	86	41	58
253	85	42	58
259	86	43	48
270	90	38	52
273	94	37	48
270	96	37	49
273	93	28	55
269	99	31	51
261	110	33	40
251	113	42	36
247	112	41	35
238	118	44	32
234	114	42	33
229	116	38	33
213	116	49	34
201	113	56	37
202	106	55	42
206	104	55	40
210	120	46	31
203	112	56	36
207	108	52	35
204	110	53	38
207	112	52	35
204	114	50	36
203	111	54	39
115	112	30	37
116	113	23	30
111	113	29	28
104	115	21	26
97	110	22	31
89	106	26	35
83	111	29	28
76	113	29	26
70	113	30	27
64	112	30	29
61	113	28	27
56	114	28	27
53	115	29	28
51	117	29	27
47	114	31	31
48	116	29	32
48	119	30	31
49	121	32	34
52	124	30	34
56	126	31	38
60	127	32	40
64	125	35	45
74	130	36	49
74	125	44	57
56	98	43	60
96	126	46	68
111	138	51	64
156	165	30	45
173	154	34	57
192	148	36	58
213	151	35	48
229	147	42	46
245	137	43	46
262	123	39	49
274	109	47	51
226	102	64	30
276	92	57	48
202	100	63	45
206	120	42	35
199	103	61	42
216	105	36	46
202	110	54	39
206	115	52	33
201	113	55	38
256	67	76	12
215	78	42	47
216	104	91	10
192	82	66	55
294	43	33	33
272	54	52	28
203	125	48	28
231	91	60	28
197	98	61	43
208	123	43	30
202	108	56	38
207	108	49	38
207	113	50	33
210	123	47	30
203	109	58	34
176	141	61	27
170	137	34	33
152	127	37	39
131	127	46	51
119	134	36	38
108	132	34	44
95	136	30	40
84	130	36	41
71	123	40	44
63	105	40	56
58	94	38	60
51	93	37	57
40	89	42	53
30	86	48	53
24	88	51	48
24	86	48	46
23	89	47	42
23	86	45	44
23	89	43	42
24	91	42	42
23	91	45	42
23	93	45	43
24	95	47	44
24	91	50	53
30	87	47	62
45	118	42	36
51	125	39	36
57	129	39	40
64	134	40	43
75	141	38	45
85	144	43	49
96	151	41	48
110	151	39	54
123	161	38	49
134	166	37	48
149	164	36	53
161	169	38	47
172	165	37	49
183	172	37	39
188	168	39	38
194	165	39	36
197	162	37	34
199	163	37	31
198	150	40	40
195	151	39	36
194	145	38	38
188	143	43	43
180	142	49	45
179	144	42	44
173	149	40	42
168	159	39	36
163	161	35	38
155	164	35	41
146	166	35	45
135	169	34	44
124	170	31	43
113	171	32	46
101	174	34	45
90	176	34	45
77	174	36	47
67	175	36	44
58	174	37	41
51	172	36	39
42	172	39	36
36	169	38	33
31	163	39	33
29	157	37	33
26	149	38	34
26	143	38	32
26	135	39	34
27	119	39	40
26	117	44	36
29	114	47	35
29	96	51	47
39	88	45	50
50	88	40	48
57	87	40	48
53	87	49	48
47	91	60	43
77	91	40	44
89	94	34	44
91	95	37	37
53	82	83	54
96	87	53	50
17	79	40	66
15	77	35	67
10	76	40	69
16	75	36	70
20	72	29	75
21	70	27	69
21	71	29	62
19	72	31	62
19	73	33	61
20	70	33	65
22	69	34	63
24	71	35	61
39	72	23	60
36	70	26	61
18	91	48	39
47	74	24	44
50	75	22	45
54	77	25	44
59	80	11	48
61	86	23	37
68	85	16	42
67	90	22	35
78	90	10	39
90	93	22	37
100	90	22	41
109	84	23	50
120	85	21	49
123	86	21	44
172	125	30	28
166	125	35	32
156	133	34	39
145	146	42	32
137	151	43	35
127	150	41	39
118	154	45	41
109	151	48	46
99	149	52	50
90	150	53	47
80	147	57	52
73	141	61	56
68	132	61	61
65	124	58	62
62	115	59	66
61	108	59	66
62	100	60	67
64	92	56	62
70	85	56	55
72	87	52	53
82	84	54	60
91	81	57	68
102	80	64	67
114	68	69	75
127	76	65	61
144	94	53	46
130	81	52	52
130	86	29	50
118	87	34	53
112	92	31	51
108	101	28	43
98	98	28	44
93	98	23	42
87	101	22	41
80	101	18	41
71	105	12	34
70	103	14	35
63	100	10	35
59	97	17	36
56	93	17	34
52	90	16	33
50	89	17	33
48	86	18	33
46	84	21	33
42	78	23	37
34	76	29	44
37	74	27	41
38	73	26	42
38	71	28	39
37	71	29	34
39	71	28	36
42	69	26	40
45	70	26	35
45	70	28	33
49	71	24	35
51	71	27	35
54	71	29	37
57	73	30	37
60	73	31	39
71	78	32	40
119	126	26	39
114	126	28	40
110	138	25	36
102	138	27	38
96	141	35	44
84	138	40	51
76	146	38	45
67	148	42	44
58	147	54	37
51	146	48	49
47	139	49	52
42	132	51	56
41	127	53	57
39	118	57	58
41	109	60	60
43	93	65	71
51	91	65	65
56	84	59	67
65	78	64	64
77	72	60	72
87	74	60	66
102	64	56	73
120	93	38	42
132	86	36	38
150	96	42	32
171	108	38	34
190	116	43	37
203	117	43	38
216	119	42	35
225	116	42	37
237	114	38	39
241	115	39	39
247	117	36	37
249	118	34	41
251	119	34	38
251	116	34	38
250	120	35	33
246	118	35	34
241	120	37	30
226	123	48	30
217	115	43	32
213	117	49	32
203	115	55	39
148	91	11	39
165	114	32	35
205	109	51	43
201	102	55	41
209	118	43	36
195	100	63	43
192	104	55	46
205	108	49	43
204	114	46	38
199	107	56	40
119	112	32	39
121	116	28	38
113	122	21	33
107	119	26	37
98	118	23	41
91	122	22	40
83	126	22	39
75	127	23	39
68	131	25	38
63	133	25	37
58	133	26	39
53	134	27	40
51	135	29	40
49	134	30	41
48	134	31	43
49	135	32	42
50	136	34	44
52	135	36	47
57	138	36	46
64	138	40	49
73	136	41	53
83	137	37	57
93	113	39	84
105	128	39	70
115	129	44	73
131	136	46	72
151	142	49	71
162	122	58	97
169	113	62	86
204	159	52	60
218	160	54	57
235	145	53	67
245	143	54	64
255	134	55	68
265	135	53	63
272	139	50	55
276	137	51	52
277	136	53	50
277	132	54	49
276	130	56	49
275	129	55	47
273	131	56	44
273	131	55	42
272	133	48	41
266	134	47	40
261	137	43	39
254	138	44	41
246	145	44	40
240	153	41	34
227	159	46	34
218	161	44	35
206	159	42	43
196	161	37	43
182	162	36	45
169	162	35	47
156	163	33	47
143	164	32	43
128	159	34	43
114	151	34	44
103	141	31	48
93	131	34	51
82	120	38	55
73	104	42	58
66	104	40	49
58	103	36	44
53	96	32	42
48	86	34	46
42	62	36	61
40	59	37	58
36	56	39	57
35	60	41	48
32	56	44	47
28	52	49	47
25	54	55	42
25	51	59	45
26	49	62	49
51	58	46	42
52	59	48	44
63	62	49	43
68	61	53	49
81	72	45	40
92	76	38	42
106	72	38	42
117	85	38	40
124	81	47	33
205	108	32	35
197	110	59	40
200	108	52	42
205	111	52	36
206	111	53	35
204	116	46	37
200	106	55	41
202	116	47	37
198	109	52	38
196	112	54	40
197	104	33	38
195	99	60	45
105	71	36	52
113	68	36	56
122	75	34	51
202	104	25	38
145	75	101	68
171	100	70	47
200	96	57	51
203	98	51	46
206	104	54	41
205	122	42	31
200	108	57	38
204	107	52	40
208	111	50	36
207	114	49	37
202	112	38	42
196	125	41	34
195	138	39	29
182	144	38	35
175	156	38	29
165	156	40	38
150	159	39	42
137	164	41	41
122	158	41	46
108	149	41	54
98	154	38	46
82	151	43	47
67	139	44	54
55	131	44	55
47	121	44	56
42	116	41	51
29	106	47	50
25	97	49	51
23	90	47	49
24	84	47	49
23	79	47	48
23	76	52	48
21	74	54	49
30	72	76	48
38	73	61	49
41	74	49	52
46	75	39	51
23	81	63	48
22	85	66	42
20	86	72	42
52	87	47	42
78	95	28	42
84	99	31	44
93	105	28	44
97	109	35	44
20	88	82	59
63	104	15	31
33	90	33	34
47	82	33	43
55	90	29	36
62	93	27	35
70	91	28	37
79	91	29	39
91	91	27	41
103	85	26	48
115	87	22	47
124	93	18	46
171	102	29	43
217	133	41	42
228	130	35	44
233	130	36	43
234	125	38	45
241	122	32	46
246	119	30	47
242	122	37	47
238	123	40	47
238	120	41	51
235	122	42	52
232	120	39	56
225	135	47	49
215	142	53	47
207	147	52	47
198	147	51	51
189	148	50	53
178	147	51	52
169	148	48	54
158	153	44	53
143	151	43	55
129	149	48	56
113	142	49	56
104	127	45	66
94	131	44	59
86	127	43	61
80	124	42	59
79	119	39	60
72	116	39	58
71	114	38	57
69	111	38	57
69	111	37	51
70	109	37	49
73	101	39	52
76	100	38	51
81	102	35	44
85	99	33	43
94	93	40	51
102	89	37	53
98	110	35	36
84	110	53	32
80	105	47	35
64	97	59	39
57	94	26	47
49	92	27	46
31	89	40	44
19	91	49	39
20	85	43	44
25	81	37	46
23	79	36	51
26	73	33	50
25	70	31	56
27	67	31	58
25	65	32	61
24	64	34	70
29	64	32	65
32	62	30	52
33	61	26	69
40	64	26	41
42	65	25	47
46	66	23	41
50	66	23	40
55	69	24	42
58	71	19	44
64	73	24	43
71	75	25	40
80	76	27	41
87	78	26	41
97	85	28	35
107	75	27	51
139	90	15	43
161	123	29	36
151	156	49	35
132	156	53	39
113	152	56	44
102	155	53	42
90	138	56	61
79	140	54	61
67	140	55	58
57	144	57	53
50	143	57	54
44	143	56	52
42	143	52	50
38	142	51	51
38	142	49	51
37	145	47	47
39	145	48	46
39	145	49	47
40	143	51	49
42	142	53	50
46	140	56	52
55	138	56	55
62	142	58	53
74	142	55	53
86	145	53	53
97	148	55	53
109	151	57	50
120	153	60	51
139	159	57	47
157	158	56	47
174	154	50	48
191	148	50	53
207	150	48	48
223	145	49	50
221	136	19	38
250	136	42	50
261	130	39	43
268	119	44	46
274	109	39	47
272	95	43	53
281	89	32	49
197	83	61	55
285	78	27	46
209	86	50	44
185	89	58	53
184	80	76	58
61	84	178	48
18	92	48	40
15	85	45	47
6	85	50	58
10	81	50	58
5	78	54	61
5	81	54	57
2	78	57	66
18	76	43	67
21	75	39	62
0	81	58	59
18	76	44	66
19	74	45	60
11	76	56	59
143	140	27	30
138	150	34	23
128	138	37	38
112	143	32	36
98	136	34	47
93	140	38	44
81	140	39	46
70	145	43	43
59	146	41	42
48	147	44	42
38	146	46	40
30	144	47	40
23	139	49	43
19	135	48	45
17	131	47	48
13	120	50	58
7	116	55	60
7	111	56	61
8	111	59	58
13	108	58	62
20	102	58	65
17	104	71	63
31	103	66	68
46	102	64	71
60	95	59	82
77	105	52	74
96	113	52	69
117	108	55	76
136	129	61	59
163	141	57	49
180	141	53	46
204	136	44	49
221	136	43	44
239	121	37	51
249	99	25	30
260	102	24	40
267	99	30	47
236	89	69	60
277	89	27	49
200	99	56	51
263	82	38	47
205	96	90	34
136	87	33	38
123	84	26	48
116	86	26	52
106	87	27	51
100	102	24	34
93	94	24	43
84	95	21	40
76	96	18	36
66	95	10	35
66	89	14	34
57	90	14	33
18	102	18	27
50	78	18	36
47	78	10	44
45	77	22	30
40	74	24	39
37	71	28	40
33	69	24	52
34	68	32	31
31	68	35	37
105	133	25	35
96	128	30	42
85	127	32	44
77	128	35	45
66	132	37	43
56	134	38	43
47	135	42	42
38	136	44	42
33	135	45	44
29	135	46	45
26	133	46	48
20	127	50	56
14	114	57	68
18	123	54	61
16	119	63	63
20	113	61	73
26	125	62	63
34	124	65	67
43	124	65	71
60	118	63	79
77	118	56	78
107	125	65	63
165	118	22	75
139	154	53	49
161	140	52	65
180	144	52	63
192	141	55	65
213	140	56	68
257	98	35	83
251	141	45	60
254	139	47	68
263	141	46	63
271	141	42	59
270	140	46	56
272	137	44	57
272	138	42	53
270	135	41	55
271	136	36	53
267	138	33	49
260	139	36	49
255	139	34	50
246	144	33	46
235	150	36	41
226	152	36	41
217	154	34	38
198	149	41	42
188	152	41	38
175	147	46	40
163	146	41	38
151	140	40	42
133	138	45	41
126	136	39	40
112	134	36	39
104	118	34	33
93	107	31	48
85	90	36	60
74	87	36	62
67	85	44	59
59	82	45	58
53	79	44	56
46	71	44	60
35	69	48	58
28	65	49	60
25	63	48	62
23	62	48	63
24	57	46	67
25	57	45	67
22	57	49	70
24	59	49	62
23	60	51	61
27	60	52	60
29	62	55	58
37	63	55	60
50	73	52	53
66	83	44	45
79	81	45	51
88	88	35	44
102	93	39	42
114	81	26	38
47	80	35	50
53	84	36	52
60	88	36	51
66	93	38	50
73	95	42	50
80	101	37	46
87	106	40	44
96	103	38	47
108	101	34	54
117	105	36	51
126	108	36	54
136	118	47	43
142	123	44	38
152	122	42	33
163	122	40	37
169	123	38	37
176	120	45	31
209	101	58	36
193	94	63	50
214	85	82	35
276	71	28	49
197	98	86	32
260	95	31	43
258	96	28	49
251	109	38	43
242	117	38	43
235	127	34	38
210	130	45	41
198	140	46	41
191	139	45	51
176	149	39	45
161	146	33	54
145	152	32	51
120	140	36	59
107	139	35	59
89	139	40	56
75	137	44	56
62	132	42	55
54	129	41	52
46	123	43	51
42	119	42	49
38	116	45	45
37	111	46	44
36	108	45	41
42	105	43	41
46	102	40	39
49	99	40	39
53	95	41	39
57	93	41	41
66	91	47	59
71	89	41	59
70	93	44	58
60	94	59	53
49	98	68	47
96	95	32	40
104	99	29	35
94	98	50	37
44	101	41	38
122	100	29	41
49	93	20	39
26	95	39	39
24	92	43	40
6	93	62	37
6	90	63	37
16	91	60	34
50	82	26	38
50	82	29	38
54	81	27	38
56	79	29	41
59	77	28	44
64	77	32	44
71	77	29	42
75	78	31	42
82	81	32	41
87	82	32	40
93	79	34	43
100	76	36	48
111	76	34	50
115	76	34	49
123	74	33	48
131	75	27	44
187	79	33	45
216	131	46	36
204	136	44	41
192	143	46	41
179	151	50	42
168	158	38	40
154	151	35	58
140	155	39	60
121	149	37	70
106	156	37	69
90	164	40	65
78	166	40	62
66	168	42	60
58	169	43	57
51	168	43	55
46	166	44	53
44	166	43	49
40	162	46	49
38	161	47	45
39	156	48	44
41	152	49	43
44	150	48	41
47	145	48	40
52	143	47	38
57	137	46	40
65	134	45	41
71	132	44	42
79	128	36	44
85	129	48	42
96	133	41	36
107	126	32	44
111	124	37	47
119	135	40	38
133	132	42	41
147	117	36	48
162	141	38	31
162	141	42	31
188	133	52	33
200	141	35	25
187	89	78	48
166	85	85	56
52	99	33	32
53	91	27	40
52	91	27	40
53	88	27	41
52	88	27	41
53	86	27	42
54	85	23	44
54	84	12	48
57	85	26	41
59	85	26	41
62	87	28	39
64	88	29	39
68	89	21	42
73	90	28	39
77	95	26	36
83	94	30	38
88	96	30	38
93	100	33	36
99	94	35	45
107	89	33	51
115	88	30	53
124	90	23	48
176	146	10	10
178	137	25	29
179	185	30	28
166	186	29	55
155	185	27	56
142	187	30	56
127	186	32	57
116	184	33	53
104	181	34	53
92	176	35	53
83	170	35	54
74	164	36	55
67	158	38	54
60	152	42	52
55	146	44	51
53	145	46	46
51	137	48	49
51	132	51	50
55	128	51	52
59	123	48	54
65	116	50	57
70	113	49	59
78	110	47	60
86	106	49	58
98	102	42	50
112	99	37	51
123	107	45	49
134	109	43	44
146	118	39	33
156	114	33	34
168	115	36	32
180	121	31	27
190	96	68	49
92	107	20	34
86	112	15	29
75	112	16	28
67	110	19	30
60	108	21	32
53	105	22	32
48	101	23	33
46	97	21	35
35	97	26	32
18	94	41	37
4	97	50	39
4	94	49	46
0	95	53	41
0	92	51	48
0	92	50	50
0	89	50	50
9	86	42	50
10	84	41	57
16	83	35	55
12	83	38	52
10	83	41	55
3	83	49	61
0	83	55	63
8	85	46	51
121	115	10	30
114	113	29	30
108	117	25	29
101	123	20	29
90	122	28	35
90	128	29	38
82	132	31	37
74	134	35	37
67	130	37	42
62	128	38	46
58	131	41	44
56	133	53	44
52	134	54	43
53	132	43	46
52	131	47	48
53	128	48	51
56	125	52	53
60	123	55	55
67	123	56	56
77	122	61	57
87	123	43	57
102	120	45	63
114	123	52	59
129	140	53	41
158	129	42	49
174	135	51	38
179	131	60	37
198	121	54	45
204	109	54	48
214	108	42	43
224	104	38	48
228	102	39	45
234	101	35	45
231	105	39	41
198	94	65	41
199	95	57	51
200	96	54	51
193	101	51	52
202	103	50	46
126	79	27	44
124	86	21	40
118	88	24	44
112	90	24	46
105	96	29	41
99	98	28	38
93	100	25	36
86	99	26	36
80	99	25	35
74	98	22	35
69	98	21	35
63	98	23	36
61	96	16	37
50	96	11	34
51	97	14	30
29	99	24	26
46	91	10	38
5	103	26	27
34	90	10	50
10	94	18	40
0	96	35	43
91	114	15	32
86	115	23	33
81	119	21	34
77	124	24	33
72	128	25	33
69	131	28	35
67	133	30	35
