3.697716
1.391094
0.127412
0.355589
0.238475
0.335525
0.056255
0.217276
0.299210
0.252655
0.346136
0.343923
0.167642
0.377349
0.252784
0.049546
0.469596
0.066346
0.192753
0.263415
0.188513
0.271407
0.399298
0.128330
0.378604
0.046017
0.203918
0.182239
0.643431
0.611655
0.148912
0.413722
0.407856
0.492050
0.500618
0.238500
0.560637
0.060463
0.074530
0.544337
0.383171
0.062515
0.127848
0.065822
0.334520
0.097223
0.105884
0.161040
0.446870
0.348607
0.472126
0.341590
0.302019
0.110917
0.055361
0.278355
0.125794
0.370459
0.046595
0.526743
0.553185
0.247536
0.319246
0.438697
0.397738
0.383307
0.403255
0.426299
0.363133
0.337440
0.094909
0.435161
0.176615
0.043393
0.283125
0.442649
0.386827
0.405893
0.424315
0.051124
0.089231
0.183125
0.320851
0.290402
0.213706
0.183787
0.055382
0.073740
0.209355
0.230999
0.236572
0.377263
0.372581
0.324953
0.429505
0.249310
0.370557
0.297751
0.100316
0.215599
0.332343
0.375505
0.454945
0.423063
0.342381
0.236073
0.321836
0.060248
0.174433
0.151095
0.193981
0.331805
0.395668
0.233170
0.226274
0.260723
0.340243
0.309058
0.261574
0.174515
0.167954
0.047356
0.054260
0.095518
0.062070
0.043469
0.225765
0.100981
0.048754
0.046489
0.051076
0.052041
0.047496
0.051580
0.067875
0.049384
0.057698
0.258973
0.044792
0.045040
0.048714
0.049484
0.046757
0.049226
0.130861
0.062192
0.054430
0.047074
0.062999
0.110040
0.172229
0.206860
0.297665
0.322095
0.084400
0.448854
0.278862
0.058788
0.393353
0.417652
0.370704
0.053434
0.722447
0.238101
0.049031
0.549248
0.281405
0.287047
0.254184
0.060645
0.419676
0.258266
0.263611
0.261075
0.254802
0.242405
0.245189
0.310717
0.204012
0.460356
0.056513
0.477821
0.078558
0.178216
0.524916
0.243870
0.496038
0.385802
0.374260
0.066012
0.288376
0.365394
0.053504
0.276192
0.191045
0.124538
0.369313
0.258263
0.216552
0.062870
0.434620
0.229081
0.207953
0.291428
0.090809
0.244354
0.077548
0.463688
0.296185
0.291883
0.119572
0.358754
0.132851
0.228698
0.050488
0.269711
0.117304
0.452121
0.246385
0.056487
0.081854
0.264799
0.337045
0.219107
0.218682
0.393584
0.461169
0.233229
0.193503
0.227308
0.209392
0.273067
0.410232
0.063415
0.532046
0.079887
0.163320
0.359372
0.350040
0.514567
0.352129
0.475909
0.418957
0.436864
0.343120
0.255571
0.088311
0.504029
0.073208
0.140234
0.334991
0.337818
0.443366
0.440920
0.209018
0.234110
0.301263
0.323076
0.302997
0.356275
0.118731
0.287568
0.228408
0.395270
0.404183
0.376226
0.252722
0.431745
0.452673
0.432600
0.430676
0.328894
0.275578
0.341249
0.494449
0.478410
0.443223
0.258112
0.344305
0.510718
0.254267
0.095709
0.312900
0.248805
0.234697
0.240935
0.052119
0.452275
0.217078
0.127807
0.073662
0.046477
0.047707
0.076946
0.032376
0.213094
0.153371
0.045019
0.229740
0.427944
0.255607
0.046202
0.282552
0.409197
0.393826
0.051629
0.546875
0.372253
0.384090
0.074731
0.431421
0.088906
0.323771
0.288428
0.080345
0.353146
0.275995
0.174665
0.062454
0.217762
0.197058
0.458835
0.248638
0.107854
0.529893
0.350945
0.231102
0.057752
0.219691
0.240116
0.086674
0.194403
0.070215
0.271805
0.062979
0.320754
0.136778
0.430061
0.058465
0.061874
0.352503
0.341157
0.160150
0.467665
0.246552
0.229944
0.262134
0.243963
0.242150
0.435252
0.395796
0.343617
0.438441
0.269315
0.259082
0.260554
0.244009
0.353391
0.291905
0.461651
0.267287
0.363675
0.266237
0.232865
0.232770
0.054898
0.049350
0.050662
0.050142
0.255795
0.351663
0.314186
0.464056
0.427788
0.114970
0.038670
0.046861
0.296500
0.375602
0.304161
0.240282
0.239011
0.263598
0.310068
0.241969
0.046916
0.331292
0.059485
0.485404
0.251777
0.241000
0.236790
0.224664
0.168758
0.091699
0.330850
0.265711
0.063607
0.475176
0.380736
0.354311
0.470962
0.432898
0.449011
0.487808
0.170810
0.170983
0.670295
0.400187
0.432989
0.070961
0.323714
0.043264
0.353553
0.039629
0.042404
0.041921
0.042562
0.043602
0.187631
0.241660
0.061515
0.042826
0.247245
0.252333
0.467014
0.097691
0.095801
0.435653
0.148738
0.108116
0.067629
0.212560
0.232885
0.230556
0.236336
0.237183
0.233555
0.326440
0.308970
0.250351
0.197438
0.291553
0.234235
0.380103
0.422351
0.052878
0.129274
0.365892
0.189818
0.295627
0.075088
0.578316
0.446595
0.058146
0.340437
0.079814
0.378777
0.280383
0.351581
0.059851
0.616390
0.265604
0.235674
0.073258
0.261764
0.207653
0.393938
0.264979
0.236072
0.049495
0.427764
0.064526
0.370443
0.058195
0.378534
0.345706
0.070369
0.403455
0.200152
0.049801
0.085509
0.045223
0.181498
0.393047
0.087711
0.044245
0.043786
0.096541
0.290838
0.043860
0.043577
0.055670
0.462011
0.106316
0.261309
0.403672
0.048176
0.487460
0.386876
0.193848
0.329023
0.334460
0.103908
0.339352
0.384648
0.073821
0.044122
0.120463
0.291837
0.141178
0.205525
0.206322
0.295129
0.253655
0.550383
0.064487
0.764311
0.348127
0.094600
0.665638
0.316211
0.285173
0.416695
0.084114
0.362236
0.294027
0.228583
0.328857
0.243114
0.054721
0.535088
0.151537
0.402025
0.354911
0.204543
0.315243
0.252617
0.305859
0.318637
0.061611
0.277923
0.234757
0.308971
0.321310
0.281180
0.439322
0.327824
0.043696
0.468920
0.104315
0.153148
0.343107
0.190588
0.087892
0.292079
0.602145
0.497863
0.096050
0.140481
0.196514
0.232186
0.301430
0.185439
0.440494
0.102352
0.535679
0.315200
0.420210
0.093314
0.318469
0.491727
0.473742
0.442793
0.426461
0.343615
0.309074
0.288392
0.186243
0.058449
0.056941
0.051223
0.056911
0.059813
0.389360
0.296219
0.069452
0.565134
0.075394
0.732554
0.417342
0.271125
0.062577
0.046587
0.051394
0.061246
0.048947
0.046436
0.045920
0.044359
0.085266
0.043652
0.061186
0.084324
0.054244
0.043835
0.043944
0.043725
0.051611
0.201131
0.184585
0.076805
0.179095
0.334570
0.267579
0.275502
0.287476
0.292325
0.400701
0.088133
0.160639
0.255514
0.062028
0.043662
0.207360
0.260421
0.477670
0.406848
0.234601
0.242669
0.241804
0.269075
0.092628
0.390516
0.477873
0.316168
0.400216
0.630842
0.068684
0.261911
0.288157
0.323015
0.091862
0.356979
0.458645
0.293309
0.050729
0.349424
0.130584
0.225319
0.426144
0.269085
0.490731
0.534591
0.468381
0.338857
0.431180
0.177498
0.058157
0.471789
0.217483
0.047185
0.049780
0.241210
0.148943
0.225407
0.270082
0.047132
0.634105
0.062388
0.291476
0.255475
0.581020
0.253726
0.252226
0.294440
0.234229
0.369806
0.273739
0.303252
0.318239
0.313404
0.340514
0.323167
0.067586
0.191527
0.428698
0.188683
0.043633
0.046180
0.078534
0.048282
0.171940
0.735538
0.237236
0.158940
0.050166
0.278712
0.258000
0.411758
0.295236
0.341364
0.290215
0.239350
0.220073
0.236350
0.229479
0.230456
0.054424
0.103225
0.267111
0.338516
0.257039
0.309510
0.106346
0.172082
0.130978
0.198460
0.339845
0.259467
0.253498
0.228445
0.069678
0.360534
0.247492
0.089392
0.105673
0.564283
0.334411
0.070343
0.269463
0.486926
0.289542
0.235733
0.072708
0.373971
0.241386
0.245172
0.258319
0.064759
0.096740
0.185628
0.397954
0.329645
0.055928
0.145918
0.114714
0.043246
0.172369
0.295428
0.390360
0.346874
0.459728
0.054026
0.235881
0.121377
0.063739
0.151016
0.063328
0.185447
0.298132
0.062689
0.135497
0.170871
0.145381
0.185129
0.138019
0.467027
0.392744
0.373972
0.394915
0.399735
0.279479
0.207556
0.054898
0.052948
0.196913
0.327136
0.053931
0.131577
0.060577
0.338567
0.312858
0.202433
0.341266
0.240146
0.057855
0.245719
0.241441
0.238761
0.048011
0.396368
0.099945
0.432408
0.096333
0.319075
0.214252
0.150027
0.187690
0.052594
0.308355
0.148779
0.049853
0.141070
0.104837
0.045633
0.310678
0.061085
0.149842
0.064708
0.270497
0.208656
0.155898
0.081080
0.324272
0.230525
0.055347
0.124312
0.061568
0.076648
0.174720
0.095335
0.192856
0.348629
0.059276
0.437794
0.055623
0.396564
0.334357
0.382554
0.157245
0.051753
0.051999
0.050733
0.055310
0.051147
0.055830
0.056729
0.493362
0.369736
0.272901
0.378806
0.278094
0.208658
0.316772
0.058718
0.386074
0.208364
0.229430
0.072052
0.203516
0.256583
0.440609
0.221742
0.306062
0.056829
0.356697
0.282947
0.107706
0.528771
0.473491
0.484371
0.397823
0.362162
0.334063
0.259187
0.334425
0.249407
0.232150
0.254761
0.256406
0.226968
0.248418
0.214697
0.256600
0.265253
0.254044
0.260067
0.490425
0.295551
0.127984
0.226001
0.065711
0.415758
0.184821
0.304915
0.333388
0.052200
0.215052
0.054983
0.402416
0.082344
0.281890
0.300956
0.061619
0.444688
0.061209
0.374063
0.077993
0.733364
0.091833
0.269161
0.699082
0.480776
0.437700
0.322103
0.316973
0.234665
0.291242
0.042055
0.079957
0.256123
0.551829
0.396570
0.330972
0.366460
0.077591
0.212830
0.187610
0.237718
0.386376
0.420959
0.248088
0.076420
0.215634
0.326461
0.082600
0.099089
0.048585
0.060695
0.120441
0.042613
0.082544
0.162711
0.051582
0.042321
0.428256
0.190405
0.201303
0.436334
0.100570
0.175231
0.183853
0.371890
0.221746
0.259799
0.266580
0.072736
0.129415
0.283280
0.310683
0.291239
0.180410
0.530187
0.471990
0.066589
0.234899
0.208964
0.575492
0.208621
0.211771
0.348157
0.268697
0.408451
0.342571
0.050711
0.097315
0.250936
0.251662
0.200466
0.492674
0.103729
0.044013
0.051244
0.053468
0.050104
0.049057
0.049208
0.046373
0.162169
0.389795
0.420390
0.428236
0.405763
0.052336
0.561240
0.075138
0.473074
0.260700
0.253608
0.513716
0.393780
0.381991
0.382665
0.256376
0.383221
0.276362
0.469629
0.367882
0.170387
0.228714
0.359472
0.372642
0.247171
0.188536
0.508211
0.297640
0.092738
0.253536
0.106712
0.367444
0.156898
0.552310
0.252876
0.225269
0.066682
0.045356
0.251657
0.339717
0.153685
0.549239
0.447674
0.390636
0.234490
0.098742
0.084269
0.739365
0.349386
0.448476
0.377618
0.410071
0.208551
0.294275
0.418642
0.204415
0.463280
0.248224
0.214312
0.390643
0.088390
0.067807
0.062558
0.048367
0.051307
0.399909
0.433213
0.421298
0.317914
0.281345
0.221767
0.105783
0.391316
0.264058
0.074690
0.370738
0.391080
0.116418
0.043710
0.044993
0.043688
0.052676
0.043902
0.044463
0.044644
0.044985
0.179895
0.042816
0.047001
0.044320
0.043384
0.042725
0.034094
0.039141
0.043955
0.042228
0.049113
0.043685
0.044406
0.053507
0.053061
0.053115
0.052651
0.053609
0.058709
0.053386
0.068501
0.057664
0.065816
0.054415
0.086026
0.068466
0.048988
0.048542
0.061991
0.603367
0.558069
0.147232
0.235800
0.176347
0.133199
0.062650
0.058009
0.118314
0.045873
0.045632
0.049041
0.058019
0.070267
0.101222
0.060959
0.284580
0.346602
0.234848
0.364626
0.307735
0.400501
0.534785
0.112622
0.430268
0.090136
0.164559
0.094409
0.204055
0.090390
0.047311
0.048582
0.067042
0.071167
0.192804
0.247867
0.292466
0.045148
0.188687
0.089218
0.041412
0.042334
0.360669
0.169212
0.248364
0.360060
0.385420
0.093813
0.109702
0.512399
0.050720
0.145161
0.577034
0.477319
0.437379
0.324515
0.277558
0.252733
0.319091
0.334170
0.257736
0.296455
