1.962189
1.076016
0.228124
0.247524
0.233870
0.119241
0.304678
0.466481
0.267551
0.309103
0.336513
0.320984
0.277310
0.353536
0.367850
0.224345
0.339123
0.407005
0.390682
0.055634
0.461130
0.236430
0.224290
0.052487
0.045041
0.045534
0.046641
0.370972
0.058213
0.354522
0.069529
0.234061
0.391278
0.287419
0.310537
0.378239
0.307824
0.317989
0.276277
0.358823
0.336142
0.286144
0.358992
0.421886
0.118351
0.403643
0.263672
0.063529
0.554722
0.275722
0.341155
0.349962
0.318997
0.299981
0.045158
0.387046
0.235386
0.229175
0.231927
0.252702
0.059024
0.365070
0.226434
0.051925
0.300700
0.062673
0.048810
0.047410
0.041475
0.047222
0.042504
0.138965
0.046478
0.162177
0.155506
0.186810
0.251171
0.341856
0.340308
0.247701
0.136945
0.477702
0.122130
0.285338
0.444508
0.053868
0.733775
0.405966
0.199661
0.212635
0.053287
0.049508
0.218379
0.081106
0.185560
0.335552
0.154279
0.269717
0.290468
0.322059
0.205713
0.256078
0.243050
0.090725
0.119530
0.053397
0.141927
0.044549
0.051034
0.042733
0.544784
0.409237
0.298904
0.295058
0.348728
0.390744
0.213097
0.079423
0.064882
0.320631
0.386827
0.290947
0.252165
0.253825
0.249713
0.322153
0.255865
0.269812
0.273277
0.232974
0.242801
0.058314
0.317467
0.051596
0.284587
0.415587
0.050396
0.334188
0.222447
0.057373
0.333778
0.334523
0.251444
0.048986
0.356768
0.107259
0.315293
0.473776
0.141271
0.399799
0.067021
0.207225
0.440769
0.347771
0.348319
0.459007
0.228227
0.340181
0.264935
0.044205
0.158546
0.263047
0.363684
0.049533
0.506584
0.347810
0.363519
0.049380
0.283591
0.249655
0.403546
0.364058
0.094167
0.498904
0.047654
0.298129
0.046224
0.051924
0.041644
0.041419
0.040947
0.039882
0.041355
0.040754
0.054463
0.071964
0.040750
0.213870
0.343347
0.232031
0.228264
0.062577
0.472631
0.233989
0.229851
0.224452
0.076490
0.055300
0.047806
0.044145
0.039955
0.043706
0.052595
0.050549
0.044156
0.043300
0.292445
0.305738
0.273792
0.367047
0.475222
0.380182
0.342106
0.109334
0.320007
0.053561
0.052927
0.060845
0.133317
0.070470
0.066844
0.225738
0.084634
0.639130
0.305321
0.151307
0.537798
0.252311
0.424077
0.542325
0.206705
0.290833
0.302085
0.388813
0.057459
0.134484
0.042108
0.041517
0.054232
0.441779
0.043998
0.048061
0.048200
0.042951
0.260664
0.354245
0.251163
0.298907
0.057979
0.380806
0.045250
0.045600
0.045676
0.170706
0.094927
0.480607
0.457711
0.077621
0.287100
0.431050
0.431913
0.238948
0.055390
0.096433
0.389111
0.233498
0.236211
0.231081
0.232693
0.209806
0.228442
0.228928
0.233816
0.215465
0.158813
0.318527
0.246986
0.235614
0.237386
0.315158
0.055234
0.075872
0.085962
0.179978
0.069366
0.229731
0.226785
0.159761
0.339849
0.233543
0.092458
0.195716
0.183500
0.078022
0.285218
0.069904
0.097893
0.056340
0.066752
0.112744
0.298039
0.436130
0.380189
0.412693
0.054044
0.490352
0.185291
0.110260
0.370023
0.054705
0.485451
0.379908
0.318535
0.252605
0.238560
0.253158
0.257404
0.214642
0.274123
0.229604
0.129414
0.396493
0.430833
0.261136
0.062966
0.245140
0.327608
0.056786
0.164987
0.455949
0.393985
0.433877
0.299314
0.372865
0.418725
0.136620
0.053049
0.357767
0.419332
0.209490
0.055213
0.046001
0.125485
0.281955
0.258912
0.312418
0.299268
0.060152
0.285387
0.418273
0.119120
0.305829
0.043086
0.080702
0.053327
0.066932
0.046518
0.050989
0.112965
0.042614
0.041858
0.057984
0.041679
0.041906
0.213581
0.075587
0.175697
0.345339
0.402122
0.248061
0.280736
0.238114
0.057564
0.205880
0.315784
0.217800
0.266505
0.297678
0.402169
0.048992
0.432645
0.496255
0.243498
0.294660
0.054087
0.349151
0.307967
0.512025
0.145088
0.042427
0.085671
0.312441
0.089218
0.134993
0.043118
0.177287
0.073707
0.427089
0.188018
0.309981
0.326363
0.279901
0.269354
0.216511
0.315921
0.259717
0.236737
0.216083
0.232382
0.135395
0.284372
0.268152
0.079023
0.402148
0.352757
0.095493
0.201989
0.327279
0.240576
0.246510
0.231734
0.244018
0.247625
0.262298
0.421776
0.047786
0.060488
0.381858
0.353618
0.072578
0.073408
0.118945
0.044019
0.109188
0.451464
0.066616
0.053043
0.152374
0.108988
0.062942
0.341836
0.359414
0.437584
0.517770
0.590559
0.055145
0.537718
0.435106
0.482581
0.426930
0.433900
0.285256
0.272607
0.287916
0.214460
0.045896
0.293334
0.267937
0.148738
0.180855
0.051085
0.436427
0.167678
0.503623
0.076859
0.452873
0.264018
0.204890
0.278294
0.310971
0.243456
0.233617
0.060453
0.378867
0.234094
0.214349
0.237372
0.102292
0.248910
0.440612
0.247530
0.298524
0.328157
0.232000
0.152220
0.226445
0.396886
0.569860
0.226443
0.228085
0.218109
0.435055
0.292077
0.304054
0.390508
0.059512
0.470725
0.408455
0.065625
0.554191
0.393309
0.387416
0.345206
0.054584
0.142553
0.073451
0.066028
0.164646
0.052396
0.047871
0.161637
0.063496
0.148558
0.467089
0.202251
0.333819
0.324368
0.048031
0.376308
0.095376
0.048422
0.252793
0.090485
0.054840
0.068380
0.175639
0.265431
0.425358
0.380960
0.346762
0.236849
0.237183
0.245705
0.236789
0.236289
0.056787
0.188920
0.271654
0.120045
0.363073
0.227983
0.237279
0.303035
0.044121
0.041208
0.046641
0.042065
0.046242
0.121797
0.046876
0.043004
0.037280
0.041446
0.043317
0.047042
0.052275
0.149942
0.035193
0.042898
0.051188
0.043234
0.042019
0.154747
0.081284
0.379854
0.062934
0.120037
0.415820
0.120654
0.581084
0.507730
0.086528
0.597182
0.162187
0.042507
0.045908
0.042349
0.050555
0.206855
0.074585
0.150670
0.098598
0.288530
0.256533
0.057705
0.379287
0.277989
0.295046
0.235579
0.378002
0.252567
0.062417
0.077158
0.543602
0.056316
0.562888
0.308627
0.255604
0.241914
0.362253
0.066039
0.187530
0.282549
0.259280
0.301924
0.346452
0.393593
0.380455
0.248440
0.301749
0.274747
0.228526
0.237295
0.136837
0.046912
0.045150
0.064092
0.044599
0.045072
0.044030
0.052927
0.035295
0.046351
0.038966
0.078046
0.065399
0.053090
0.054955
0.052585
0.050230
0.050856
0.053646
0.052718
0.053069
0.055284
0.055709
0.054345
0.060443
0.052163
0.051655
0.077767
0.044753
0.045179
0.051470
0.063913
0.052002
0.052933
0.054908
0.048180
0.052639
0.052227
0.186451
0.235519
0.369110
0.363248
0.201746
0.086505
0.085862
0.046270
0.058854
0.044034
0.044175
0.056425
0.124209
0.127155
0.248381
0.042794
0.448729
0.287916
0.310790
0.285820
0.226606
0.051104
0.229112
0.491065
0.226477
0.233204
0.248402
0.284511
0.076077
0.400830
0.229495
0.283050
0.166206
0.281558
0.083972
0.693916
0.393198
0.326205
0.326728
0.230386
0.081952
0.486604
0.237941
0.051884
0.360195
0.218493
0.200979
0.064799
0.553500
0.064712
0.212872
0.537899
0.409915
0.453899
0.098905
0.448888
0.288816
0.052180
0.053105
0.048426
0.045790
0.062733
0.098757
0.043604
0.213712
0.201310
0.500829
0.426940
0.351149
0.633826
0.362352
0.606774
0.096297
0.048624
0.045624
0.214869
0.191144
0.169981
0.203111
0.101655
0.192209
0.075495
0.061001
0.204924
0.324337
0.276362
0.302332
0.328945
0.273999
0.347013
0.339918
0.322990
0.064029
0.154615
0.239583
0.110748
0.045157
0.304291
0.198533
0.263168
0.113809
0.547334
0.480773
0.519196
0.221788
0.224454
0.339201
0.324639
0.397807
0.335908
0.320956
0.190337
0.375745
0.489667
0.108275
0.046876
0.041554
0.094553
0.072024
0.142661
0.042511
0.136489
0.123213
0.089309
0.306983
0.192012
0.045118
0.418860
0.377916
0.086379
0.069452
0.396459
0.427112
0.352791
0.377158
0.318303
0.397130
0.293512
0.151738
0.275772
0.155127
0.281242
0.242964
0.326199
0.254164
0.346679
0.479999
0.321664
0.348083
0.238075
0.246130
0.308788
0.135630
0.086529
0.459525
0.209317
0.287540
0.048417
0.064396
0.064599
0.526693
0.068697
0.205781
0.143411
0.313618
0.429766
0.322998
0.368681
0.238346
0.274472
0.214071
0.234092
0.242770
0.501770
0.058946
0.667049
0.347096
0.245613
0.563802
0.434451
0.359490
0.464096
0.213033
0.234599
0.213492
0.361388
0.419879
0.144977
0.249986
0.247063
0.609114
0.456256
0.292762
0.164617
0.076828
0.456415
0.041664
0.509386
0.232377
0.252360
0.294925
0.077035
0.171709
0.139291
0.134288
0.087048
0.183027
0.060582
0.352684
0.057706
0.206415
0.045772
0.144257
0.582939
0.257235
0.066871
0.302475
0.103173
0.356321
0.222624
0.249030
0.215492
0.235024
0.242945
0.218037
0.047601
0.199048
0.338270
0.047784
0.348947
0.046383
0.262120
0.196059
0.423319
0.338562
0.043713
0.286729
0.257295
0.512725
0.044273
0.370532
0.228142
0.050534
0.197266
0.334285
0.420502
0.262230
0.105869
0.352782
0.050662
0.293184
0.046610
0.309966
0.218802
0.058186
0.124542
0.154569
0.043460
0.115148
0.040988
0.440013
0.196044
0.281013
0.265748
0.381573
0.409181
0.448196
0.240218
0.251934
0.319124
0.087938
0.360721
0.051229
0.337086
0.514092
0.051514
0.467422
0.055430
0.401926
0.585531
0.470274
0.155039
0.468922
0.494956
0.055094
0.681494
0.053302
0.441415
0.335150
0.065546
0.243501
0.180933
0.331171
0.366756
0.246340
0.243173
0.071727
0.168552
0.064925
0.087251
0.370477
0.095026
0.441864
0.072386
0.305565
0.342700
0.245123
0.055034
0.456935
0.060610
0.198395
0.174414
0.051877
0.204393
0.291934
0.238517
0.291359
0.066156
0.512598
0.285614
0.379967
0.110629
0.096445
0.258580
0.202014
0.297518
0.044009
0.071180
0.069084
0.152143
0.144254
0.132535
0.378281
0.071339
0.578716
0.369118
0.329949
0.243649
0.083873
0.156102
0.054323
0.124312
0.309051
0.595772
0.422341
0.313479
0.356133
0.422534
0.331414
0.327152
0.252433
0.066664
0.310863
0.302815
0.106185
0.320340
0.366717
0.226270
0.053031
0.213487
0.168520
0.104475
0.035282
0.080193
0.299242
0.386595
0.391086
0.232240
0.286996
0.372535
0.311531
0.242264
0.051162
0.498359
0.342600
0.473857
0.156248
0.045290
0.049592
0.057474
0.396817
0.136111
0.232316
0.115490
0.563797
0.250517
0.206511
0.253412
0.377351
0.278654
0.249485
0.242610
0.242173
0.055267
0.348910
0.356517
0.093838
0.155031
0.470587
0.254833
0.264644
0.284519
0.079048
0.739376
0.057929
0.539193
0.290495
0.418841
0.259673
0.279284
0.231790
0.267929
0.052759
0.514114
0.241929
0.060987
0.489376
0.235907
0.197518
0.254271
0.256333
0.268499
0.333298
0.223953
0.231102
0.269014
0.280502
0.042421
0.042803
0.306096
0.374042
0.352949
0.122091
0.347599
0.047268
0.043115
0.043126
0.272682
0.269565
0.240968
0.209105
0.228811
0.214167
0.223977
0.048138
0.460589
0.081728
0.440295
0.436199
0.220295
0.392701
0.396614
0.255347
0.420974
0.281548
0.229557
0.327853
0.270425
0.543993
0.490849
0.119737
0.367055
0.398916
0.389814
0.478387
0.324137
0.210321
0.169887
0.225597
0.241590
0.233315
0.090138
0.091789
0.455378
0.369615
0.398328
0.338748
0.312007
0.305760
0.420784
0.209533
0.213426
0.054618
0.216343
0.075035
0.638550
0.430513
0.478154
0.356168
0.049179
0.335317
0.195074
0.262362
0.134989
0.259332
0.349163
0.047217
0.110248
0.052749
0.064570
0.073925
0.043894
0.209765
0.049548
0.072637
0.179280
0.344142
0.217003
0.208572
0.222084
0.293945
0.392896
0.381057
0.369945
0.291810
0.301603
0.258357
0.325311
0.288502
0.241024
0.266557
0.224419
0.231859
0.232576
0.049399
0.276764
0.362527
0.047110
0.116839
0.129970
0.215382
0.256428
0.228560
0.413783
0.274405
0.047978
0.043128
0.124000
0.060935
0.416759
0.293813
0.285191
0.311046
0.301874
0.352359
0.276706
0.334339
0.276051
0.421725
0.245603
0.064205
0.054873
0.057113
0.060223
0.042600
0.044708
0.177332
0.097855
0.183052
0.109476
0.226629
0.045377
0.116699
0.151488
0.049413
0.391307
0.137986
0.118545
0.094437
0.069061
0.625970
0.292046
0.221859
0.159731
0.152377
0.065593
0.119202
0.098938
0.083543
0.197261
0.070972
0.117502
0.629101
0.072473
0.400070
0.057707
0.377217
0.209883
0.424526
0.293391
0.302455
0.056552
0.221592
0.377375
0.224499
0.198713
0.060686
0.043352
0.160074
0.507152
0.100841
0.398257
0.074638
0.419267
0.066493
0.222320
0.048010
0.223918
0.150223
0.105189
0.188779
0.350181
0.369473
0.313636
0.242345
0.333314
0.263450
0.327630
0.312992
0.264723
0.042869
0.361922
0.277384
0.239697
0.389422
0.309887
0.253973
0.288133
0.362908
0.208764
0.211354
0.051588
0.410742
0.432186
0.282682
0.428505
0.091368
0.520046
0.059339
0.116983
0.049525
0.381381
0.067468
0.096512
0.307700
0.050935
0.164307
0.045370
0.176709
0.043006
0.045599
0.155046
0.056627
0.057284
0.046835
0.046345
0.045439
0.048497
0.052604
0.054819
0.096609
0.152962
0.050498
0.059228
0.055678
0.218748
0.085835
0.312258
0.140645
0.102071
0.181706
0.196504
0.178703
0.043885
0.256543
0.293302
0.221786
0.112834
0.241909
0.249929
0.324674
0.081365
0.421294
0.270179
0.273288
0.318265
0.246880
0.197598
0.306112
0.325259
0.328357
0.282381
0.048553
0.545864
0.178892
0.102564
0.184848
0.049718
0.055692
0.207068
0.165021
0.475562
0.266253
0.246854
0.203894
0.381570
0.052484
0.079047
0.043359
0.129654
0.057180
0.065389
0.100688
0.138664
0.046532
0.260877
0.494682
0.271066
0.044250
0.198521
0.219435
0.426877
0.236411
0.277239
0.271274
0.175496
0.046858
0.364264
0.145679
0.043458
0.059352
0.043261
0.205394
0.264879
0.050216
0.149690
0.175118
0.380117
0.281248
0.177768
0.061703
0.317561
0.246335
0.321499
0.059668
0.274541
0.365713
0.272290
0.053467
0.059905
0.049602
0.047585
0.536681
0.171277
0.600365
0.069971
0.269442
0.048929
0.047901
0.055490
0.386649
0.206983
0.364350
0.296076
0.229564
0.050122
0.263268
0.395266
0.334326
0.257657
0.190928
0.045350
0.168352
0.040823
0.229302
0.311566
0.073026
0.282495
0.403137
0.099166
0.158092
0.198755
0.257178
0.189625
0.311514
0.341053
0.417176
0.195662
0.081743
0.336484
0.211335
0.188836
0.321674
0.237893
0.055240
0.096591
0.301515
0.474988
0.351709
0.289574
0.439966
0.376594
0.411908
0.442624
0.245870
0.088321
0.050281
0.227786
0.320128
0.314745
0.285314
0.395620
0.236425
0.057426
0.043318
0.078367
0.130800
0.133921
0.061488
0.056357
0.045928
0.042640
0.052735
0.131589
0.056457
0.061942
0.052029
0.048216
0.388920
0.112177
0.270062
0.338879
0.341134
0.356550
0.269518
0.271443
0.152144
0.362072
0.063346
0.102300
0.142353
0.209464
0.332128
0.084880
0.136834
0.226270
0.051082
0.268633
0.240445
0.234850
0.206226
0.177409
0.265939
0.220090
0.249050
0.249679
0.226084
0.269331
0.063790
0.172450
0.046087
0.035131
0.136281
0.055086
0.043287
0.052926
0.053684
0.050715
0.049320
0.066620
0.176706
0.232792
0.421843
0.228858
0.289241
0.330194
0.316886
0.075714
0.124877
0.439857
0.314377
0.391680
0.296723
0.180792
0.360399
0.249571
0.424488
0.039840
0.250421
0.039281
0.043158
0.043994
0.045027
0.397613
0.071790
0.341795
0.335669
0.077144
0.505379
0.238337
0.053183
0.458335
0.164749
0.041264
0.041743
0.047344
0.041998
0.048988
0.043231
0.052988
0.104310
0.054904
0.042814
0.044436
0.040597
0.040776
0.040706
0.055934
0.040905
0.056461
0.043444
0.053688
0.126375
0.053332
0.046778
0.042136
0.143304
0.044261
0.055068
0.148202
0.044319
0.082333
0.111855
0.049856
0.118770
0.047733
0.145825
0.071485
0.093325
0.042209
0.042763
0.042512
0.059413
0.177681
0.178477
0.149057
0.410765
0.232553
0.045094
0.316568
0.046287
0.219899
0.217867
0.343760
0.226364
0.215415
0.374579
0.278089
0.349427
0.167614
0.333436
0.201824
0.206730
0.375900
0.268508
0.278897
0.234804
0.292884
0.264882
0.238352
0.236383
0.363191
0.043947
0.665282
0.109774
0.044104
0.050684
0.084397
0.249225
0.151591
0.257566
0.049281
0.043184
0.131154
0.104189
0.046282
0.321471
0.123456
0.263842
0.198357
0.249467
0.302792
0.304614
0.322662
0.419787
0.053554
0.470928
0.331806
0.098181
0.118705
0.275362
0.552020
0.117647
0.225888
0.168604
0.047487
0.175456
0.232479
0.068088
0.326216
0.117824
0.074452
0.227328
0.117352
0.269890
0.054843
0.210960
0.066232
0.149902
0.124736
0.069304
0.182698
0.054301
0.132377
0.170310
0.135619
0.474165
0.291956
0.111668
0.160928
0.364148
0.233454
0.240262
0.231872
0.240197
0.228360
0.107834
0.286424
0.049709
0.143314
0.171130
0.107472
0.199105
0.379920
0.227573
0.222238
0.061716
0.120478
0.252907
0.148860
0.122197
0.191110
0.102252
0.364785
0.253149
0.345119
0.053865
0.171512
0.368787
0.136175
0.606648
0.308975
0.110875
0.089896
0.118503
0.499204
0.095631
0.151792
0.092766
0.128696
0.120378
0.330817
0.355742
0.265496
0.279827
0.243753
0.210346
0.342122
0.051388
0.186307
0.240819
0.283106
0.046846
0.044842
0.135280
0.096785
0.054353
0.043128
0.049379
0.063149
0.157736
0.298175
0.084448
0.616710
0.294219
0.077509
0.043747
0.045426
0.044673
0.045866
0.044367
0.284053
0.048159
0.448868
0.241486
0.051744
0.330114
0.087636
0.209722
0.111503
0.108561
0.054089
0.053878
0.054409
0.239844
0.519786
0.282431
0.107094
0.141114
0.282748
0.363450
0.406103
0.291848
0.213838
0.255483
0.332652
0.307337
0.282521
0.229205
0.266389
0.236676
0.284176
0.300286
0.237341
0.209009
0.372022
0.230135
0.316736
0.061241
0.199583
0.227133
0.322640
0.222268
0.234718
0.184177
0.208207
0.344220
0.288796
0.315758
0.280867
0.082308
0.048084
0.043329
0.043441
0.070215
0.115885
0.116137
0.344341
0.199258
0.044070
0.121217
0.149295
0.042078
0.043699
0.118352
0.157884
0.181112
0.244518
0.102419
0.546528
0.073937
0.405222
0.348344
0.071923
0.102344
0.496913
0.059477
0.373500
0.344227
0.212213
0.244966
0.283070
0.261964
0.312300
0.245275
0.223043
0.224657
0.050279
0.096623
0.131874
0.062067
0.396594
0.052629
0.096966
0.056849
0.051704
0.052819
0.140011
0.065428
0.091851
0.059168
0.058263
0.104291
0.115804
0.106255
0.149491
0.184970
0.050711
0.065682
0.065514
0.052255
0.067926
0.059024
0.045405
0.053507
0.043799
0.048493
0.045370
0.057845
0.051130
0.112006
0.129546
0.239092
0.249648
0.227272
0.085858
0.333794
0.299982
0.216456
0.244977
0.236260
0.224113
0.204828
0.050965
0.456809
0.267286
0.246059
0.371817
0.207020
0.151593
0.064067
0.176667
0.230728
0.321447
0.096561
0.337759
0.354315
0.317485
0.319721
0.389964
0.351382
0.332001
0.305331
0.307430
0.310769
0.165489
0.280520
0.285213
0.247043
0.234220
0.218663
0.215906
0.238711
0.167235
0.086805
0.229761
0.233725
0.156419
0.277993
0.320123
0.274899
0.454895
0.049494
0.043058
0.044396
0.328485
0.052303
0.341547
0.141387
0.049887
0.286101
0.069489
0.436098
0.064177
0.335962
0.323108
0.062615
0.456298
0.174455
0.047600
0.220823
0.258469
0.048060
0.368922
0.304902
0.063633
0.488708
0.275703
0.293154
0.350290
0.278995
0.138351
0.151134
0.179146
0.183158
0.058131
0.180723
0.359468
0.443261
0.242765
0.186507
0.057371
0.051915
0.050894
0.134725
0.046259
0.065637
0.107231
0.232234
0.180923
0.279659
0.321656
0.321706
0.262497
0.235059
0.292173
0.197028
0.043056
0.117924
0.049353
0.084742
0.055032
0.054094
0.050183
0.051159
0.050988
0.048515
0.083899
0.043154
0.041990
0.042916
0.041714
0.042492
0.227566
0.232750
0.263454
0.336844
0.311270
0.234049
0.233055
0.331288
0.185240
0.237640
0.250189
0.179596
0.212191
0.244758
0.271297
0.394163
0.181764
0.293526
0.345965
0.277782
0.230505
0.247637
0.272291
0.278123
0.293341
0.261775
0.042410
0.042727
0.052760
0.042643
0.047189
0.043201
0.321919
0.355568
0.272533
0.331167
0.303720
0.338234
0.328321
0.328275
0.269001
0.179318
0.153660
0.040879
0.048805
0.041691
0.049105
0.044383
0.043094
0.042080
0.043577
0.042887
0.062121
0.045848
0.073533
0.040993
0.036709
0.040750
0.076486
0.045470
0.058168
0.048439
0.044336
0.044849
0.041272
0.040988
0.045597
0.041779
0.042124
0.041579
0.042871
0.070503
0.110214
0.058329
0.042135
0.043541
0.041796
0.343001
0.136576
0.469440
0.252600
0.266984
0.229243
0.258344
0.257036
0.169794
0.098957
0.091357
0.090230
0.089704
0.095955
0.089582
0.108567
0.119502
0.114309
0.072840
0.165274
0.072950
0.164091
0.180655
0.146271
0.155252
0.148745
0.050914
0.159027
0.129475
0.267302
0.167632
0.310180
0.067180
0.500152
0.199952
0.050598
0.317058
0.317507
0.053215
0.214695
0.203683
0.292609
0.315635
0.245072
0.326076
0.258991
0.308486
0.310577
0.322819
0.209123
0.055490
0.413393
0.258007
0.272119
0.276007
0.096724
0.298051
0.350163
0.078052
0.042413
0.043710
0.362382
0.057086
0.193054
0.192750
0.231948
0.266167
0.240641
0.274511
0.059692
0.360951
0.067353
0.207539
0.161007
0.117298
0.137286
0.121953
0.049486
0.043762
0.146808
0.206654
0.216445
0.219528
0.242582
0.222968
0.237158
0.250585
0.249415
0.137321
0.070274
0.201009
0.096658
0.132910
0.186385
0.091216
0.052415
0.061144
0.097018
0.054097
0.047095
0.115619
0.115254
0.274840
0.175795
0.197747
0.274063
0.188746
0.214329
0.152906
0.208654
0.092921
0.061719
0.044570
0.039722
0.038837
0.103115
0.048098
0.047444
0.046742
0.051965
0.059957
0.071913
0.106909
0.148669
0.164232
0.082937
0.069220
0.086826
0.083275
0.178721
0.061754
0.325950
0.062961
0.442819
0.289704
0.069551
0.143780
0.050943
0.084937
0.409204
0.072094
0.422639
0.141195
0.245095
0.207410
0.227375
0.254336
0.213548
0.151166
0.185247
0.212970
0.173939
0.200917
0.050972
0.294545
0.045573
0.287647
0.223583
0.240368
0.046659
0.209620
0.065490
0.264314
0.190058
0.211541
0.226520
0.126644
0.209132
0.225517
0.219364
0.046255
0.043937
0.049336
0.043632
0.082127
0.085826
0.168287
0.194367
0.060961
0.184043
0.042851
0.043052
0.042650
0.042237
0.043426
0.043853
0.046072
0.095172
0.129454
0.111810
0.138687
0.070663
0.083897
0.033655
0.039990
0.045099
0.044065
0.042119
0.043571
0.042883
0.042684
0.049152
0.047350
0.043280
0.041353
