2.411613
1.155161
0.045224
0.050044
0.073145
0.070400
0.154762
0.493038
0.080818
0.577586
0.442538
0.390763
0.309432
0.323719
0.157302
0.142367
0.059970
0.052583
0.178746
0.051737
0.157035
0.154246
0.050934
0.218602
0.226761
0.275955
0.292587
0.234510
0.284146
0.053358
0.389038
0.237290
0.238398
0.210376
0.321955
0.383227
0.064353
0.475286
0.257968
0.247401
0.237563
0.053535
0.635874
0.278496
0.326528
0.289531
0.436293
0.190240
0.041635
0.064838
0.059045
0.044216
0.041802
0.049234
0.243315
0.412128
0.106070
0.414475
0.214019
0.342056
0.316910
0.389853
0.305063
0.547536
0.337473
0.068499
0.304175
0.390981
0.131160
0.289485
0.511822
0.399442
0.264860
0.110198
0.236364
0.042978
0.262668
0.391241
0.437123
0.498745
0.275997
0.425783
0.235442
0.251427
0.229095
0.218252
0.215821
0.077833
0.388243
0.230047
0.061810
0.087220
0.160871
0.114706
0.519992
0.261774
0.397480
0.187606
0.231354
0.051910
0.204710
0.102111
0.071370
0.068162
0.133284
0.182751
0.046853
0.335484
0.216894
0.235026
0.232906
0.231805
0.255906
0.245228
0.179861
0.048100
0.056658
0.344346
0.045233
0.385560
0.258009
0.070927
0.236896
0.059895
0.211964
0.319896
0.773611
0.406843
0.297188
0.376290
0.051898
0.048828
0.514807
0.226403
0.226674
0.655081
0.105629
0.044343
0.046129
0.046539
0.173730
0.093974
0.047866
0.061265
0.433306
0.363603
0.338834
0.075366
0.520530
0.351970
0.314387
0.257430
0.184911
0.253092
0.253008
0.046417
0.512701
0.299706
0.239515
0.352082
0.094646
0.521628
0.369404
0.468014
0.064717
0.632550
0.407893
0.461152
0.305449
0.431074
0.415286
0.384736
0.069267
0.357930
0.063934
0.261932
0.045598
0.353070
0.397548
0.260587
0.242137
0.256721
0.262471
0.181087
0.295867
0.210768
0.278302
0.284402
0.272133
0.163273
0.049710
0.048762
0.445189
0.173412
0.282610
0.433866
0.218416
0.565225
0.346672
0.181006
0.403150
0.305728
0.050126
0.211473
0.165367
0.419408
0.088263
0.289472
0.439550
0.051583
0.429135
0.298505
0.047856
0.043129
0.115511
0.073076
0.086365
0.048975
0.042536
0.057919
0.041628
0.176733
0.086222
0.049197
0.154812
0.487552
0.355395
0.418862
0.287211
0.170082
0.168265
0.212435
0.274824
0.100955
0.470138
0.065131
0.118987
0.045565
0.184771
0.050613
0.542748
0.205923
0.525497
0.552131
0.463623
0.081851
0.089666
0.230576
0.316663
0.404222
0.355379
0.240114
0.050386
0.064936
0.257527
0.052414
0.044239
0.278740
0.050457
0.058848
0.578427
0.384361
0.144065
0.080785
0.207813
0.158746
0.095584
0.043788
0.048924
0.049395
0.054453
0.238692
0.646619
0.326301
0.241368
0.193984
0.244883
0.478457
0.044825
0.268991
0.262485
0.366759
0.367673
0.549174
0.247622
0.174689
0.249784
0.164914
0.222699
0.262625
0.091165
0.474636
0.047308
0.255122
0.338099
0.064654
0.454417
0.285074
0.249531
0.452722
0.245204
0.429363
0.389037
0.356701
0.249218
0.277237
0.248766
0.258556
0.050400
0.432095
0.483898
0.292471
0.309090
0.445844
0.060286
0.249346
0.266619
0.267436
0.268563
0.322146
0.267004
0.216862
0.229903
0.093765
0.236468
0.319926
0.311965
0.341072
0.267051
0.240719
0.230931
0.204101
0.272953
0.229395
0.048886
0.346078
0.184423
0.062685
0.079294
0.259162
0.084429
0.264648
0.419931
0.458629
0.048150
0.431363
0.248217
0.248738
0.284134
0.307024
0.269332
0.259777
0.049471
0.360785
0.318166
0.321405
0.234152
0.185611
0.040820
0.064475
0.045132
0.128465
0.173531
0.129949
0.079869
0.109829
0.043324
0.212269
0.303392
0.084007
0.046747
0.068173
0.302597
0.244771
0.274403
0.293660
0.218532
0.235249
0.052368
0.040441
0.178636
0.208543
0.062502
0.384313
0.061356
0.661402
0.228996
0.287903
0.334769
0.366951
0.305224
0.049591
0.384315
0.247073
0.298987
0.292137
0.290864
0.299474
0.388816
0.283448
0.565333
0.140617
0.319028
0.145315
0.410755
0.251296
0.261515
0.292292
0.284816
0.274693
0.237838
0.476902
0.527617
0.305336
0.093006
0.069742
0.041804
0.174203
0.300896
0.280146
0.149321
0.137060
0.448031
0.179808
0.046365
0.074608
0.047297
0.243327
0.252129
0.318092
0.183117
0.401682
0.539526
0.390295
0.042674
0.092778
0.060778
0.064823
0.090778
0.088160
0.075671
0.059662
0.086108
0.059613
0.043856
0.045030
0.049258
0.042116
0.066467
0.245908
0.210444
0.294378
0.077603
0.202593
0.196787
0.042087
0.045168
0.046842
0.211897
0.047063
0.055884
0.046336
0.044969
0.059301
0.168113
0.225586
0.242419
0.298476
0.327627
0.115418
0.182397
0.523024
0.043025
0.132540
0.042934
0.043452
0.041016
0.057604
0.067036
0.479616
0.083324
0.136051
0.279407
0.088096
0.044527
0.074038
0.050358
0.365740
0.394264
0.060323
0.419785
0.489761
0.606461
0.472184
0.397026
0.352901
0.186681
0.255332
0.529538
0.328967
0.430275
0.254147
0.077279
0.326316
0.214652
0.354837
0.051642
0.383013
0.371595
0.410159
0.087316
0.053233
0.045685
0.453670
0.049174
0.059941
0.053514
0.053426
0.045835
0.053969
0.045283
0.282654
0.069971
0.224019
0.652593
0.289711
0.084890
0.761069
0.404831
0.052719
0.374818
0.061532
0.416695
0.404368
0.401527
0.302584
0.216571
0.570905
0.605076
0.064893
0.700216
0.165597
0.068372
0.085413
0.292610
0.441488
0.336035
0.084751
0.252167
0.047957
0.339249
0.206001
0.407569
0.212898
0.296214
0.330784
0.380637
0.374523
0.194194
0.047567
0.043811
0.345343
0.417146
0.375655
0.063281
0.664263
0.053317
0.041913
0.052184
0.054448
0.090551
0.148833
0.054710
0.079792
0.388473
0.321842
0.577998
0.296256
0.320344
0.228153
0.307899
0.293673
0.263783
0.089433
0.344861
0.336124
0.071108
0.381910
0.529519
0.093485
0.079350
0.133661
0.225065
0.140919
0.251453
0.273840
0.116158
0.250544
0.255666
0.192890
0.278360
0.279930
0.287821
0.074481
0.281128
0.391063
0.292460
0.042170
0.448365
0.232795
0.184054
0.263249
0.047148
0.132098
0.228973
0.044155
0.158406
0.506562
0.257330
0.085078
0.045802
0.199222
0.498645
0.478841
0.324664
0.050469
0.296898
0.256150
0.314034
0.044959
0.288948
0.232788
0.286759
0.372435
0.057771
0.058748
0.410202
0.253783
0.082047
0.348788
0.046586
0.302762
0.305604
0.510023
0.468705
0.104626
0.719634
0.281818
0.272757
0.312260
0.329562
0.298029
0.237268
0.446459
0.086187
0.262061
0.568398
0.327660
0.267616
0.066662
0.484646
0.266263
0.252904
0.259955
0.240266
0.048301
0.420131
0.350809
0.234898
0.350342
0.268695
0.060783
0.415478
0.344547
0.287071
0.360913
0.396307
0.319679
0.349289
0.325558
0.258986
0.235104
0.254524
0.230891
0.137682
0.310090
0.197511
0.068337
0.388552
0.263186
0.311338
0.253248
0.054092
0.272070
0.304541
0.278592
0.269340
0.715375
0.438521
0.493800
0.391629
0.048332
0.611191
0.070301
0.271498
0.452809
0.459480
0.474107
0.443357
0.275927
0.235453
0.317579
0.367496
0.398273
0.334339
0.440617
0.411058
0.100900
0.428095
0.070905
0.197246
0.297925
0.244290
0.214953
0.375435
0.455909
0.474370
0.082283
0.362777
0.190837
0.468352
0.606810
0.367706
0.514655
0.336730
0.375176
0.245291
0.237110
0.228728
0.045447
0.276719
0.062199
0.276281
0.162266
0.238660
0.264432
0.307683
0.047415
0.144474
0.175070
0.431813
0.068456
0.396211
0.217005
0.089118
0.152899
0.176464
0.292416
0.071791
0.349405
0.047681
0.336737
0.230803
0.270428
0.353663
0.580540
0.543896
0.390451
0.330223
0.246042
0.311655
0.409768
0.352121
0.409938
0.400217
0.453206
0.448714
0.446493
0.430093
0.254748
0.283621
0.359981
0.306315
0.219759
0.168726
0.093915
0.607957
0.182897
0.272765
0.135634
0.516809
0.271109
0.256385
0.256641
0.221306
0.051252
0.580863
0.356603
0.328434
0.249359
0.376026
0.245507
0.088113
0.042826
0.057338
0.040671
0.050007
0.046018
0.061837
0.046198
0.046925
0.048109
0.042005
0.049208
0.057379
0.050662
0.121578
0.075046
0.352220
0.067105
0.064219
0.308800
0.226878
0.213044
0.331674
0.051563
0.674585
0.462254
0.117827
0.049743
0.419652
0.297712
0.259901
0.298932
0.326013
0.288756
0.124092
0.446139
0.165001
0.069357
0.053851
0.438825
0.153636
0.043381
0.050896
0.096696
0.202026
0.384395
0.320224
0.228318
0.329551
0.285937
0.353710
0.530950
0.358956
0.272310
0.236032
0.043732
0.048181
0.142891
0.186439
0.359618
0.403972
0.246221
0.322615
0.400314
0.297529
0.131818
0.050911
0.050326
0.053949
0.049388
0.055850
0.052675
0.051465
0.053023
0.221876
0.052724
0.594013
0.061980
0.179634
0.058345
0.061401
0.045415
0.154398
0.201494
0.055931
0.221439
0.181938
0.186559
0.240871
0.289631
0.184479
0.154029
0.446798
0.294822
0.393527
0.062580
0.267023
0.501741
0.411016
0.344074
0.342894
0.139528
0.467973
0.090078
0.043506
0.243035
0.116668
0.283177
0.265476
0.253476
0.248501
0.170360
0.338206
0.077524
0.321828
0.841567
0.477042
0.394876
0.273161
0.299990
0.326589
0.328620
0.216308
0.222050
0.234518
0.327100
0.367753
0.366107
0.079940
0.271511
0.251429
0.275684
0.078102
0.411887
0.058486
0.422156
0.064083
0.408539
0.104289
0.391056
0.104192
0.345593
0.206172
0.234889
0.214631
0.050543
0.137075
0.046000
0.045167
0.043301
0.054582
0.060880
0.224302
0.210342
0.256096
0.405101
0.333867
0.356090
0.402590
0.368786
0.322117
0.232921
0.165055
0.084909
0.324586
0.487253
0.257333
0.325018
0.238135
0.247002
0.240875
0.216932
0.230895
0.138394
0.265427
0.351830
0.370402
0.432167
0.238684
0.332354
0.395005
0.064367
0.538453
0.397373
0.352074
0.082720
0.501573
0.258676
0.281762
0.124981
0.191206
0.080051
0.404996
0.231063
0.308326
0.244370
0.286297
0.271707
0.471010
0.239876
0.239585
0.234923
0.150681
0.142234
0.043025
0.300538
0.503199
0.460516
0.247821
0.464822
0.057654
0.539022
0.219625
0.073908
0.112841
0.390674
0.283793
0.052640
0.614342
0.392671
0.134967
0.416490
0.264650
0.311204
0.316457
0.168386
0.051324
0.047135
0.161716
0.328892
0.092996
0.069257
0.176052
0.094409
0.347261
0.369654
0.054362
0.094975
0.393934
0.050386
0.104402
0.143233
0.309571
0.051271
0.053053
0.054368
0.079063
0.315251
0.151047
0.053965
0.054362
0.102188
0.049237
0.146186
0.143718
0.133617
0.191636
0.074983
0.078787
0.080919
0.172294
0.056618
0.089591
0.049691
0.075060
0.216110
0.203389
0.204157
0.174880
0.560506
0.316876
0.374532
0.349062
0.247204
0.229697
0.229562
0.142056
0.031732
0.055124
0.179508
0.142924
0.051706
0.046279
0.431408
0.251507
0.378427
0.518167
0.308725
0.324784
0.266167
0.242684
0.254732
0.091796
0.047965
0.044048
0.065811
0.125433
0.095817
0.447313
0.312692
0.324234
0.258947
0.558355
0.352599
0.513054
0.138114
0.230024
0.288491
0.375960
0.316265
0.336055
0.326085
0.415649
0.544273
0.268096
0.298540
0.387341
0.091834
0.356387
0.085837
0.289199
0.240172
0.048989
0.094097
0.241205
0.049403
0.344296
0.261690
0.108114
0.250796
0.144266
0.041211
0.041578
0.045979
0.237291
0.264109
0.290875
0.271435
0.215274
0.078217
0.043653
0.155046
