0.004548
0.964005
0.021402
0.022102
0.017951
0.020675
0.020806
0.020578
0.027810
0.022445
0.022120
0.027360
0.031042
0.035136
0.032910
0.030487
0.023013
0.035336
0.036287
0.024839
0.037688
0.053583
0.033649
0.044000
0.045031
0.024150
0.041115
0.034347
0.032591
0.029811
0.038472
0.039842
0.043338
0.052617
0.036482
0.036482
0.041862
0.046461
0.043314
0.031172
0.049406
0.044288
0.043576
0.038946
0.042534
0.037130
0.027590
0.034080
0.027156
0.044091
0.029096
0.035721
0.024715
0.035056
0.027353
0.031146
0.052705
0.037297
0.031955
0.044587
0.034841
0.043659
0.040017
0.034277
0.028137
0.042308
0.043819
0.042390
0.042997
0.048892
0.031329
0.038965
0.035505
0.028646
0.038501
0.037513
0.041881
0.033776
0.037336
0.048206
0.039997
0.036268
0.041440
0.044287
0.038429
0.045454
0.047740
0.030155
0.033652
0.042753
0.041354
0.039637
0.040346
0.027525
0.034004
0.036953
0.032672
0.029667
0.033387
0.041071
0.024415
0.031648
0.038516
0.040986
0.044451
0.047242
0.042947
0.040109
0.041362
0.038406
0.040000
0.029910
0.045197
0.035074
0.044320
0.048903
0.053065
0.038946
0.042065
0.034870
0.040556
0.048798
0.050543
0.028493
0.044461
0.042245
0.046055
0.048148
0.038831
0.039379
0.036021
0.023862
0.038102
0.041783
0.041982
0.051237
0.038616
0.046723
0.048592
0.038817
0.038229
0.043150
0.031280
0.032830
0.037484
0.039792
0.034150
0.032319
0.031125
0.042643
0.046091
0.041988
0.044370
0.038045
0.043880
0.046332
0.047124
0.035866
0.046288
0.063249
0.036253
0.044783
0.037737
0.037229
0.045749
0.030968
0.034301
0.042541
0.032129
0.031547
0.030173
0.042334
0.046976
0.040313
0.031444
0.021462
0.039483
0.041474
0.034708
0.028515
0.039623
0.034839
0.031906
0.039505
0.035686
0.033721
0.034622
0.034003
0.028515
0.028584
0.039165
0.045422
0.030127
0.041374
0.022521
0.039101
0.035725
0.052060
0.042630
0.043782
0.044736
0.046118
0.040664
0.047503
0.038192
0.032173
0.041915
0.050429
0.035373
0.043874
0.043736
0.049916
0.043508
0.030171
0.041692
0.026983
0.030854
0.048724
0.050455
0.042162
0.038890
0.037728
0.045676
0.045412
0.047058
0.040899
0.035600
0.032181
0.033197
0.042432
0.050064
0.045434
0.039119
0.042792
0.040502
0.037998
0.045485
0.035962
0.034822
0.052647
0.035816
0.037699
0.039537
0.028557
0.040137
0.023544
0.043365
0.042186
0.039033
0.057026
0.046171
0.060072
0.057370
0.030643
0.037063
0.056318
0.049294
0.049015
0.040619
0.034131
0.031379
0.030583
0.041230
0.041946
0.047004
0.048733
0.051005
0.045365
0.042703
0.030471
0.030558
0.033600
0.044801
0.039353
0.038392
0.035301
0.032241
0.044848
0.045360
0.045475
0.045669
0.036495
0.046561
0.042848
0.038021
0.033143
0.028189
0.038155
0.039671
0.042909
0.032889
0.040778
0.047451
0.043050
0.039936
0.040334
0.046531
0.044392
0.038358
0.042839
0.034684
0.052190
0.048896
0.037735
0.049759
0.028058
0.048724
0.038945
0.036101
0.052989
0.038501
0.045710
0.040481
0.047410
0.053397
0.042171
0.032790
0.027974
0.031454
0.027435
0.042163
0.031983
0.039812
0.028132
0.041932
0.035133
0.039931
0.041297
0.040610
0.035683
0.028580
0.028610
0.035244
0.041586
0.035864
0.046822
0.040041
0.057021
0.049638
0.031068
0.038677
0.054243
0.045280
0.048916
0.046325
0.036670
0.023527
0.029849
0.035427
0.035643
0.030457
0.043248
0.040655
0.036227
0.043365
0.041782
0.039186
0.042366
0.033916
0.027788
0.038032
0.035669
0.040382
0.040463
0.039567
0.044077
0.033289
0.035479
0.037098
0.049624
0.034152
0.044108
0.035167
0.028182
0.033948
0.040422
0.042649
0.043752
0.055100
0.048586
0.051350
0.045583
0.045101
0.048103
0.036678
0.056020
0.028199
0.046544
0.047960
0.044791
0.044001
0.054690
0.037770
0.055203
0.028275
0.042831
0.042793
0.045015
0.043121
0.035337
0.037912
0.036419
0.035390
0.033047
0.031894
0.036015
0.042176
0.048302
0.039137
0.031195
0.039478
0.045413
0.036994
0.032892
0.039282
0.038411
0.039686
0.042152
0.039158
0.037372
0.040528
0.066107
0.045375
0.040325
0.040291
0.033330
0.036063
0.036049
0.031753
0.041568
0.036063
0.027707
0.045439
0.055687
0.038422
0.046403
0.044694
0.044851
0.048754
0.041208
0.049259
0.050798
0.031162
0.045288
0.040051
0.028380
0.037203
0.036139
0.036504
0.029215
0.030876
0.034322
0.034962
0.041413
0.032425
0.031826
0.027869
0.036511
0.035272
0.032725
0.049198
0.042921
0.039353
0.051783
0.038042
0.050170
0.049412
0.051030
0.056306
0.043710
0.043232
0.032271
0.034287
0.044702
0.043349
0.045953
0.036883
0.040242
0.044371
0.040704
0.033996
0.044811
0.031027
0.025951
0.042885
0.036372
0.042439
0.032773
0.034145
0.037903
0.044763
0.050974
0.046102
0.033009
0.039153
0.050151
0.045667
0.043563
0.048412
0.054466
0.045600
0.048008
0.049685
0.060179
0.029410
0.058126
0.060277
0.051226
0.049975
0.060989
0.067928
0.059253
0.054292
0.041743
0.048497
0.061274
0.043024
0.036183
0.036410
0.040474
0.050142
0.047866
0.050825
0.049264
0.052513
0.048196
0.042084
0.053392
0.044282
0.048742
0.045681
0.049928
0.041247
0.052504
0.046290
0.039382
0.045524
0.045905
0.045717
0.039509
0.055104
0.055940
0.049604
0.060242
0.038614
0.035588
0.035912
0.042799
0.042530
0.036051
0.035895
0.039591
0.035806
0.043158
0.048651
0.061847
0.053076
0.041752
0.045909
0.036571
0.046342
0.036199
0.041931
0.053807
0.050983
0.051759
0.050134
0.033492
0.053070
0.044656
0.043858
0.049159
0.048024
0.042233
0.039550
0.040302
0.054733
0.038618
0.049826
0.055239
0.061685
0.052866
0.037105
0.044784
0.052247
0.071915
0.059096
0.058477
0.080075
0.052507
0.056803
0.041809
0.047786
0.047393
0.036196
0.053048
0.043103
0.048522
0.051323
0.040745
0.047481
0.044259
0.037831
0.027370
0.041739
0.039608
0.055459
0.042932
0.044873
0.037505
0.043639
0.045817
0.074686
0.056437
0.042581
0.054825
0.058210
0.036864
0.046200
0.050748
0.055386
0.048717
0.042285
0.048466
0.033378
0.032160
0.045173
0.037612
0.054954
0.038648
0.030844
0.046766
0.054368
0.057212
0.053405
0.053807
0.046538
0.042198
0.045053
0.039816
0.048156
0.044309
0.026098
0.052794
0.040186
0.047444
0.049329
0.050180
0.051500
0.045178
0.043515
0.058006
0.050593
0.055723
0.049477
0.039007
0.043664
0.053546
0.038655
0.026305
0.029738
0.038110
0.047275
0.049242
0.045220
0.042493
0.033517
0.042053
0.044201
0.038657
0.053762
0.037217
0.024773
0.036140
0.041080
0.041985
0.039413
0.040655
0.045409
0.047869
0.047618
0.044907
0.043847
0.043075
0.050305
0.046360
0.041167
0.041780
0.032266
0.033832
0.042486
0.050282
0.037440
0.031639
0.038480
0.047291
0.046946
0.028180
0.024974
0.033549
0.043164
0.047793
0.037287
0.036334
0.051940
0.036695
0.043613
0.041238
0.035799
0.033964
0.027470
0.041878
0.047274
0.043272
0.042365
0.034503
0.043861
0.044384
0.023808
0.034675
0.045093
0.042419
0.030814
0.024226
0.034790
0.037513
0.043185
0.050045
0.044827
0.045769
0.038639
0.048673
0.033435
0.041153
0.040160
0.044381
0.038051
0.037678
0.030019
0.035426
0.030990
0.034626
0.034374
0.040175
0.046519
0.048294
0.047231
0.042163
0.032093
0.037316
0.033883
0.041656
0.042866
0.034322
0.050760
0.027124
0.053091
0.045631
0.033061
0.039600
0.034330
0.050519
0.051706
0.043540
0.057571
0.049468
0.045083
0.042911
0.047526
0.048011
0.049598
0.041147
0.046942
0.046726
0.047567
0.066113
0.052133
0.050748
0.043083
0.042074
0.036702
0.040807
0.056527
0.042689
0.043766
0.045396
0.035437
0.036311
0.044907
0.030554
0.034325
0.028667
0.036647
0.038203
0.036044
0.034089
0.041814
0.045432
0.039948
0.036557
0.046169
0.047009
0.042426
0.041391
0.048160
0.047305
0.024908
0.031514
0.037291
0.042759
0.049876
0.035296
0.026846
0.045219
0.047091
0.047414
0.035332
0.031400
0.041669
0.036618
0.036976
0.042004
0.048446
0.053664
0.046314
0.033784
0.042046
0.048564
0.044099
0.053397
0.048492
0.040033
0.045543
0.043971
0.029085
0.048971
0.044311
0.036519
0.042529
0.035300
0.043953
0.037432
0.036772
0.042462
0.043309
0.046970
0.038911
0.041633
0.045732
0.054509
0.040381
0.039499
0.046425
0.043765
0.053245
0.050873
0.059536
0.044096
0.056755
0.057168
0.043387
0.053458
0.049958
0.049624
0.054221
0.037692
0.034969
0.038594
0.044904
0.052471
0.027831
0.042487
0.044540
0.053728
0.039001
0.037789
0.044811
0.039810
0.035750
0.033648
0.041984
0.037266
0.036538
0.040266
0.033764
0.043614
0.049125
0.033400
0.043394
0.034486
0.042974
0.043650
0.038026
0.042552
0.038505
0.043249
0.026127
0.037440
0.035575
0.037930
0.036225
0.036320
0.031722
0.022109
0.031664
0.050099
0.042031
0.041875
0.045169
0.034044
0.034735
0.027206
0.034536
0.033189
0.021751
0.026156
0.035632
0.031375
0.041119
0.032671
0.034860
0.036072
0.038868
0.041193
0.036760
0.037347
0.039815
0.035841
0.040502
0.054227
0.039085
0.044935
0.051791
0.048993
0.036126
0.038329
0.048353
0.046736
0.049414
0.070219
0.056162
0.058239
0.044075
0.060231
0.050888
0.046335
0.060601
0.063808
0.054865
0.065231
0.045350
0.030843
0.034836
0.048241
0.044384
0.033430
0.038287
0.036354
0.056613
0.036694
0.046851
0.039011
0.046385
0.034789
0.057521
0.048350
0.052950
0.044846
0.055326
0.074130
0.057116
0.054766
0.046228
0.047561
0.049864
0.061360
0.053528
0.054683
0.054693
0.043622
0.044378
0.022680
0.046070
0.030164
0.038256
0.042039
0.045929
0.045031
0.047445
0.049972
0.059782
0.058411
0.051925
0.028488
0.051387
0.041473
0.051158
0.061006
0.056899
0.061957
0.047967
0.057111
0.071835
0.049326
0.047143
0.054843
0.059783
0.045095
0.059299
0.038549
0.043453
0.049215
0.063102
0.056635
0.041109
0.057487
0.040697
0.062911
0.050891
0.045614
0.038793
0.044065
0.043968
0.040326
0.042968
0.045609
0.033046
0.049975
0.046783
0.037927
0.025469
0.045895
0.031591
0.037389
0.040443
0.052715
0.046251
0.047553
0.042162
0.030347
0.041675
0.050267
0.035241
0.035450
0.036511
0.045952
0.043287
0.043700
0.048216
0.042304
0.032115
0.034641
0.037099
0.043499
0.038104
0.039554
0.040794
0.038690
0.045849
0.024728
0.027511
0.044827
0.048203
0.048249
0.037582
0.042713
0.036827
0.058148
0.037386
0.047836
0.051486
0.057340
0.030680
0.045151
0.047513
0.043197
0.030970
0.061894
0.042921
0.041842
0.052193
0.050266
0.048897
0.041083
0.044132
0.040001
0.035424
0.040267
0.046827
0.037461
0.049383
0.031327
0.039267
0.049879
0.050286
0.032358
0.037244
0.042118
0.044209
0.037634
0.042009
0.026171
0.043871
0.037101
0.044037
0.034270
0.036071
0.034492
0.034471
0.029116
0.046026
0.040075
0.040588
0.042698
0.042553
0.044249
0.045401
0.031543
0.032343
0.046039
0.042310
0.045418
0.044710
0.044263
0.042801
0.042991
0.038421
0.046676
0.040370
0.042063
0.049628
0.054448
0.044566
0.044787
0.038152
0.031461
0.062603
0.039371
0.032711
0.035747
0.031868
0.057920
0.050457
0.033559
0.033814
0.036444
0.060281
0.048160
0.032276
0.041491
0.044480
0.041511
0.045138
0.048935
0.039271
0.036319
0.030724
0.042435
0.038039
0.042594
0.041591
0.038176
0.037001
0.041793
0.043957
0.040239
0.042766
0.024639
0.035527
0.040077
0.038590
0.051507
0.051259
0.033494
0.034506
0.037497
0.045523
0.037628
0.044344
0.062579
0.029835
0.039663
0.032662
0.043693
0.045774
0.033297
0.039256
0.056846
0.032808
0.038995
0.030744
0.047588
0.040206
0.039463
0.036877
0.041754
0.022389
0.034330
0.042168
0.038355
0.030638
0.044764
0.046120
0.039266
0.050579
0.050107
0.046364
0.053126
0.032072
0.048211
0.062301
0.046295
0.055514
0.037356
0.043827
0.050097
0.038589
0.034066
0.060469
0.048695
0.047521
0.049783
0.037616
0.045860
0.045014
0.048393
0.045634
0.048767
0.047893
0.037021
0.044798
0.035048
0.031268
0.049833
0.054137
0.047136
0.027943
0.037520
0.030932
0.044992
0.031053
0.033116
0.040678
0.029319
0.045076
0.037384
0.038538
0.047340
0.062821
0.044343
0.052356
0.049476
0.057388
0.047299
0.058563
0.051468
0.059535
0.066662
0.062972
0.057446
0.077025
0.065777
0.068727
0.087917
0.055787
0.055365
0.055333
0.044909
0.054076
0.052464
0.041330
0.052054
0.049955
0.039369
0.047807
0.066966
0.052286
0.037680
0.053235
0.051669
0.056096
0.040623
0.047667
0.045614
0.050321
0.049499
0.060406
0.051550
0.048649
0.043726
0.039808
0.062068
0.048547
0.053943
0.058928
0.055344
0.051996
0.055891
0.043678
0.050511
0.048792
0.060056
0.033162
0.047340
0.055013
0.045296
0.042370
0.047333
0.068354
0.051033
0.049788
0.034428
0.034001
0.038800
0.051976
0.033086
0.053918
0.068487
0.060725
0.058989
0.041573
0.033176
0.047319
0.036280
0.052745
0.039733
0.050406
0.046115
0.046624
0.043021
0.056695
0.064759
0.048187
0.032737
0.047440
0.040552
0.054285
0.062135
0.050127
0.061286
0.050627
0.040420
0.053469
0.037405
0.050810
0.048194
0.074069
0.053787
0.037237
0.051575
0.046878
0.057353
0.052011
0.043808
0.043713
0.048581
0.060419
0.059589
0.044806
0.068126
0.079061
0.036788
0.037419
0.042847
0.056468
0.058094
0.058203
0.051526
0.090547
0.053217
0.062871
0.045419
0.049630
0.052260
0.057523
0.060314
0.051991
0.063337
0.049633
0.056143
0.056776
0.058994
0.057764
0.065488
0.063482
0.051888
0.061799
0.066782
0.069929
0.057624
0.034049
0.053887
0.042929
0.052545
0.056108
0.049222
0.047768
0.072451
0.055477
0.044432
0.039626
0.067229
0.045484
0.054688
0.057549
0.055448
0.040817
0.041081
0.050294
0.044924
0.046260
0.056635
0.046387
0.038109
0.042856
0.045128
0.053348
0.085516
0.062202
0.072115
0.077958
0.050314
0.041883
0.039079
0.048562
0.040163
0.057135
0.065844
0.040099
0.039795
0.050635
0.056597
0.065385
0.059457
0.050127
0.068038
0.073352
0.049968
0.053425
0.054209
0.046842
0.049759
0.049177
0.053467
0.055121
0.035884
0.046129
0.037375
0.035950
0.049566
0.049199
0.057832
0.051082
0.038693
0.053846
0.049937
0.050987
0.043372
0.049569
0.040029
0.036229
0.027385
0.054837
0.049277
0.047787
0.043483
0.031998
0.035003
0.040331
0.037569
0.044882
0.043528
0.046595
0.057680
0.055344
0.055637
0.047007
0.037065
0.047469
0.043388
0.070031
0.039231
0.036323
0.051565
0.038993
0.048559
0.036189
0.047799
0.039431
0.040368
0.031163
0.043624
0.029891
0.037195
0.024241
0.052453
0.046482
0.044623
0.048279
0.038382
0.048132
0.048912
0.040984
0.052748
0.040838
0.051309
0.048647
0.047022
0.043339
0.049603
0.043808
0.040485
0.055837
0.038108
0.043367
0.039089
0.056134
0.029269
0.033066
0.044583
0.058203
0.051762
0.035828
0.036756
0.048913
0.042620
0.034249
0.025368
0.051584
0.038505
0.051120
0.038953
0.045022
0.045590
0.028530
0.033225
0.033349
0.042316
0.049026
0.035437
0.024796
0.041338
0.041541
0.040088
0.036864
0.042135
0.054406
0.032767
0.036333
0.037189
0.035412
0.037069
0.041371
0.046821
0.040791
0.029734
0.042261
0.049338
0.043361
0.041397
0.042474
0.044335
0.035823
0.043774
0.033721
0.037972
0.040626
0.044231
0.029374
0.032303
0.044002
0.043243
0.043505
0.032176
0.053831
0.045623
0.045995
0.043514
0.048888
0.065577
0.035609
0.034737
0.027399
0.041467
0.033772
0.036183
0.053959
0.033627
0.036606
0.037439
0.039454
0.044572
0.051954
0.050008
0.041409
0.034396
0.059010
0.046577
0.041888
0.048465
0.033386
0.054320
0.041981
0.047493
0.027287
0.045868
0.033648
0.040506
0.045007
0.050797
0.040578
0.038981
0.045340
0.052300
0.039465
0.050872
0.045905
0.038716
0.034531
0.029355
0.044685
0.030672
0.040742
0.045989
0.041268
0.041944
0.039081
0.043268
0.033731
0.043410
0.045097
0.046729
0.041661
0.030131
0.036239
0.030572
0.029624
0.040754
0.034445
0.045591
0.041439
0.038514
0.030308
0.040751
0.038471
0.041303
0.047823
0.041366
0.036337
0.041222
0.036324
0.038105
0.025343
0.037808
0.040266
0.040965
0.040728
0.039169
0.047169
0.051119
0.041187
0.052526
0.041448
0.038870
0.053832
0.042701
0.048152
0.046998
0.045555
0.043197
0.040266
0.040473
0.043678
0.055695
0.043720
0.050724
0.050376
0.033128
0.042865
0.043533
0.040380
0.034783
0.033786
0.040962
0.045549
0.049650
0.041818
0.037737
0.043890
0.039939
0.045624
0.039839
0.045393
0.038946
0.039127
0.031653
0.042308
0.038553
0.039595
0.031972
0.038990
0.054995
0.047431
0.041634
0.033372
0.053081
0.051898
0.028752
0.037365
0.041823
0.034021
0.038851
0.033273
0.024318
0.047764
0.033817
0.038475
0.035164
0.040137
0.039210
0.039985
0.031255
0.030555
0.045178
0.041406
0.044807
0.044638
0.040237
0.051382
0.053667
0.052063
0.046005
0.048668
0.050525
0.035599
0.060552
0.047699
0.049488
0.051425
0.042337
0.056190
0.045872
0.033891
0.037580
0.042524
0.038486
0.040788
0.027461
0.041780
0.038924
0.043519
0.036273
0.048040
0.040694
0.047943
0.048263
0.044819
0.039840
0.042625
0.064675
0.046018
0.048970
0.044778
0.047236
0.047046
0.053187
0.035299
0.043039
0.031647
0.049063
0.044806
0.033166
0.026141
0.041327
0.042111
0.044471
0.043884
0.047198
0.039181
0.046761
0.039216
0.041473
0.034150
0.038989
0.037907
0.054357
0.048267
0.052561
0.039970
0.034866
0.040704
0.030919
0.030422
0.031686
0.044928
0.032322
0.040654
0.045010
0.056539
0.047498
0.038692
0.050569
0.045826
0.033793
0.042823
0.038446
0.039791
0.035349
0.034566
0.043513
0.047257
0.045054
0.068532
0.064878
0.070533
0.056592
0.058294
0.061090
0.071299
0.079592
0.086022
0.057648
0.070788
0.057496
0.068938
0.061254
0.040526
0.042938
0.048705
0.040015
0.042797
0.037167
0.041539
0.046264
0.040252
0.040423
0.030359
0.039564
0.040073
0.048267
0.035363
0.033802
0.049666
0.047408
0.039539
0.044268
0.033544
0.053709
0.053397
0.053293
0.043085
0.032300
0.043401
0.052052
0.037826
0.039105
0.038870
0.032230
0.038111
0.043576
0.048455
0.039614
0.036355
0.039324
0.043868
0.044394
0.044491
0.040031
0.049974
0.041778
0.047149
0.038905
0.040350
0.038342
0.051529
0.033386
0.037907
0.048351
0.039184
0.022671
0.043081
0.040261
0.042228
0.047224
0.054886
0.033527
0.049680
0.046107
0.047645
0.046902
0.046063
0.047151
0.051653
0.043230
0.023861
0.045870
0.031620
0.047228
0.033262
