0.003721
0.992974
0.028450
0.019218
0.028138
0.036917
0.040837
0.029119
0.032531
0.031317
0.060557
0.030576
0.042752
0.040781
0.034260
0.036617
0.041780
0.033260
0.026407
0.041731
0.046406
0.046250
0.040040
0.040424
0.029655
0.043982
0.044090
0.038093
0.032782
0.036129
0.042794
0.047380
0.035479
0.033472
0.042603
0.045343
0.036077
0.057397
0.046907
0.037753
0.024721
0.038725
0.043407
0.041033
0.043256
0.043216
0.033751
0.044591
0.038437
0.033627
0.049934
0.042619
0.023295
0.034435
0.035979
0.032104
0.033243
0.039783
0.033798
0.037695
0.048441
0.026696
0.044794
0.048697
0.042677
0.031180
0.032051
0.039514
0.047175
0.047998
0.044934
0.035885
0.052731
0.036090
0.046258
0.042317
0.045321
0.038763
0.050174
0.039903
0.018297
0.032045
0.033177
0.035935
0.040012
0.040394
0.050950
0.044341
0.039362
0.038198
0.034493
0.039253
0.030160
0.034761
0.046922
0.026682
0.033822
0.025155
0.033669
0.039279
0.042918
0.044684
0.030660
0.043440
0.026508
0.021324
0.031614
0.038440
0.031396
0.030202
0.045480
0.035657
0.044693
0.035028
0.033646
0.033881
0.037483
0.041754
0.030213
0.041586
0.042946
0.030870
0.041405
0.036088
0.040579
0.037520
0.041530
0.033250
0.031641
0.030085
0.040673
0.051010
0.033043
0.042684
0.036013
0.029041
0.030959
0.034987
0.045270
0.041358
0.025644
0.032538
0.039337
0.041864
0.051082
0.035056
0.035090
0.034896
0.029540
0.025834
0.036767
0.039186
0.041080
0.033544
0.028684
0.033580
0.034522
0.039303
0.036185
0.033498
0.030860
0.035628
0.052259
0.048771
0.053274
0.032111
0.039946
0.033982
0.052458
0.036606
0.033837
0.035882
0.039384
0.049392
0.044742
0.035064
0.038587
0.028278
0.049225
0.043895
0.052649
0.039929
0.050244
0.042908
0.056728
0.043838
0.048831
0.038587
0.037102
0.043034
0.031135
0.043189
0.045390
0.040249
0.023557
0.046124
0.039983
0.049507
0.050362
0.035623
0.042945
0.029158
0.041619
0.039836
0.030047
0.035525
0.031017
0.037312
0.031924
0.044337
0.037978
0.033334
0.031500
0.038151
0.037268
0.038992
0.035508
0.024952
0.061759
0.033213
0.044330
0.030532
0.041420
0.034923
0.043490
0.033077
0.030706
0.035318
0.046027
0.043648
0.032997
0.042845
0.039937
0.038487
0.051287
0.047078
0.033021
0.041224
0.041327
0.037168
0.030726
0.035312
0.038116
0.027109
0.040867
0.031981
0.036273
0.023349
0.036149
0.037344
0.025009
0.027460
0.040977
0.035786
0.036593
0.037102
0.035203
0.036558
0.040470
0.033622
0.036884
0.038926
0.037797
0.027220
0.041531
0.028299
0.040642
0.041949
0.033854
0.027943
0.034621
0.046749
0.044447
0.036514
0.035701
0.031492
0.024059
0.030594
0.041928
0.050842
0.034072
0.031478
0.032463
0.047350
0.039857
0.034216
0.038229
0.039979
0.053342
0.036340
0.048331
0.043260
0.055946
0.041229
0.036973
0.039472
0.035009
0.036489
0.035933
0.021523
0.027996
0.031751
0.039637
0.046806
0.030810
0.034655
0.054564
0.048003
0.033336
0.045799
0.035082
0.037673
0.037728
0.035755
0.044149
0.037693
0.031356
0.048482
0.047444
0.042701
0.042803
0.052131
0.046859
0.043179
0.038985
0.036409
0.053777
0.041199
0.048227
0.040812
0.044447
0.043806
0.039692
0.051161
0.049602
0.052762
0.038067
0.031472
0.031177
0.041294
0.033908
0.028342
0.040385
0.045091
0.041202
0.036806
0.038950
0.035223
0.048014
0.038620
0.028463
0.046295
0.056476
0.056821
0.050923
0.027004
0.055613
0.041164
0.043962
0.043166
0.048171
0.045597
0.034983
0.038500
0.034090
0.028000
0.033036
0.046876
0.043956
0.036316
0.036827
0.029216
0.040881
0.037855
0.038142
0.032886
0.053753
0.032993
0.034714
0.038125
0.043754
0.029971
0.032529
0.038738
0.032813
0.034258
0.035535
0.033030
0.041791
0.044639
0.041939
0.048313
0.028052
0.036543
0.030262
0.027237
0.032383
0.036968
0.041753
0.031331
0.039056
0.040565
0.021957
0.025801
0.035760
0.038203
0.033992
0.040901
0.022788
0.029324
0.052298
0.038877
0.044963
0.030391
0.039424
0.039832
0.038792
0.042742
0.032825
0.030554
0.046590
0.048962
0.050813
0.037214
0.050122
0.049340
0.037955
0.037240
0.045367
0.031815
0.044373
0.044024
0.047455
0.025670
0.041043
0.040519
0.033952
0.028910
0.039693
0.034690
0.033804
0.035564
0.038569
0.040436
0.043647
0.039280
0.041224
0.050004
0.039063
0.034879
0.029788
0.035237
0.046054
0.047744
0.042086
0.037256
0.036941
0.045553
0.051017
0.032825
0.027606
0.047298
0.036201
0.037096
0.033389
0.038241
0.041878
0.031167
0.038055
0.039441
0.046237
0.039776
0.038042
0.039847
0.044776
0.033346
0.041335
0.032323
0.036035
0.017692
0.037578
0.044215
0.043526
0.032054
0.030466
0.037675
0.035301
0.042362
0.032480
0.033440
0.041061
0.037146
0.035978
0.035961
0.029227
0.030396
0.044811
0.026492
0.032755
0.030785
0.030846
0.024539
0.042384
0.035635
0.032792
0.047260
0.043503
0.040227
0.042438
0.032785
0.033943
0.029476
0.041609
0.040881
0.033248
0.045328
0.032100
0.033637
0.035384
0.036404
0.035102
0.033567
0.024515
0.033998
0.025110
0.029775
0.026567
0.037581
0.035676
0.032594
0.031435
0.038506
0.031549
0.033053
0.038046
0.040094
0.038218
0.045081
0.039433
0.039742
0.039865
0.040003
0.025242
0.035830
0.040015
0.041860
0.031468
0.040358
0.038841
0.025828
0.043677
0.041727
0.035141
0.028368
0.036952
0.041350
0.043696
0.021183
0.035779
0.038813
0.038744
0.045979
0.036106
0.034222
0.032249
0.041791
0.036988
0.045941
0.043905
0.043846
0.032179
0.048079
0.039710
0.030154
0.030169
0.027871
0.029083
0.035712
0.043361
0.038996
0.051688
0.048405
0.019897
0.036043
0.025548
0.045257
0.035779
0.036196
0.035838
0.038741
0.031560
0.038157
0.027101
0.044746
0.051978
0.039770
0.036535
0.041233
0.040011
0.042298
0.031719
0.028845
0.036247
0.051772
0.031302
0.030648
0.046193
0.043770
0.026058
0.035658
0.035907
0.049458
0.033173
0.039420
0.040636
0.031356
0.045280
0.051280
0.048253
0.038121
0.032695
0.051777
0.046896
0.021955
0.040935
0.034823
0.045224
0.040484
0.051231
0.051185
0.044694
0.050146
0.048528
0.032979
0.034789
0.040605
0.046321
0.065243
0.029897
0.049872
0.035725
0.041198
0.046625
0.059906
0.055160
0.036819
0.032428
0.034019
0.040134
0.045939
0.036521
0.038824
0.032657
0.042078
0.036777
0.034379
0.041444
0.046518
0.035838
0.036537
0.030987
0.042193
0.042294
0.043994
0.048939
0.027992
0.051883
0.046837
0.029124
0.034403
0.037175
0.041985
0.059608
0.053364
0.040764
0.055209
0.048388
0.046671
0.033470
0.043010
0.040702
0.037580
0.034026
0.033678
0.036922
0.033766
0.040357
0.026892
0.037839
0.029925
0.034759
0.040373
0.041797
0.043415
0.028361
0.040081
0.037712
0.027955
0.030362
0.033512
0.039028
0.044223
0.032412
0.026286
0.035187
0.035423
0.027944
0.037662
0.020429
0.036023
0.030264
0.025427
0.031267
0.038029
0.031911
0.045834
0.037108
0.041884
0.037674
0.052460
0.040768
0.020353
0.051796
0.043552
0.037833
0.030055
0.023054
0.032956
0.030852
0.041015
0.042740
0.031851
0.038800
0.038134
0.029769
0.028880
0.032418
0.030681
0.030309
0.030488
0.037605
0.041866
0.020354
0.032909
0.027871
0.039718
0.040214
0.039314
0.047640
0.043656
0.031151
0.030970
0.031293
0.038404
0.040682
0.045833
0.048320
0.052125
0.029333
0.042583
0.041735
0.040722
0.023888
0.036568
0.044623
0.031322
0.042741
0.029242
0.032851
0.042037
0.048778
0.040457
0.031669
0.052105
0.041436
0.040425
0.050088
0.039305
0.040630
0.044191
0.032199
0.022235
0.042267
0.035974
0.045621
0.056443
0.054210
0.049742
0.046294
0.037156
0.035391
0.044179
0.029038
0.027599
0.045010
0.034422
0.030537
0.031780
0.048508
0.038126
0.041880
0.043315
0.042565
0.033475
0.031121
0.044227
0.047504
0.049339
0.039416
0.040050
0.039989
0.032564
0.038037
0.028102
0.030164
0.033270
0.036694
0.030769
0.040531
0.031613
0.039120
0.033564
0.025497
0.037380
0.035234
0.029110
0.030799
0.045258
0.049032
0.032516
0.040397
0.021732
0.038409
0.039658
0.034524
0.035613
0.032328
0.025191
0.040624
0.036819
0.028760
0.036137
0.018582
0.035320
0.040541
0.032962
0.029722
0.036702
0.029272
0.037080
0.036590
0.034984
0.041110
0.027175
0.041797
0.023575
0.047291
0.040684
0.029149
0.037010
0.045573
0.047648
0.044641
0.037166
0.052345
0.043593
0.019835
0.036649
0.040546
0.038646
0.041027
0.037368
0.039717
0.019683
0.031080
0.037865
0.036096
0.042174
0.033568
0.038010
0.028587
0.028658
0.049713
0.046526
0.035498
0.045413
0.046594
0.047185
0.050098
0.039976
0.048689
0.040487
0.039900
0.038152
0.035693
0.027473
0.032616
0.039653
0.031508
0.029510
0.027373
0.031257
0.039504
0.032564
0.041086
0.043963
0.035284
0.040293
0.054888
0.032716
0.037114
0.042511
0.050643
0.039848
0.036176
0.046649
0.036808
0.041183
0.037725
0.033475
0.035750
0.031998
0.037518
0.030173
0.025877
0.032334
0.042065
0.036383
0.029142
0.038624
0.032279
0.032471
0.036277
0.038854
0.034811
0.027509
0.037336
0.025614
0.027250
0.032732
0.037146
0.033442
0.034838
0.029400
0.047048
0.028608
0.029454
0.031919
0.024881
0.028205
0.033414
0.036371
0.047325
0.038059
0.047115
0.022219
0.039179
0.053141
0.042813
0.026738
0.050273
0.040976
0.045265
0.045976
0.048705
0.048866
0.025850
0.038320
0.044069
0.038589
0.035074
0.042510
0.039390
0.049256
0.028569
0.041429
0.033334
0.036587
0.043089
0.036533
0.045306
0.047230
0.033169
0.046413
0.053985
0.039437
0.061686
0.040266
0.032591
0.051633
0.038383
0.040011
0.039149
0.039265
0.050628
0.044912
0.035522
0.021631
0.042950
0.041070
0.042475
0.029310
0.042376
0.038093
0.040288
0.028847
0.037309
0.050269
0.043282
0.045025
0.055564
0.032167
0.040146
0.042761
0.049960
0.039322
0.028746
0.036988
0.041641
0.039717
0.033581
0.044911
0.044912
0.033212
0.047271
0.028416
0.034621
0.031073
0.031744
0.036950
0.038778
0.050283
0.033869
0.043777
0.038054
0.036571
0.035784
0.038404
0.032114
0.025143
0.028919
0.047949
0.044906
0.034439
0.040282
0.034323
0.049897
0.035731
0.038782
0.030815
0.035866
0.038864
0.048029
0.039436
0.030113
0.028654
0.034437
0.036165
0.033842
0.037354
0.033471
0.040682
0.035410
0.034778
0.040929
0.030841
0.049538
0.042364
0.043551
0.036546
0.021882
0.032763
0.031947
0.027541
0.032344
0.030248
0.034732
0.027493
0.030854
0.031822
0.028854
0.028170
0.028491
0.043801
0.038221
0.037857
0.041765
0.047414
0.057620
0.057105
0.049255
0.042954
0.045813
0.051265
0.044777
0.046722
0.056908
0.043836
0.038340
0.050204
0.040508
0.083302
0.059196
0.039557
0.048532
0.035819
0.048209
0.052857
0.032350
0.049287
0.039918
0.031095
0.033302
0.027082
0.034832
0.033877
0.033881
0.031972
0.029559
0.030517
0.030062
0.030012
0.040470
0.047569
0.041181
0.043792
0.054727
0.042375
0.040335
0.025887
0.039563
0.037505
0.025588
0.036328
0.043504
0.038637
0.031185
0.034687
0.036076
0.040897
0.034454
0.036304
0.044454
0.032851
0.030365
0.027359
0.057142
0.031691
0.034092
0.047096
0.030748
0.027604
0.030635
0.035133
0.037295
0.041111
0.041645
0.046053
0.046477
0.045706
0.047347
0.036320
0.046422
0.039940
0.037141
0.030432
0.031907
0.044977
0.036082
0.026958
0.048904
0.039146
0.039397
0.039736
0.033297
0.044266
0.036617
0.041867
0.038336
0.030629
0.031889
0.034369
0.032945
0.032449
0.034300
0.040036
0.040051
0.021125
0.042723
0.035847
0.034695
0.026662
0.028867
0.045125
0.029959
0.033286
0.048545
0.042586
0.037479
0.038277
0.045711
0.030373
0.035758
0.044988
0.028538
0.037789
0.035045
0.033395
0.029780
0.033520
0.034840
0.030648
0.028416
0.040787
0.030498
0.020690
0.026541
0.041037
0.038603
0.034739
0.027909
0.028123
0.036063
0.021168
0.034378
0.040672
0.045253
0.046488
0.036866
0.060135
0.039269
0.027554
0.038999
0.038758
0.027510
0.035016
0.028840
0.036211
0.026852
0.037435
0.041121
0.031857
0.046058
0.041436
0.035328
0.033018
0.023198
0.032764
0.027084
0.033027
0.040795
0.037308
0.050342
0.040378
0.035021
0.027061
0.031453
0.037498
0.044880
0.058414
0.030192
0.025641
0.043603
0.032438
0.032459
0.033210
0.049088
0.034956
0.040694
0.031699
0.042580
0.032685
0.028873
0.037876
0.042907
0.041328
0.040770
0.048241
0.030550
0.033586
0.035730
0.042764
0.016638
0.035311
0.041351
0.036788
0.036617
0.044980
0.040622
0.037782
0.039601
0.039804
0.042180
0.034962
0.029594
0.033628
0.025073
0.055361
0.023103
0.039863
0.040912
0.023848
0.036665
0.038057
0.042556
0.032255
0.034443
0.040772
0.036510
0.045434
0.033101
0.023670
0.037952
0.040846
0.038401
0.035323
0.038305
0.045099
0.029924
0.032718
0.045372
0.042355
0.049080
0.043594
0.044221
0.042711
0.039006
0.029626
0.035730
0.030267
0.034994
0.018759
0.034888
0.023855
0.038033
0.034898
0.023945
0.043554
0.038363
0.039049
0.029088
0.033543
0.030056
0.052234
0.056284
0.042758
0.036114
0.039201
0.064715
0.039980
0.043020
0.041839
0.025217
0.037330
0.043235
0.041410
0.043282
0.045055
0.034571
0.031421
0.034748
0.040723
0.029018
0.037072
0.029961
0.048018
0.044622
0.048129
0.036693
0.031818
0.027418
0.029037
0.039500
0.026525
0.035395
0.024411
0.037076
0.041468
0.031822
0.029391
0.025033
0.040475
0.053396
0.043527
0.033713
0.037968
0.034338
0.030326
0.030612
0.044641
0.033349
0.052016
0.057837
0.041472
0.071330
0.060030
0.046401
0.047475
0.057670
0.056588
0.060362
0.050530
0.068304
0.053061
0.048856
0.062764
0.059714
0.057932
0.066297
0.059273
0.052111
0.055140
0.055909
0.052238
0.055018
0.061977
0.041513
0.045714
0.035766
0.057141
0.067284
0.036554
0.050611
0.038915
0.055993
0.053127
0.048073
0.041633
0.052339
0.045791
0.051190
0.051858
0.037004
0.057136
0.038841
0.049563
0.027144
0.038704
0.029296
0.037287
0.057455
0.037283
0.032509
0.044464
0.044997
0.055574
0.048708
0.032265
0.035822
0.038676
0.047164
0.053155
0.053506
0.053588
0.043411
0.058162
0.039995
0.046168
0.044226
0.048721
0.042422
0.035840
0.042763
0.027828
0.033370
0.048092
0.035368
0.037633
0.022116
0.038274
0.057674
0.039663
0.039471
0.035792
0.035644
0.044742
0.041233
0.027609
0.038279
0.042658
0.042011
0.032377
0.047679
0.036609
0.044087
0.042150
0.048442
0.050240
0.025995
0.059888
0.066951
0.052108
0.030975
0.039309
0.043913
0.042899
0.030844
0.058862
0.030133
0.056258
0.029348
0.044292
0.058711
0.046695
0.045853
0.042033
0.037168
0.060951
0.048406
0.063778
0.060646
0.034640
0.047813
0.037848
0.050786
0.051650
0.035904
0.028757
0.050910
0.039146
0.026437
0.051175
0.046065
0.052147
0.052742
0.038074
0.060760
0.062449
0.029577
0.038338
0.039313
0.041283
0.051522
0.053961
0.041206
0.040583
0.038583
0.040936
0.043625
0.042109
0.038137
0.038615
0.053821
0.048795
0.055244
0.052274
0.050581
0.036927
0.033501
0.028614
0.045911
0.024550
0.027360
0.016985
0.031817
0.033826
0.031299
0.039959
0.060518
0.037191
0.034669
0.049733
0.047942
0.040471
0.038011
0.046021
0.041981
0.039710
0.044010
0.027240
0.063677
0.058432
0.048069
0.031888
0.051075
0.049567
0.052185
0.040285
0.044662
0.054746
0.049635
0.043901
0.042478
0.039907
0.040009
0.043576
0.036273
0.036505
0.036934
0.053097
0.030132
0.030282
0.037094
0.047896
0.040966
0.037621
0.028746
0.029744
0.023057
0.031945
0.024257
0.036623
0.038426
0.044121
0.043067
0.047567
0.044125
0.044626
0.055680
0.048305
0.044358
0.060614
0.056515
0.063876
0.043839
0.037554
0.053459
0.054006
0.050711
0.048549
0.031380
0.049214
0.047668
0.040971
0.037747
0.042218
0.044920
0.044313
0.049448
0.035443
0.053390
0.040463
0.037098
0.038334
0.044020
0.026703
0.057560
0.042620
0.036321
0.042742
0.040410
0.035194
0.031034
0.058022
0.036882
0.033513
0.033968
0.047890
0.040159
0.040877
0.048516
0.039735
0.027227
0.034528
0.039911
0.034096
0.033952
0.037324
0.042397
0.049629
0.050571
0.046416
0.046718
0.042798
0.022763
0.038918
0.035720
0.046914
0.046526
0.048013
0.055609
0.048363
0.032338
0.048221
0.039033
0.022559
0.050323
0.041180
0.042337
0.041386
0.024931
0.045616
0.041593
0.044773
0.059535
0.034172
0.042994
0.046563
0.029199
0.047921
0.043413
0.045385
0.042111
0.035314
0.027870
0.045545
0.033549
0.029995
0.039609
0.043772
0.050767
0.042291
0.050683
0.046611
0.035887
0.039837
0.058176
0.032285
0.039825
0.043832
0.036283
0.032465
0.034307
0.042247
0.048663
0.041150
0.048017
0.043197
0.034616
0.041947
0.046882
0.034001
0.038054
0.050744
0.039006
0.041621
0.046816
0.050621
0.045084
0.045774
0.051450
0.029486
0.041541
0.045796
0.051075
0.047487
0.062721
0.034825
0.037613
0.039526
0.035022
0.032851
0.033642
0.038269
0.035631
0.036639
0.056984
0.031682
0.038242
0.035073
0.036047
0.027574
0.044385
0.024008
0.029203
0.038068
0.030452
0.042360
0.031704
0.031968
0.036531
0.027359
0.030704
0.034604
0.061943
0.048283
0.039145
0.038247
0.039614
0.037592
0.036951
0.040949
0.027790
0.039504
0.051604
0.038460
0.041684
0.055471
0.047243
0.044016
0.023465
0.033338
0.034966
0.030291
0.030479
0.027681
0.041926
0.033532
0.039366
0.019674
0.040536
0.031333
0.040240
0.046673
0.036253
0.036000
0.035000
0.031107
0.037385
0.035634
0.028262
0.031632
0.042183
0.032864
0.030281
0.038115
0.035661
0.039736
0.029605
0.030193
0.029339
0.033092
0.042209
0.046699
0.032223
0.032081
0.030030
0.030820
0.028585
0.035743
0.037239
0.031513
0.030338
0.031333
0.047409
0.034293
0.042664
0.045247
0.030361
0.030119
0.034884
0.035637
0.027156
0.035724
0.038512
0.043895
0.049392
0.043476
0.036001
0.044994
0.040905
0.039237
0.041873
0.038033
0.051958
0.037065
0.027605
0.036216
0.032528
0.031925
0.036742
0.041356
0.033110
0.023713
0.046326
0.042948
0.031582
0.036702
0.030461
0.041645
0.043900
0.036534
0.038777
0.046319
0.035817
0.037600
0.020270
0.038599
0.030690
0.024988
0.037336
0.035254
0.032801
0.033380
0.030259
0.030346
0.042526
0.057649
0.034541
0.037723
0.050476
0.046310
0.037606
0.033485
0.031024
0.043131
0.031050
0.044358
0.040585
0.043334
0.034100
0.026774
0.040900
0.022629
0.027943
0.027850
0.040674
0.032436
0.035331
0.024468
0.036001
0.029384
0.031028
0.031389
0.031549
0.030499
0.036424
0.028394
0.040046
0.048688
0.036779
0.029750
0.026462
0.042631
0.045019
0.041379
0.034238
0.060791
0.046869
0.036489
0.019475
0.027324
0.041911
0.030794
0.036535
0.021694
0.035947
0.035696
0.034136
0.023530
0.035554
0.026191
0.028712
0.029558
0.041801
0.031276
0.025250
0.028442
0.035601
0.047036
0.037502
0.037079
0.083644
0.049773
0.048433
0.047349
0.045641
0.039971
0.046189
0.045093
0.047812
0.043978
0.044950
0.048492
0.034029
0.042163
0.038177
0.032433
0.041893
0.059564
0.030548
0.040369
0.049833
0.025958
0.039087
0.047062
0.035368
0.023493
0.045373
0.037923
0.034930
0.035909
0.035967
0.043580
0.052635
0.032160
0.041704
0.043734
0.023546
0.035967
0.038876
0.022546
0.034584
0.042838
0.039209
0.024653
0.044384
0.040690
0.041664
0.034519
0.052065
0.029562
0.042530
0.040770
0.071126
0.036791
0.039281
0.037499
0.041225
0.035417
0.024944
0.039544
0.032489
0.039783
0.045201
0.033046
0.026405
0.031336
0.031766
0.042892
0.043344
0.047385
0.046772
0.038400
0.037701
0.030098
0.033550
0.041650
0.028370
0.036012
0.041747
0.027094
0.030714
0.029429
0.035023
0.041632
0.033437
0.050695
0.043259
0.043160
0.044268
0.041401
0.040488
0.033334
0.021131
0.026831
0.039946
0.038324
0.042843
0.030795
0.034371
0.035253
0.040557
0.040434
0.023596
0.041449
0.039761
0.039633
0.046228
0.043022
0.044911
0.044173
0.043501
0.041733
0.056196
0.030947
0.044456
0.045392
0.041864
0.038984
0.025027
0.043494
0.047521
0.045093
0.039123
0.034980
0.035747
0.040704
0.027570
0.039049
0.022941
0.031645
0.037444
0.032348
0.036889
0.040961
0.038976
0.022369
0.036268
0.039966
0.035912
0.022327
0.036672
0.022039
0.023293
0.025898
0.035585
0.034528
0.040966
0.034878
0.038778
0.032565
0.027449
0.027861
0.040599
0.025350
0.036453
0.037923
0.039128
0.039352
0.038105
0.034783
0.038371
0.038665
0.040224
0.038467
0.046366
0.047614
0.044571
0.046635
0.034868
0.041656
0.046205
0.048339
0.034632
0.036633
0.043049
0.040736
0.034649
0.032735
0.036886
0.036660
0.039319
0.032023
0.035648
0.029739
0.040032
0.052888
0.039208
0.042506
0.038021
0.032513
0.039293
0.032583
0.031453
0.020741
0.024533
0.043178
0.039382
0.042826
0.033862
0.040538
0.033542
0.042583
0.020667
0.035142
0.036886
0.035125
0.029759
0.022301
0.042271
0.031338
0.027644
0.035844
0.029233
0.026766
0.036151
0.031108
0.032099
0.030279
0.025665
0.026515
0.037129
0.026041
0.045083
0.039428
0.041067
0.035072
0.047339
0.037616
0.051373
0.039901
0.036027
0.034161
0.027281
0.037511
0.033428
0.042234
0.026612
0.046038
0.040452
0.040961
0.021827
0.030619
0.033862
0.028827
0.043040
0.041853
0.046842
0.037573
0.030531
0.039173
0.045962
0.031529
0.044008
0.055984
0.044236
0.022493
0.041711
0.041800
0.039834
0.021321
0.038107
0.043426
0.039038
0.040246
0.031406
0.031158
0.039039
0.039403
0.035842
0.038509
0.043709
0.037026
0.034347
0.022576
0.031044
0.030659
0.063598
0.036199
0.041055
0.042843
0.043758
0.040271
0.032136
0.041976
0.035750
0.036225
0.037971
0.043882
0.041970
