0.011795
0.075478
0.048001
0.037984
0.051853
0.050798
0.045175
0.065580
0.049651
0.032288
0.040940
0.033747
0.040878
0.052562
0.055604
0.052728
0.048920
0.043309
0.051382
0.042891
0.042042
0.036425
0.041855
0.040339
0.043290
0.047525
0.039111
0.040100
0.040426
0.042332
0.048450
0.033478
0.036261
0.032006
0.034629
0.039624
0.030205
0.055953
0.037172
0.032495
0.049107
0.045437
0.026315
0.027152
0.031946
0.048087
0.051579
0.045565
0.032527
0.034314
0.048682
0.034467
0.038255
0.055917
0.033014
0.053437
0.038925
0.045162
0.031929
0.045344
0.039227
0.031273
0.042977
0.059076
0.058766
0.044402
0.036434
0.049835
0.025170
0.029856
0.038134
0.040807
0.040331
0.033392
0.046941
0.036890
0.043461
0.033966
0.031798
0.022663
0.042664
0.041676
0.035630
0.044413
0.029884
0.053329
0.055929
0.068344
0.049298
0.049391
0.049243
0.043219
0.038308
0.056596
0.039128
0.033394
0.041846
0.044905
0.045158
0.063707
0.053668
0.065150
0.037764
0.044972
0.047266
0.054355
0.061418
0.049680
0.046240
0.045117
0.018904
0.032045
0.036764
0.042272
0.041308
0.057658
0.043900
0.039175
0.028369
0.043665
0.055134
0.035978
0.043795
0.037179
0.051549
0.033678
0.051632
0.039623
0.034523
0.038099
0.028345
0.039388
0.032828
0.044712
0.028580
0.042475
0.029492
0.037703
0.024348
0.048302
0.047669
0.035076
0.036930
0.042915
0.039098
0.035631
0.038741
0.032001
0.032137
0.034969
0.036455
0.034260
0.043669
0.033221
0.040828
0.043963
0.032507
0.033037
0.047455
0.051171
0.053586
0.046593
0.060204
0.053722
0.048239
0.036319
0.031675
0.041145
0.033972
0.030508
0.052193
0.042491
0.025168
0.034090
0.040964
0.035933
0.037724
0.040148
0.032870
0.031575
0.026335
0.037405
0.035626
0.035902
0.045277
0.051509
0.053966
0.046757
0.037458
0.032954
0.034571
0.056127
0.044930
0.049057
0.052992
0.038327
0.043460
0.037679
0.048095
0.056647
0.047721
0.036864
0.046465
0.053827
0.039531
0.029058
0.053096
0.040001
0.047544
0.040434
0.044731
0.038680
0.042448
0.035844
0.034339
0.037173
0.032314
0.029837
0.038487
0.029130
0.043121
0.040285
0.050240
0.032473
0.040118
0.040639
0.031396
0.035334
0.038069
0.036006
0.037758
0.030643
0.034945
0.029840
0.028257
0.026408
0.035634
0.036076
0.039508
0.030214
0.038135
0.033641
0.023079
0.037030
0.036314
0.048131
0.037255
0.041645
0.028076
0.059278
0.047215
0.053343
0.045139
0.044335
0.032845
0.035291
0.048252
0.037141
0.055750
0.048321
0.045434
0.063379
0.045267
0.058223
0.050644
0.039752
0.048264
0.035544
0.035473
0.041775
0.042815
0.035105
0.041975
0.038480
0.026938
0.042498
0.030839
0.039151
0.034425
0.037409
0.035815
0.047957
0.025384
0.053901
0.022276
0.063393
0.048696
0.048913
0.036686
0.053591
0.039368
0.044483
0.042912
0.052704
0.047996
0.056741
0.057217
0.040271
0.037311
0.037932
0.037807
0.040162
0.034206
0.039528
0.039594
0.031594
0.040690
0.033141
0.050206
0.042633
0.041893
0.045309
0.041346
0.046935
0.025126
0.033244
0.044550
0.047717
0.043480
0.025829
0.034678
0.044318
0.053207
0.027599
0.044545
0.034790
0.038553
0.047644
0.043980
0.032453
0.033111
0.034364
0.032629
0.039248
0.029818
0.042663
0.049392
0.044984
0.040720
0.033346
0.044946
0.042044
0.035907
0.035893
0.045791
0.052767
0.040111
0.032183
0.029087
0.032591
0.029956
0.037707
0.035507
0.049307
0.041871
0.046392
0.039161
0.045370
0.035236
0.032584
0.033362
0.049488
0.042494
0.047445
0.048481
0.051435
0.039978
0.042936
0.027243
0.043251
0.030893
0.034398
0.031401
0.040121
0.035783
0.037536
0.040257
0.046413
0.039263
0.038576
0.035635
0.033069
0.029453
0.034700
0.033688
0.036889
0.035162
0.041732
0.039582
0.047907
0.038137
0.023886
0.034812
0.036238
0.042100
0.033162
0.033074
0.044102
0.034664
0.042530
0.044076
0.030563
0.048690
0.036911
0.045125
0.026148
0.032117
0.037162
0.046063
0.036249
0.046668
0.040861
0.033857
0.044545
0.035313
0.035938
0.037375
0.038404
0.057189
0.038086
0.033967
0.037888
0.050853
0.044220
0.039314
0.039919
0.018062
0.038268
0.039639
0.043456
0.032040
0.024482
0.035902
0.034980
0.026517
0.036367
0.036880
0.025474
0.046595
0.046957
0.041633
0.046371
0.040453
0.028590
0.039340
0.041276
0.040525
0.028698
0.041591
0.028442
0.042503
0.054416
0.037948
0.054591
0.058351
0.050270
0.041201
0.037147
0.033510
0.038226
0.042545
0.038311
0.028821
0.037550
0.025394
0.028824
0.035566
0.030373
0.040535
0.039954
0.027282
0.036768
0.040646
0.037059
0.035670
0.029954
0.036341
0.047055
0.043437
0.056488
0.031487
0.027468
0.047992
0.039941
0.047271
0.047085
0.058640
0.049310
0.072812
0.038469
0.043982
0.045495
0.026564
0.041496
0.036275
0.035594
0.026561
0.049473
0.038224
0.039289
0.029148
0.038535
0.037673
0.037303
0.038005
0.034097
0.024710
0.037629
0.042498
0.037577
0.044167
0.043966
0.031321
0.038605
0.051933
0.039342
0.048246
0.049941
0.029648
0.031020
0.037385
0.032872
0.035404
0.036026
0.050405
0.047761
0.055157
0.035492
0.045781
0.048306
0.040441
0.039597
0.042892
0.041050
0.048428
0.054004
0.052697
0.041000
0.054020
0.045360
0.051511
0.044441
0.029682
0.034529
0.044233
0.043163
0.035895
0.036701
0.046860
0.037274
0.044405
0.040619
0.031962
0.035504
0.041210
0.035629
0.026834
0.042497
0.043278
0.025056
0.021722
0.034040
0.044338
0.031210
0.027514
0.029436
0.037307
0.047399
0.042257
0.042796
0.033391
0.038223
0.037972
0.036015
0.035571
0.033144
0.035013
0.031716
0.033380
0.041944
0.025434
0.037148
0.031685
0.033985
0.036783
0.036699
0.027047
0.043764
0.042779
0.043553
0.043695
0.041765
0.048060
0.040675
0.039579
0.035968
0.038244
0.032215
0.029172
0.039044
0.035723
0.033640
0.028860
0.049794
0.046074
0.039368
0.037381
0.037565
0.046340
0.043526
0.042808
0.047200
0.044023
0.034231
0.035624
0.035945
0.027999
0.045029
0.039751
0.042077
0.027007
0.029541
0.046985
0.057454
0.060244
0.054527
0.050862
0.052117
0.044960
0.032177
0.027291
0.030392
0.032804
0.031697
0.044490
0.038982
0.047841
0.036733
0.031027
0.031277
0.029503
0.052414
0.053874
0.043128
0.040034
0.051529
0.042855
0.030019
0.040802
0.027408
0.048182
0.042490
0.045249
0.032604
0.030255
0.039291
0.036569
0.046857
0.044595
0.023721
0.029180
0.032347
0.037950
0.051757
0.037002
0.041641
0.050760
0.042736
0.040346
0.046978
0.044777
0.049807
0.042024
0.036446
0.038536
0.037149
0.047660
0.037384
0.030424
0.041758
0.033267
0.027680
0.028072
0.044340
0.039318
0.036175
0.041518
0.041205
0.045684
0.041602
0.040671
0.040998
0.043472
0.039774
0.018336
0.052084
0.034524
0.040295
0.031162
0.026526
0.034372
0.041999
0.025613
0.027984
0.045665
0.024157
0.040315
0.026303
0.038121
0.038542
0.026454
0.044218
0.041717
0.031576
0.042832
0.035152
0.034865
0.032314
0.047281
0.045577
0.040410
0.041413
0.025416
0.044583
0.052416
0.033875
0.022991
0.040792
0.025138
0.024765
0.034374
0.028628
0.033119
0.043508
0.044783
0.049576
0.059458
0.040932
0.043129
0.026521
0.034654
0.040353
0.035456
0.040996
0.025658
0.043273
0.036271
0.041440
0.031069
0.045938
0.045096
0.035116
0.037807
0.040018
0.044138
0.037628
0.032718
0.033503
0.045530
0.045668
0.054621
0.051006
0.053430
0.037418
0.049270
0.037392
0.044810
0.033974
0.032435
0.029914
0.037585
0.044724
0.053648
0.029434
0.036156
0.044248
0.034550
0.042679
0.028959
0.064038
0.030066
0.042869
0.042715
0.039800
0.040367
0.032295
0.041849
0.046268
0.038392
0.045170
0.042162
0.039209
0.029291
0.036187
0.027282
0.040422
0.049852
0.040870
0.030318
0.031020
0.040140
0.039312
0.041037
0.048228
0.024281
0.030565
0.044946
0.033287
0.049016
0.034195
0.032948
0.028077
0.035689
0.030092
0.051541
0.045658
0.042541
0.030857
0.039236
0.037191
0.043558
0.046304
0.033979
0.039084
0.038774
0.040226
0.035902
0.040035
0.049248
0.038539
0.040106
0.049484
0.032390
0.045653
0.030406
0.037154
0.041046
0.041481
0.040774
0.038224
0.033222
0.050895
0.035192
0.037661
0.031139
0.033007
0.031743
0.038058
0.028770
0.040498
0.042020
0.041300
0.024292
0.033162
0.047045
0.047828
0.037683
0.046986
0.038172
0.019186
0.049382
0.041918
0.041612
0.040523
0.072728
0.030729
0.040054
0.025926
0.034859
0.039235
0.029225
0.047232
0.044383
0.038726
0.030968
0.036974
0.047549
0.043754
0.040747
0.048553
0.030585
0.042904
0.038747
0.025090
0.034433
0.036589
0.053571
0.045874
0.056123
0.046056
0.037168
0.033413
0.042068
0.030396
0.031961
0.030691
0.024383
0.044780
0.040059
0.055948
0.033498
0.037765
0.040742
0.038249
0.043447
0.047193
0.038708
0.040071
0.033176
0.033733
0.033290
0.041840
0.040554
0.041592
0.036704
0.032188
0.030206
0.024725
0.028787
0.045029
0.043653
0.054655
0.040399
0.034288
0.048837
0.046788
0.059537
0.022033
0.047895
0.045884
0.035797
0.037015
0.027816
0.045937
0.025278
0.036409
0.041753
0.043228
0.036062
0.034148
0.034341
0.038410
0.043303
0.040168
0.020090
0.032967
0.041724
0.047174
0.052248
0.036432
0.036623
0.031644
0.045645
0.044796
0.035632
0.033436
0.037033
0.051012
0.047144
0.047271
0.036046
0.043584
0.044978
0.036337
0.031824
0.031204
0.042834
0.038246
0.044629
0.031298
0.033507
0.038677
0.024212
0.037338
0.032622
0.034543
0.050970
0.041209
0.028204
0.029717
0.034190
0.042768
0.034098
0.031324
0.037471
0.035817
0.033911
0.030611
0.039541
0.055608
0.037655
0.029391
0.028531
0.040220
0.040819
0.028882
0.036268
0.044238
0.052534
0.037601
0.040884
0.034614
0.041907
0.048979
0.048450
0.033524
0.038758
0.051504
0.042243
0.034739
0.041553
0.042367
0.030629
0.028780
0.044155
0.036930
0.033434
0.039581
0.042213
0.044846
0.043549
0.038609
0.031275
0.027791
0.036281
0.046533
0.040868
0.047158
0.048758
0.034669
0.034813
0.037417
0.048559
0.038335
0.035121
0.046017
0.041625
0.039973
0.020678
0.035389
0.031985
0.039943
0.047281
0.028480
0.051808
0.050456
0.060813
0.045592
0.049295
0.037417
0.032136
0.030555
0.049948
0.039284
0.037597
0.043296
0.032887
0.038239
0.032908
0.029016
0.035203
0.041190
0.031386
0.042359
0.048107
0.041640
0.040085
0.043242
0.039980
0.043697
0.048984
0.053665
0.065415
0.059447
0.041360
0.030923
0.055264
0.038785
0.049687
0.055654
0.039976
0.061651
0.031404
0.045895
0.054297
0.046810
0.072639
0.053100
0.064248
0.037507
0.036283
0.045227
0.037256
0.026573
0.032101
0.028007
0.034389
0.032887
0.051570
0.038457
0.041038
0.034108
0.030432
0.038839
0.041553
0.030778
0.037160
0.041679
0.042566
0.048797
0.038008
0.025846
0.039174
0.042036
0.028012
0.037292
0.059412
0.040420
0.025525
0.045960
0.033939
0.051119
0.029739
0.035188
0.044593
0.032096
0.029526
0.037954
0.041381
0.050289
0.041132
0.046311
0.030679
0.036168
0.050615
0.037735
0.039241
0.023955
0.036119
0.032800
0.034580
0.032563
0.045532
0.055417
0.044263
0.056595
0.028594
0.038078
0.038238
0.028605
0.032624
0.032504
0.055488
0.040702
0.049083
0.047073
0.030557
0.035840
0.045115
0.051001
0.034801
0.030954
0.043489
0.029645
0.038694
0.033455
0.043731
0.041151
0.037280
0.025242
0.032844
0.050005
0.028723
0.042939
0.039958
0.031445
0.039706
0.028926
0.032650
0.036958
0.043654
0.029140
0.028503
0.032014
0.054007
0.040159
0.037483
0.044684
0.037589
0.039733
0.032189
0.029258
0.039029
0.032694
0.038702
0.032183
0.031801
0.034366
0.037899
0.030883
0.033907
0.043562
0.046943
0.033006
0.035634
0.044468
0.059033
0.042753
0.037344
0.051399
0.032720
0.042639
0.048707
0.053379
0.049052
0.044119
0.037008
0.046039
0.039954
0.048137
0.049042
0.035211
0.028198
0.038477
0.042871
0.038252
0.033734
0.025989
0.048040
0.029203
0.034559
0.030118
0.035981
0.046723
0.054316
0.034473
0.045023
0.043982
0.039223
0.036911
0.022974
0.043245
0.039751
0.033887
0.032521
0.045352
0.041479
0.053647
0.049157
0.047297
0.044263
0.034203
0.029139
0.035826
0.040313
0.044727
0.052860
0.064500
0.046010
0.053787
0.033633
0.033191
0.037315
0.038204
0.038711
0.023133
0.033168
0.042094
0.052221
0.049321
0.046452
0.050325
0.044830
0.041164
0.030886
0.049640
0.041281
0.030797
0.025024
0.031611
0.042350
0.037855
0.038095
0.031121
0.032218
0.034540
0.033082
0.037932
0.027229
0.054418
0.054054
0.041015
0.048573
0.057987
0.042063
0.055025
0.048204
0.062186
0.039082
0.045161
0.034811
0.048084
0.046595
0.052876
0.045421
0.052537
0.036695
0.041069
0.050247
0.033755
0.031254
0.044601
0.056802
0.039674
0.037282
0.047939
0.038295
0.040504
0.037635
0.051433
0.039946
0.043951
0.023403
0.035766
0.038746
0.036556
0.042501
0.047557
0.050023
0.036813
0.036092
0.033350
0.033741
0.037423
0.036732
0.031917
0.034789
0.036562
0.038573
0.027218
0.033527
0.027620
0.037544
0.035033
0.041900
0.040263
0.042709
0.039716
0.035863
0.023659
0.031919
0.051722
0.041582
0.052125
0.050010
0.053097
0.048277
0.041143
0.031174
0.027367
0.041300
0.033658
0.038895
0.031537
0.039823
0.039077
0.029954
0.051664
0.036894
0.027792
0.048841
0.040469
0.055658
0.048568
0.039090
0.023140
0.032903
0.032561
0.027486
0.046224
0.045283
0.041583
0.041304
0.042438
0.052974
0.061833
0.039086
0.048687
0.044552
0.038989
0.038596
0.044520
0.029081
0.027593
0.033978
0.041892
0.029912
0.040302
0.032085
0.032317
0.042511
0.039432
0.035916
0.039153
0.037360
0.031767
0.054297
0.029350
0.027907
0.030889
0.036624
0.045725
0.032751
0.047199
0.038212
0.041079
0.037744
0.039431
0.044687
0.028133
0.025230
0.028046
0.038433
0.044393
0.036183
0.042384
0.042407
0.025431
0.039715
0.053451
0.051435
0.045787
0.034660
0.052949
0.045648
0.047476
0.054029
0.040594
0.039954
0.040406
0.040983
0.047856
0.045010
0.046820
0.035595
0.027666
0.038548
0.040691
0.030148
0.044839
0.039524
0.035099
0.033293
0.037856
0.041427
0.035794
0.029554
0.037128
0.041229
0.039532
0.046380
0.050062
0.052255
0.022627
0.030360
0.036404
0.042612
0.041132
0.036029
0.034327
0.047599
0.044436
0.028971
0.045981
0.045420
0.031869
0.038970
0.035892
0.031106
0.034036
0.043643
0.046490
0.031023
0.029152
0.037716
0.039664
0.040258
0.043001
0.051944
0.042862
0.040130
0.029982
0.044339
0.060273
0.040981
0.031678
0.039819
0.040054
0.048165
0.020785
0.040336
0.026135
0.041855
0.042420
0.039105
0.030892
0.031876
0.039907
0.033903
0.050668
0.052460
0.050939
0.035085
0.036537
0.043302
0.029968
0.037074
0.037919
0.048290
0.034545
0.032740
0.026014
0.029160
0.023902
0.042470
0.061545
0.042021
0.054883
0.045798
0.063141
0.052575
0.032703
0.048326
0.050042
0.045373
0.044428
0.030905
0.050829
0.039597
0.037889
0.045903
0.046705
0.065113
0.050066
0.037279
0.042336
0.051015
0.041579
0.034266
0.027957
0.041238
0.054183
0.052937
0.042858
0.056568
0.035160
0.027623
0.043984
0.029201
0.045785
0.043744
0.034785
0.040884
0.049711
0.027575
0.041534
0.033166
0.031571
0.033523
0.039259
0.044873
0.033006
0.030628
0.041273
0.035233
0.029224
0.048399
0.048597
0.031972
0.053383
0.044461
0.029123
0.037970
0.034668
0.051833
0.041817
0.031659
0.050802
0.042619
0.042432
0.044676
0.039625
0.075956
0.040488
0.031521
0.039720
0.031364
0.031800
0.046060
0.044951
0.036186
0.036515
0.042710
0.039884
0.025241
0.055114
0.053187
0.049048
0.047481
0.049610
0.027491
0.048676
0.045862
0.048087
0.040854
0.032393
0.033502
0.041714
0.039477
0.038992
0.030793
0.048663
0.037951
0.039444
0.035628
0.048179
0.035094
0.033084
0.038941
0.040305
0.043769
0.043123
0.045066
0.030255
0.040180
0.035160
0.040411
0.034917
0.041573
0.030177
0.046865
0.045641
0.027286
0.036489
0.060512
0.040411
0.032998
0.034104
0.044086
0.040077
0.025600
0.054928
0.040886
0.027820
0.043213
0.023036
0.032473
0.048111
0.038110
0.035253
0.040292
0.042385
0.030899
0.030612
0.035868
0.037534
0.044658
0.043046
0.038782
0.048181
0.042614
0.027441
0.033101
0.035651
0.049584
0.043211
0.046072
0.042153
0.032315
0.044930
0.033356
0.042958
0.046099
0.077324
0.032161
0.037831
0.033922
0.050018
0.031939
0.031225
0.047573
0.032556
0.032827
0.040252
0.043108
0.040525
0.045791
0.037515
0.042244
0.027259
0.063991
0.051742
0.032105
0.038445
0.049544
0.042655
0.034040
0.033801
0.039140
0.045292
0.044764
0.037056
0.033946
0.040303
0.040596
0.030416
0.035705
0.033598
0.040138
0.028835
0.041842
0.031494
0.024244
0.027048
0.034721
0.032854
0.030337
0.030734
0.042800
0.038261
0.034325
0.049119
0.049207
0.036642
0.036700
0.043852
0.049099
0.042845
0.052768
0.036855
0.055588
0.027675
0.038126
0.039941
0.044430
0.043530
0.044091
0.044367
0.042757
0.046864
0.045533
0.043483
0.039120
0.046090
0.044366
0.066190
0.039963
0.048054
0.036931
0.035820
0.047050
0.039681
0.051570
0.039439
0.036277
0.039212
0.040694
0.036069
0.047438
0.069577
0.040162
0.044497
0.038501
0.037878
0.056157
0.037151
0.056994
0.039130
0.033562
0.044723
0.039649
0.036055
0.037635
0.030395
0.030531
0.043605
0.047750
0.040713
0.034359
0.034925
0.038259
0.041167
0.048965
0.041084
0.029429
0.038220
0.050673
0.043168
0.034427
0.043471
0.047395
0.066253
0.060086
0.057717
0.045228
0.042249
0.048449
0.050215
0.037714
0.039162
0.033875
0.033450
0.042498
0.048878
0.038318
0.029305
0.043318
0.048784
0.049956
0.043618
0.041933
0.033274
0.040676
0.045755
0.040322
0.043249
0.042718
0.035396
0.030150
0.039263
0.042573
0.044953
0.044189
0.044063
0.040154
0.035278
0.041581
0.044297
0.045363
0.057682
0.026190
0.035606
0.046605
0.041126
0.041886
0.047734
0.050260
0.051530
0.048966
0.047686
0.039104
0.043024
0.020439
0.048388
0.030666
0.045149
0.045713
0.067711
0.052718
0.044319
0.037682
0.041455
0.044497
0.044955
0.042798
0.055207
0.037079
0.060698
0.036116
0.043583
0.046467
0.049762
0.046963
0.046842
0.048174
0.033761
0.033138
0.030639
0.037629
0.039597
0.034368
0.040963
0.025146
0.033167
0.040897
0.042202
0.040938
0.044967
0.051648
0.055554
0.040452
0.023562
0.032068
0.042886
0.043291
0.041543
0.028972
0.044650
0.038231
0.043618
0.046185
0.031801
0.021243
0.030446
0.042781
0.039432
0.041981
0.046213
0.032670
0.051205
0.042491
0.026805
0.042177
0.049155
0.043113
0.055111
0.046953
0.027752
0.039559
0.032014
0.038955
0.029777
0.033299
0.034890
0.039729
0.037291
0.037184
0.040019
0.044557
0.046647
0.035071
0.037912
0.041630
0.040121
0.029323
0.045937
0.046467
0.053813
0.044846
0.046408
0.044809
0.039038
0.052370
0.045918
0.043540
0.055245
0.055500
0.055511
0.040083
0.039739
0.036854
0.034502
0.048997
0.036327
0.033960
0.051138
0.045707
0.043137
0.039095
0.044360
0.026053
0.041506
0.046072
0.046864
0.045462
0.048861
0.040083
0.050026
0.057871
0.038739
0.049659
0.045139
0.039001
0.042179
0.038832
0.042438
0.038656
0.050989
0.035831
0.027813
0.037048
0.036455
0.038220
0.033148
0.036423
0.049110
0.048307
0.047120
0.035729
0.049588
0.054889
0.041862
0.033372
0.031510
0.028749
0.039092
0.025805
0.034839
0.042099
0.048421
0.042291
0.051086
0.066048
0.046058
0.043713
0.044262
0.049297
0.034305
0.053449
0.042389
0.037896
0.040102
0.051695
0.036324
0.033656
0.038775
0.040519
0.050268
0.049538
0.045478
0.036142
0.040681
0.038876
0.033030
0.043655
0.037032
0.019825
0.030550
0.040143
0.066700
0.031172
0.039099
0.027139
0.028660
0.044053
0.049567
0.043844
0.044283
0.023325
0.042167
0.045043
0.038280
0.047019
0.046780
0.048718
0.053953
0.030423
0.049038
0.041831
0.036779
0.032995
0.031471
0.050527
0.053380
0.054138
0.046278
0.043338
0.041935
0.044737
0.031129
0.035533
0.049717
0.045969
0.031158
0.034964
0.049991
0.054805
0.053067
0.044430
0.023526
0.030999
0.047881
0.050903
0.069360
0.046756
0.040080
0.032184
0.032648
0.034556
0.043443
0.040057
0.030156
0.038141
0.037812
0.036447
0.033016
0.044035
0.038296
0.042777
0.036869
0.041980
0.055138
0.039534
0.062201
0.051363
0.028903
0.041246
0.039694
0.036603
0.049323
0.048095
0.046177
0.028895
0.050959
0.048858
0.039577
0.047124
0.049166
0.044511
0.041515
0.042364
0.041535
0.037127
0.037885
0.058225
0.038742
0.045611
0.044017
0.029732
0.035146
0.029305
0.038899
0.036242
0.030007
0.023015
0.035811
0.035391
0.033477
0.030705
0.033874
0.035666
0.017921
0.038347
0.043539
0.038005
0.038562
0.036532
0.037830
0.049251
0.037857
0.030348
0.033839
0.044086
0.065288
0.050085
0.048052
0.037959
0.046754
0.047604
0.035798
0.045321
0.034517
0.043125
0.032045
0.042068
0.046918
0.034839
0.020371
0.029077
0.041349
0.030932
0.048629
0.031913
0.041649
0.032182
0.028961
0.028749
0.034721
0.041406
0.046218
0.035228
0.035784
0.029347
0.038949
0.044646
0.037157
0.041829
0.037871
0.039047
0.049584
0.038130
0.029372
0.036216
0.042140
0.037605
0.040809
0.038473
0.042897
0.045110
0.043863
0.041816
0.040707
0.043460
0.046998
0.025830
0.039900
0.032788
0.037845
0.032381
0.038778
0.033494
0.035272
0.034052
0.044311
0.051288
0.034381
0.028901
0.028414
0.038179
0.031892
0.030550
0.037212
0.034600
0.031132
0.035842
0.052247
0.041292
0.041569
0.037881
0.023653
0.031380
0.046350
0.038274
0.048372
0.035841
0.039196
0.029734
0.033734
0.044420
0.048692
0.043685
0.041927
0.023786
0.031007
0.029520
0.029896
0.035758
0.022527
0.044329
0.049834
0.032254
0.045141
0.040750
0.042549
0.043566
0.043869
0.046457
0.018504
0.037745
0.046322
0.049452
0.044477
0.052963
0.034896
0.033463
0.040061
0.043211
0.044029
0.039820
0.040699
0.046888
0.035917
0.040262
0.041138
0.047686
0.031866
0.030905
0.040473
0.035257
0.041095
0.037685
0.036586
0.036729
0.040076
0.045057
0.041126
0.037274
0.047372
0.051654
0.049751
0.042126
0.043895
0.044023
0.038818
0.043859
0.040300
0.039347
0.025882
0.029394
0.030926
0.037080
0.025797
0.032220
0.033919
0.038215
0.044195
0.048862
0.046866
0.023115
0.057552
0.042987
0.042050
0.049741
0.043446
0.049368
0.039385
0.035672
0.039736
0.031580
0.048103
0.041956
0.022568
0.039216
0.044558
0.032187
0.049781
0.034625
0.036977
0.032153
0.044739
0.042741
0.035628
0.039496
0.041210
0.037405
0.039587
0.025785
0.046588
0.032496
0.030571
0.028919
0.045370
0.037383
0.033615
0.031028
0.044180
0.043564
0.061016
0.038911
0.028805
0.035782
0.031448
0.038262
0.022588
0.038731
0.039312
0.035279
0.041424
0.027923
0.042039
0.029439
0.041243
0.043131
0.047794
0.064018
0.028540
0.045774
0.041544
0.044114
0.038289
0.041557
0.031556
0.047004
0.051829
0.043421
0.053292
0.029665
0.048414
0.047026
0.044532
0.040837
0.046622
0.040230
0.036413
0.048427
0.044110
0.047955
0.025761
0.030608
0.042739
0.042147
0.038862
0.040256
0.044422
0.037945
0.035551
0.031691
0.031089
0.043449
0.032484
0.035250
0.032147
0.042968
0.022415
0.032133
0.039127
0.037005
0.044142
0.040429
0.034713
0.029257
0.036135
0.044480
0.044773
0.044243
0.051823
0.046152
0.043532
0.035130
0.048489
0.044005
0.033930
0.028947
0.039185
0.052615
0.045282
0.041433
0.038773
0.027508
0.033104
0.040943
0.046463
0.036261
0.039005
0.041768
0.045967
0.034219
0.038639
0.041543
0.048368
0.031291
0.045756
0.028832
0.040711
0.036165
0.031857
0.026467
0.040810
0.042892
0.043416
0.030173
0.030246
0.040796
0.032645
0.042350
0.041616
0.033546
0.046491
0.036937
0.034674
0.028087
0.029637
0.035128
0.043557
0.042036
0.032714
0.032909
0.040267
0.035019
0.051933
0.049455
0.054432
0.066326
0.048616
0.026782
0.040383
0.034674
0.029473
0.050079
0.049041
0.048211
0.039283
0.039876
0.039531
0.040330
0.035281
0.037810
0.040917
0.040345
0.047930
0.034338
0.031297
0.045264
0.050371
0.045691
0.049284
0.033368
0.040427
0.048904
0.045106
0.037823
0.038170
0.038235
0.043675
0.024671
0.046271
0.045489
0.041390
0.033165
0.028316
0.047496
0.038099
0.042641
0.033788
0.030913
0.035102
0.044338
0.041772
0.046323
0.046343
0.037627
0.048458
0.045858
0.027614
0.048999
0.044902
0.052382
0.042472
0.020040
0.044250
0.041815
0.037898
0.048018
0.035732
0.031635
0.034572
0.035759
0.045138
0.039180
0.045558
0.050084
0.042114
0.037903
0.029400
0.033536
0.041218
0.021043
0.028322
0.033567
0.035011
0.031000
0.021119
0.028879
0.027409
0.030724
0.034338
0.039260
0.037589
0.028778
0.033806
0.041208
0.041757
0.032721
0.047169
0.049248
0.039994
0.042744
0.040262
0.053389
0.042384
0.051179
0.041334
0.044367
0.044841
0.057983
0.042500
0.055300
0.059060
0.056272
0.037686
0.042610
0.054578
0.035842
0.042764
0.045649
0.051648
0.036990
0.039173
0.042347
0.064970
0.042171
0.038538
0.042397
0.039527
0.041044
0.030738
0.044316
0.038085
0.044070
0.040025
0.021481
0.047121
0.045362
0.041332
0.036360
0.045062
0.037547
0.031323
0.032487
0.038059
0.025184
0.038527
0.029338
0.039695
0.034238
0.055199
0.039198
0.036195
0.025098
0.033468
0.028658
0.038123
0.048850
0.046087
0.057943
0.051198
0.039759
0.035828
0.033298
0.052882
0.037275
0.042586
0.037529
0.048606
0.050905
0.046632
0.046095
0.043131
0.033327
0.043236
0.039748
0.044779
0.038121
0.044785
0.037875
0.034861
0.043880
0.042209
0.044339
0.048262
0.060715
0.045098
0.043357
0.039317
0.039964
0.034346
0.042648
0.046270
0.038393
0.034615
0.043604
0.040148
0.048726
0.029701
0.033482
0.041118
0.037125
0.031608
0.032435
0.036447
0.040502
0.041860
0.049751
0.050316
0.033597
0.029486
0.031579
0.043488
0.046652
0.045172
0.040993
0.030592
0.029931
0.033288
0.044895
0.041516
0.047835
0.030778
0.043671
0.023452
0.032531
0.040978
0.036335
0.030800
0.041393
0.027596
0.031336
0.033075
0.034873
0.033676
0.026695
0.028615
0.040404
0.039807
0.035800
0.024617
0.034294
0.050709
0.046185
0.041648
0.042900
0.032382
0.037532
0.024431
0.027871
0.024132
0.032036
0.047869
0.039422
0.034493
0.026984
0.026523
0.033316
0.034932
0.034350
0.034266
0.034024
0.046672
0.040735
0.034649
0.036545
0.031549
0.029609
0.042440
0.027359
0.040396
0.023919
0.031382
0.032082
0.031274
0.040092
0.038528
0.037581
0.032396
0.031885
0.032329
0.030159
0.035949
0.039909
0.040447
0.034275
0.044633
0.051966
0.036277
0.038930
0.039538
0.050843
0.037442
0.042824
0.041379
0.038558
0.036542
0.040115
0.046159
0.032161
0.045547
0.045738
0.059994
0.036253
0.035465
0.047937
0.028227
0.041458
0.038941
0.040462
0.037817
0.040342
0.042087
0.035895
0.037754
0.028296
0.033101
0.034035
0.029823
0.036734
0.041324
0.039292
0.036599
0.036437
0.035799
0.044005
0.037334
0.037497
0.027607
0.037087
0.034007
0.030262
0.031057
