0.012440
0.038702
0.034110
0.054302
0.045511
0.035856
0.027718
0.030946
0.036607
0.037200
0.032133
0.029312
0.041866
0.049852
0.038949
0.039493
0.044728
0.042690
0.031737
0.036055
0.027404
0.037040
0.039924
0.042037
0.038194
0.049965
0.030535
0.040691
0.037545
0.038503
0.037768
0.037844
0.046679
0.037099
0.050528
0.037858
0.036321
0.049494
0.032650
0.031478
0.039712
0.033670
0.030772
0.029852
0.039505
0.038695
0.043119
0.042234
0.037905
0.024703
0.036158
0.038083
0.038129
0.041316
0.036209
0.034081
0.045682
0.031637
0.030862
0.036018
0.029378
0.028617
0.034497
0.025534
0.029985
0.032267
0.038919
0.035317
0.029681
0.039145
0.044620
0.048966
0.039901
0.036825
0.060578
0.049670
0.040005
0.033223
0.033391
0.029986
0.037539
0.049074
0.048557
0.032020
0.042236
0.038844
0.045554
0.049850
0.053494
0.049312
0.033209
0.058690
0.048803
0.046971
0.033735
0.045115
0.029874
0.031749
0.033422
0.026170
0.041180
0.028184
0.043995
0.028929
0.039237
0.036851
0.034187
0.042770
0.040403
0.040592
0.028017
0.026840
0.066380
0.040212
0.025396
0.033590
0.037466
0.044269
0.036274
0.040099
0.044656
0.049538
0.039440
0.041877
0.036282
0.043647
0.046314
0.029410
0.039477
0.040467
0.027376
0.038207
0.027479
0.037393
0.029726
0.035885
0.026416
0.038521
0.031929
0.038025
0.035079
0.041996
0.033540
0.031545
0.041419
0.046994
0.035359
0.039665
0.030440
0.039634
0.031340
0.032649
0.035522
0.036864
0.031688
0.036457
0.036376
0.031170
0.043329
0.028091
0.044820
0.029199
0.037492
0.046775
0.027268
0.036528
0.040067
0.041621
0.037946
0.036350
0.040732
0.029557
0.028495
0.025953
0.035537
0.039612
0.027211
0.023454
0.037405
0.035619
0.035177
0.033124
0.038935
0.039984
0.040647
0.035411
0.028753
0.029567
0.038010
0.041749
0.036303
0.030159
0.030251
0.029433
0.040255
0.038914
0.043047
0.027843
0.039423
0.038765
0.032998
0.028895
0.040714
0.041212
0.034700
0.044239
0.042161
0.056666
0.021297
0.049985
0.039058
0.040040
0.035495
0.033561
0.040853
0.035179
0.032842
0.032735
0.027355
0.035510
0.031930
0.031723
0.030222
0.036437
0.043413
0.033735
0.040156
0.035379
0.037712
0.023970
0.035607
0.038691
0.033216
0.040894
0.025537
0.029357
0.038014
0.043550
0.036046
0.037457
0.043639
0.030936
0.050723
0.046178
0.032295
0.043033
0.047538
0.040625
0.032759
0.035852
0.034470
0.037747
0.035521
0.037460
0.041693
0.047690
0.045635
0.025970
0.022366
0.044059
0.027753
0.025521
0.025409
0.028939
0.039696
0.024454
0.026675
0.041316
0.033766
0.036861
0.039336
0.039308
0.038157
0.055698
0.046942
0.041978
0.043313
0.037030
0.038575
0.049407
0.042589
0.059765
0.055388
0.055766
0.047218
0.042861
0.033272
0.042859
0.044826
0.037170
0.027459
0.037782
0.032422
0.030412
0.021279
0.037398
0.040579
0.041543
0.042357
0.044418
0.043488
0.034507
0.053576
0.051631
0.056017
0.046953
0.036270
0.042448
0.041548
0.065506
0.064108
0.043785
0.033642
0.028762
0.036773
0.031385
0.036741
0.049718
0.031673
0.033257
0.059901
0.044245
0.047670
0.033768
0.045861
0.030327
0.030013
0.035416
0.027083
0.035425
0.031085
0.038951
0.031956
0.039321
0.029874
0.039568
0.036848
0.035864
0.047490
0.031808
0.036479
0.038419
0.033041
0.034605
0.040181
0.044662
0.038957
0.027286
0.035243
0.032750
0.032682
0.031701
0.024814
0.028265
0.026474
0.031563
0.040587
0.039821
0.035331
0.035095
0.054531
0.043953
0.032280
0.028638
0.037227
0.032756
0.036715
0.038825
0.038220
0.028093
0.042289
0.046636
0.051269
0.046841
0.046021
0.049544
0.037780
0.035992
0.040618
0.041352
0.046517
0.042503
0.048158
0.045973
0.053754
0.052203
0.059488
0.039484
0.044453
0.044455
0.025294
0.033893
0.028745
0.034362
0.035893
0.036163
0.038269
0.044449
0.046319
0.044523
0.028375
0.038326
0.040483
0.037281
0.036909
0.038780
0.049143
0.031524
0.049017
0.044812
0.046653
0.029129
0.035370
0.034481
0.025493
0.027120
0.029772
0.033741
0.032625
0.019976
0.033109
0.029316
0.041288
0.036457
0.036514
0.042560
0.041025
0.037717
0.049237
0.031858
0.035146
0.041599
0.037050
0.034282
0.034855
0.044779
0.040641
0.025357
0.024484
0.028506
0.045263
0.031882
0.043595
0.043296
0.047450
0.031230
0.033674
0.034485
0.033513
0.038108
0.033536
0.036550
0.040666
0.035451
0.042816
0.037885
0.048321
0.039917
0.037856
0.045754
0.039429
0.036202
0.037540
0.039551
0.035969
0.030390
0.042393
0.039040
0.037414
0.038891
0.021854
0.040203
0.036849
0.035486
0.028341
0.042265
0.044247
0.037394
0.040018
0.034240
0.044294
0.038377
0.033565
0.049110
0.031402
0.040527
0.061483
0.028798
0.038917
0.035445
0.049309
0.042319
0.038623
0.037399
0.023398
0.033914
0.036086
0.044307
0.036498
0.042966
0.023158
0.039167
0.033982
0.044295
0.041233
0.043686
0.037604
0.041514
0.040035
0.046082
0.034611
0.038998
0.033631
0.027877
0.031779
0.027263
0.036746
0.053837
0.049536
0.045560
0.043757
0.044045
0.042555
0.041976
0.034326
0.025090
0.038470
0.031480
0.037340
0.035219
0.038426
0.043050
0.036843
0.038663
0.038099
0.031631
0.040220
0.052654
0.044109
0.026359
0.048188
0.036368
0.028021
0.048811
0.030239
0.037488
0.038971
0.041750
0.019129
0.035854
0.041849
0.028930
0.033558
0.034938
0.030890
0.027663
0.039653
0.047695
0.044769
0.041968
0.038938
0.030490
0.029033
0.052454
0.045366
0.041372
0.031485
0.031894
0.047235
0.040125
0.038756
0.027176
0.043173
0.035816
0.052624
0.043647
0.051235
0.034815
0.031300
0.036291
0.027061
0.041825
0.035544
0.030336
0.038441
0.035953
0.029366
0.042274
0.040439
0.033153
0.026200
0.033286
0.030847
0.041301
0.048344
0.045596
0.028796
0.038384
0.043546
0.026429
0.035471
0.046886
0.045517
0.037491
0.037519
0.032362
0.039427
0.054195
0.034498
0.035573
0.030025
0.038346
0.028408
0.036601
0.037048
0.041679
0.048295
0.032336
0.054059
0.045195
0.024227
0.034253
0.034893
0.036736
0.053265
0.042011
0.034886
0.032655
0.039568
0.039621
0.063233
0.047101
0.030456
0.036843
0.048840
0.042732
0.035028
0.037780
0.033159
0.044587
0.040589
0.033463
