0.011773
0.054441
0.029787
0.028039
0.028485
0.036059
0.040889
0.035373
0.032847
0.048421
0.040912
0.046588
0.041436
0.044659
0.022207
0.033604
0.045843
0.060093
0.049958
0.036307
0.027750
0.043700
0.035925
0.026604
0.043610
0.040060
0.046443
0.048823
0.041124
0.044416
0.033724
0.044719
0.037701
0.029152
0.035029
0.032510
0.032186
0.033500
0.053324
0.042583
0.041947
0.036975
0.033701
0.027068
0.037354
0.031043
0.050532
0.043982
0.026515
0.034166
0.045954
0.045226
0.036979
0.027111
0.044515
0.056596
0.042630
0.043025
0.043436
0.036275
0.028862
0.034339
0.038852
0.028714
0.043106
0.036002
0.027573
0.041363
0.042356
0.046709
0.025414
0.038224
0.044425
0.034610
0.034861
0.043613
0.041625
0.048075
0.037943
0.040995
0.026757
0.038394
0.040555
0.057808
0.036916
0.039321
0.043480
0.046592
0.050499
0.044720
0.047976
0.046409
0.055714
0.050303
0.058688
0.043592
0.038947
0.039810
0.043339
0.038543
0.043821
0.036509
0.044694
0.039721
0.035286
0.038738
0.062734
0.045324
0.043634
0.046234
0.037223
0.035080
0.049971
0.045657
0.044089
0.034106
0.022001
0.034187
0.040873
0.031017
0.025636
0.036772
0.041778
0.036719
0.024352
0.036923
0.035865
0.038283
0.039006
0.033514
0.039941
0.033503
0.029463
0.024018
0.047110
0.037451
0.019664
0.042301
0.037503
0.032047
0.032354
0.037760
0.037644
0.047250
0.038112
0.043549
0.039357
0.043803
0.033645
0.037241
0.042093
0.040280
0.045174
0.027348
0.030849
0.034673
0.030197
0.039192
0.039869
0.030546
0.032929
0.036212
0.050892
0.038956
0.040944
0.034396
0.033683
0.041332
0.036948
0.036149
0.045145
0.045942
0.031946
0.029092
0.041106
0.027030
0.029647
0.033669
0.038616
0.032993
0.046229
0.040228
0.044360
0.027671
0.042735
0.034463
0.029392
0.021767
0.042488
0.037190
0.019632
0.035397
0.039850
0.023754
0.031955
0.040795
0.045814
0.039578
0.036222
0.036352
0.032933
0.038024
0.037515
0.038111
0.027855
0.041704
0.033450
0.048407
0.036327
0.033771
0.037357
0.037093
0.049797
0.042631
0.040456
0.043208
0.044905
0.049047
0.043905
0.036205
0.035079
0.061234
0.034354
0.029562
0.034435
0.037428
0.031692
0.027819
0.031933
0.027278
0.036883
0.038704
0.041691
0.035398
0.047736
0.040319
0.041048
0.032825
0.040297
0.035540
0.039287
0.047596
0.039034
0.039018
0.041363
0.028447
0.032802
0.041250
0.044586
0.048373
0.037329
0.035712
0.047811
0.029969
0.042699
0.036021
0.039287
0.034875
0.048640
0.050271
0.043724
0.048533
0.043507
0.042871
0.043245
0.047378
0.047609
0.038351
0.036702
0.040960
0.048648
0.039672
0.041073
0.028462
0.045525
0.048164
0.040552
0.033403
0.025782
0.035814
0.031876
0.046204
0.040539
0.020673
0.041633
0.041434
0.033085
0.045541
0.031141
0.042582
0.039030
0.044062
0.051443
0.044654
0.043497
0.032453
0.046660
0.049768
0.034924
0.028379
0.051026
0.037302
0.034847
0.039746
0.037368
0.048962
0.033965
0.049044
0.048053
0.039161
0.024748
0.035670
0.037614
0.043170
0.039989
0.039553
0.038721
0.037991
0.031205
0.035872
0.040686
0.038293
0.052299
0.042333
0.036601
0.028239
0.032437
0.032134
0.041338
0.025372
0.038723
0.030731
0.036299
0.045670
0.033968
0.047432
0.043681
0.025866
0.031119
0.030216
0.047476
0.038726
0.043385
0.033301
0.023742
0.034996
0.042716
0.038352
0.042035
0.043017
0.043397
0.043007
0.034578
0.078650
0.036635
0.047310
0.045526
0.046315
0.032125
0.036549
0.032513
0.039576
0.044120
0.045478
0.048926
0.044775
0.032053
0.065835
0.042495
0.029984
0.057640
0.043995
0.049989
0.052401
0.034587
0.035329
0.027399
0.033708
0.041391
0.052161
0.041367
0.050245
0.045802
0.052465
0.033294
0.059495
0.038620
0.047578
0.044200
0.047582
0.038994
0.040997
0.048405
0.047149
0.046032
0.043871
0.044620
0.042557
0.037781
0.037120
0.033782
0.034157
0.032228
0.032144
0.034390
0.030774
0.038412
0.037671
0.032898
0.027972
0.033298
0.047930
0.045488
0.040025
0.043637
0.025891
0.038092
0.045783
0.031617
0.032353
0.030189
0.028976
0.048543
0.051122
0.049304
0.045968
0.040428
0.039386
0.048294
0.044188
0.041571
0.031738
0.034163
0.034521
0.037732
0.037968
0.031309
0.043249
0.029764
0.040987
0.034249
0.042930
0.045416
0.033451
0.039535
0.045223
0.034684
0.031049
0.039169
0.027401
0.030354
0.036611
0.040676
0.039262
0.044720
0.033483
0.024690
0.030771
0.036406
0.047487
0.039951
0.035592
0.034012
0.033995
0.040457
0.043690
0.043366
0.028402
0.041920
0.039232
0.044744
0.052569
0.052999
0.049435
0.048071
0.048045
0.042917
0.033740
0.023178
0.027659
0.025651
0.026531
0.039589
0.046267
0.042180
0.029246
0.026095
0.050829
0.041341
0.044545
0.053036
0.032099
0.050670
0.051778
0.050765
0.050068
0.030609
0.041405
0.032753
0.037513
0.032468
0.029613
0.040071
0.031415
0.026554
0.038663
0.023157
0.032906
0.031096
0.031160
0.038969
0.036642
0.039892
0.034428
0.042053
0.038767
0.034672
0.032921
0.034736
0.055153
0.054726
0.032338
0.033904
0.037922
0.031414
0.035321
0.046328
0.055474
0.042387
0.041312
0.033249
0.040752
0.032886
0.045960
0.036596
0.044883
0.040728
0.058639
0.030843
0.047320
0.040102
0.034372
0.042132
0.054123
0.038878
0.053423
0.047353
0.039310
0.045639
0.036499
0.023891
0.040683
0.030836
0.025758
0.039700
0.035657
0.037125
0.026084
0.039656
0.029756
0.038950
0.038868
0.034328
0.047496
0.045103
0.037366
0.041123
0.036060
0.027877
0.046842
0.041346
0.043753
0.028998
0.039977
0.049103
0.042597
0.036455
0.045599
0.036918
0.032781
0.043040
0.036129
0.026382
0.028280
0.049182
0.036782
0.042229
0.046343
0.046076
0.040916
0.029758
0.042127
0.026287
0.044483
0.036120
0.045051
0.039435
0.058849
0.051047
0.047785
0.032367
0.031887
0.044118
0.038081
0.038443
0.044971
0.047541
0.041777
0.054770
0.032505
0.035975
0.033038
0.047982
0.054538
0.050301
0.039078
0.040011
0.038638
0.028846
0.029826
0.036404
0.039714
0.042948
0.048471
0.038484
0.038325
0.031687
0.053000
0.042220
0.041775
0.037843
0.037634
0.042801
0.038202
0.042510
0.026065
0.037359
0.036958
0.050716
0.038716
0.025454
0.042319
0.030367
0.045772
0.046373
0.040471
0.040282
0.051959
0.024580
0.046591
0.040686
0.045678
0.039360
0.043025
0.054599
0.047659
0.042691
0.036008
0.026540
0.034509
0.030859
0.025292
0.033625
0.023731
0.037966
0.037220
0.041998
0.045170
0.031828
0.041081
0.031349
0.036560
0.032325
0.021482
0.031230
0.031192
0.030035
0.030953
0.030306
0.028293
0.050440
0.048136
0.041358
0.036119
0.045947
0.043428
0.032664
0.043040
0.037959
0.045381
0.022523
0.033014
0.028648
0.025712
0.034820
0.039430
0.041426
0.049716
0.042300
0.022381
0.031960
0.043795
0.030568
0.026450
0.030530
0.040509
0.039438
0.038739
0.021236
0.056223
0.038097
0.043398
0.041772
0.035244
0.028117
0.034503
0.038774
0.034001
0.041458
0.023291
0.044740
0.033543
0.030309
0.025251
0.037809
0.025356
0.025430
0.030989
0.030442
0.035638
0.040338
0.038891
0.036627
0.035891
0.029634
0.038226
0.039067
0.047190
0.045417
0.052712
0.031998
0.040255
0.041548
0.040855
0.024501
0.040319
0.045540
0.037555
0.041645
0.032597
0.035313
0.036420
0.030044
0.040770
0.035727
0.028779
0.042568
0.036925
0.037232
0.038447
0.033381
0.030337
0.034545
0.027685
0.032744
0.048269
0.039212
0.048332
0.043101
0.046622
0.046425
0.055627
0.055651
0.043267
0.041176
0.035624
0.027073
0.037274
0.041466
0.035760
0.025536
0.036946
0.023143
0.029456
0.033929
0.032582
0.027819
0.035424
0.040788
0.031670
0.043639
0.022727
0.032738
0.036401
0.046869
0.045547
0.042247
0.053082
0.043164
0.061500
0.035141
0.056294
0.037748
0.033521
0.048412
0.049458
0.043648
0.041657
0.037473
0.035421
0.035408
0.037437
0.029348
0.043676
0.035748
0.039711
0.051645
0.041185
0.043763
0.033862
0.044783
0.037951
0.039896
0.038931
0.041842
0.039169
0.030947
0.035849
0.036566
0.037376
0.039937
0.042582
0.042466
0.041039
0.046824
0.048625
0.038549
0.027342
0.043293
0.047340
0.036957
0.045999
0.037826
0.029076
0.037459
0.040304
0.028148
0.033814
0.037121
0.023774
0.033920
0.040168
0.030694
0.033754
0.030474
0.023971
0.040309
0.035699
0.047563
0.036458
0.036633
0.033231
0.030055
0.038671
0.041920
0.039691
0.040616
0.034607
0.035233
0.042367
0.037393
0.040217
0.039266
0.037727
0.040645
0.039749
0.043267
0.033649
0.040393
0.036875
0.034968
0.039400
0.042243
0.040421
0.044567
0.049787
0.063801
0.036299
0.047474
0.042830
0.045438
0.046131
0.038200
0.044902
0.053316
0.041797
0.042657
0.040980
0.042074
0.038609
0.038638
0.037069
0.036999
0.032057
0.033971
0.027519
0.034212
0.027598
0.038503
0.028315
0.030065
0.031040
0.034568
0.029858
0.044899
0.036273
0.049345
0.031877
0.042041
0.035172
0.035444
0.036252
0.038496
0.043898
0.034558
0.028499
0.038967
0.037149
0.043849
0.036693
0.034430
0.054678
0.032389
0.046420
0.039865
0.054596
0.049695
0.050712
0.032634
0.025570
0.028783
0.026792
0.041124
0.045177
0.047417
0.037776
0.045809
0.053693
0.039751
0.044633
0.046968
0.033907
0.049759
0.050677
0.035042
0.034426
0.039494
0.037063
0.027969
0.030348
0.033794
0.026835
0.034823
0.029411
0.038132
0.038811
0.042132
0.030630
0.031509
0.036657
0.040443
0.038561
0.039002
0.034684
0.040117
0.043097
0.042637
0.044096
0.039658
0.028730
0.028734
0.038908
0.029310
0.035925
0.037879
0.036523
0.042821
0.035265
0.037810
0.037558
0.044119
0.029691
0.027027
0.026513
0.028598
0.025784
0.040270
0.034923
0.040171
0.044053
0.046114
0.043584
0.040194
0.041416
0.052866
0.056404
0.043018
0.053598
0.049555
0.048237
0.044366
0.043047
0.033423
0.055544
0.055229
0.052616
0.049293
0.045834
0.041622
0.037210
0.037390
0.038513
0.040315
0.040069
0.037081
0.027304
0.033594
0.040367
0.040905
0.038216
0.045191
0.039330
0.025487
0.044886
0.039308
0.043824
0.047098
0.037502
0.036926
0.030064
0.035101
0.032942
0.043942
0.034626
0.035355
0.042979
0.038334
0.041463
0.048286
0.043044
0.037759
0.040599
0.040172
0.036720
0.037946
0.023941
0.032083
0.038471
0.040056
0.028328
0.034976
0.046069
0.041169
0.042384
0.042275
0.042694
0.048599
0.040176
0.037142
0.033407
0.048373
0.048409
0.029508
0.031095
0.040031
0.036088
0.035265
0.045625
0.049921
0.051704
0.028425
0.040542
0.022923
0.032204
0.033778
0.031138
0.045108
0.044026
0.043234
0.040868
0.042286
0.040534
0.033352
0.036823
0.042145
0.025896
0.043641
0.037505
0.043735
0.035700
0.043441
0.036291
0.038356
0.040058
0.029929
0.053921
0.041808
0.050423
0.031972
0.030396
0.034972
0.046907
0.040406
0.033891
0.037155
0.036036
0.029619
0.023948
0.040160
0.042444
0.037963
0.034295
0.045627
0.034733
0.042765
0.029129
0.034947
0.043605
0.041310
0.047962
0.054191
0.026348
0.044284
0.038477
0.041366
0.047389
0.042413
0.022593
0.036051
0.044656
0.041541
0.038105
0.033458
0.052241
0.042401
0.032876
0.040174
0.041363
0.033015
0.032362
0.032854
0.040307
0.039616
0.023715
0.028821
0.045275
0.036568
0.044182
0.026470
0.049280
0.037951
0.048124
0.043170
0.040803
0.041962
0.041656
0.033181
0.030365
0.040006
0.049700
0.050791
0.026004
0.043190
0.058747
0.039589
0.037833
0.036285
0.046666
0.031889
0.036997
0.040539
0.043080
0.049187
0.035968
0.031400
0.034690
0.043246
0.042326
0.038213
0.046498
0.033841
0.038135
0.028960
0.031434
0.046505
0.033067
0.038845
0.022511
0.045818
0.037659
0.040508
0.044274
0.043031
0.039891
0.035529
0.030210
0.036410
0.046261
0.035152
0.043909
0.048695
0.041241
0.044929
0.045784
0.043820
0.039505
0.044916
0.046991
0.031319
0.043695
0.039275
0.037148
0.037424
0.038388
0.061180
0.055626
0.044626
0.041805
0.025792
0.032203
0.033954
0.043140
0.044268
0.040791
0.042253
0.035949
0.027383
0.042631
0.044706
0.043103
0.037273
0.041402
0.035921
0.038906
0.039905
0.048502
0.040793
0.041257
0.037604
0.053493
0.037462
0.022468
0.044290
0.039043
0.036121
0.039916
0.041453
0.037147
0.036414
0.037662
0.033456
0.045042
0.034038
0.040880
0.045320
0.040155
0.030407
0.038494
0.030607
0.044675
0.031785
0.039798
0.048273
0.027852
0.043100
0.036278
0.037454
0.033658
0.049010
0.047098
0.034078
0.040838
0.052822
0.041950
0.039220
0.032684
0.034681
0.045150
0.041863
0.029308
0.042082
0.043932
0.046140
0.044442
0.042212
0.046964
0.043558
0.034551
0.048119
0.044892
0.036076
0.032364
0.040897
0.041829
0.030771
0.040890
0.043654
0.039685
0.042680
0.033312
0.037333
0.048694
0.043378
0.050035
0.026878
0.042813
0.046666
0.044081
0.050292
0.028715
0.035951
0.047085
0.035304
0.052607
0.039176
0.049049
0.051332
0.053904
0.044168
0.043749
0.039892
0.054862
0.046034
0.038406
0.019486
0.039943
0.042804
0.043091
0.027220
0.041221
0.066465
0.032968
0.026407
0.031511
0.043397
0.048622
0.039935
0.046824
0.022680
0.032361
0.042005
0.035471
0.040540
0.032366
0.053286
0.043683
0.045066
0.037687
0.046237
0.032589
0.042385
0.045594
0.051996
0.048042
0.043267
0.051023
0.034170
0.046105
0.040179
0.045595
0.045185
0.044463
0.054557
0.050463
0.046259
0.042406
0.026357
0.044481
0.037858
0.019801
0.040114
0.029965
0.038407
0.028284
0.026907
0.043289
0.042281
0.046079
0.035856
0.038061
0.036322
0.046220
0.040561
0.036430
0.046275
0.037788
0.052890
0.033449
0.023276
0.044167
0.033014
0.046391
0.047780
0.044039
0.028420
0.043125
0.037306
0.045411
0.050163
0.049853
0.050392
0.052744
0.046893
0.043774
0.036737
0.033394
0.029206
0.040238
0.034329
0.042121
0.049397
0.052822
0.039165
0.049301
0.027643
0.047645
0.035163
0.039689
0.034636
0.043498
0.042043
0.027086
0.035578
0.038858
0.048499
0.044235
0.044112
0.050584
0.044311
0.050689
0.048052
0.038777
0.043197
0.040096
0.041012
0.043705
0.042922
0.031411
0.041873
0.051425
0.031671
0.036449
0.038600
0.037703
0.029647
0.053184
0.046454
0.043539
0.028738
0.036893
0.043992
0.052125
0.049689
0.045927
0.041354
0.030991
0.055170
0.037653
0.036384
0.040591
0.040847
0.033976
0.023984
0.041275
0.040700
0.036843
0.028561
0.036570
0.048124
0.034408
0.035767
0.031970
0.038402
0.047543
0.037558
0.043650
0.049343
0.060240
0.041541
0.053999
0.040645
0.033554
0.043505
0.041503
0.035688
0.044268
0.049068
0.046274
0.038435
0.049009
0.052069
0.048972
0.031489
0.039220
0.041923
0.043849
0.047568
0.049939
0.036720
0.032376
0.034028
0.040934
0.038632
0.046141
0.027792
0.033726
0.028912
0.047249
0.024031
0.037676
0.035098
0.047795
0.047261
0.048408
0.051775
0.037018
0.039781
0.029989
0.025951
0.042400
0.040066
0.044216
0.046711
0.050047
0.042485
0.045728
0.051872
0.036260
0.040586
0.034888
0.041431
0.040464
0.034590
0.030580
0.037396
0.044180
0.045359
0.030479
0.035491
0.039653
0.041493
0.030448
0.035526
0.044339
0.038560
0.045373
0.048389
0.044893
0.047125
0.025928
0.035635
0.034945
0.035644
0.043264
0.045175
0.038757
0.031361
0.031078
0.032711
0.035795
0.034019
0.035085
0.035455
0.031630
0.036138
0.038528
0.037292
0.035403
0.023703
0.029426
0.033665
0.040980
0.042849
0.045444
0.042827
0.060897
0.061862
0.032273
0.035577
0.047398
0.052439
0.047508
0.041308
0.042982
0.046679
0.052887
0.053752
0.054180
0.044600
0.046250
0.053207
0.048043
0.055339
0.062834
0.052919
0.045176
0.056578
0.036192
0.058576
0.034544
0.049167
0.046361
0.052702
0.058246
0.031258
0.046610
0.045185
0.038236
0.040045
0.040524
0.053194
0.043658
0.051249
0.044411
0.039186
0.037834
0.038009
0.033233
0.029516
0.030243
0.044733
0.039479
0.051595
0.051518
0.045781
0.041895
0.040154
0.036502
0.058532
0.047287
0.045649
0.039664
0.033518
0.038646
0.037989
0.033919
0.042584
0.049469
0.027196
0.049754
0.050767
0.042740
0.034075
0.045424
0.047953
0.043685
0.048770
0.046420
0.040133
0.039559
0.043303
0.042501
0.033678
0.042489
0.036916
0.033781
0.036047
0.032704
0.041949
0.040081
0.047297
0.040205
0.046565
0.062473
0.046007
0.036322
0.048547
0.050789
0.047767
0.041588
0.033484
0.037771
0.033962
0.027472
0.047240
0.041883
0.039520
0.040778
0.035827
0.033344
0.035742
0.039906
0.040191
0.030218
0.042554
0.033425
0.042900
0.036003
0.037130
0.037277
0.036068
0.040020
0.035777
0.032823
0.031883
0.036975
0.044559
0.040879
0.032375
0.033247
0.039230
0.041470
0.044294
0.043979
0.038088
0.039333
0.040705
0.031448
0.040337
0.036496
0.046188
0.040104
0.033058
0.029934
0.043433
0.046354
0.044338
0.038011
0.048316
0.032366
0.032131
0.043505
0.023357
0.038539
0.041332
0.042567
0.042715
0.046435
0.040298
0.040411
0.039120
0.047282
0.043740
0.036744
0.031151
0.041170
0.032659
0.035614
0.032909
0.053407
0.054007
0.058324
0.042150
0.040905
0.042085
0.039740
0.026907
0.038096
0.038007
0.035224
0.036819
0.037993
0.033804
0.031788
0.041263
0.040831
0.056736
0.047860
0.045500
0.051970
0.041034
0.039619
0.048868
0.039028
0.044236
0.045951
0.024504
0.030406
0.040958
0.035886
0.022018
0.036793
0.038473
0.033524
0.046396
0.040499
0.041117
0.032911
0.028988
0.036188
0.036760
0.042919
0.036687
0.042269
0.041758
0.029557
0.045018
0.078235
0.055660
0.044552
0.049236
0.059910
0.049835
0.041263
0.047188
0.034326
0.040034
0.042624
0.028862
0.045048
0.038564
0.038169
0.037581
0.046620
0.041731
0.042417
0.044529
0.049919
0.040322
0.039305
0.029394
0.031341
0.044887
0.039981
0.026780
0.041765
0.033064
0.040214
0.036112
0.044717
0.038161
0.034438
0.043467
0.038852
0.039650
0.041837
0.021585
0.038640
0.045714
0.033968
0.042883
0.035222
0.041527
0.027353
0.041435
0.032448
0.033450
0.052096
0.035702
0.042562
0.044194
0.041500
0.045695
0.058284
0.048776
0.042494
0.038275
0.040897
0.024499
0.045362
0.037781
0.056451
0.044274
0.043414
0.042645
0.051770
0.044863
0.056956
0.041676
0.027714
0.050068
0.049039
0.039703
0.043221
0.040429
0.039911
0.039526
0.027521
0.038799
0.044983
0.040680
0.035466
0.036640
0.041697
0.039421
0.035702
0.042005
0.049531
0.041842
0.049766
0.044771
0.040557
0.042229
0.040852
0.040573
0.035563
0.028495
0.040196
0.029343
0.032957
0.037505
0.043827
0.044808
0.043742
0.038981
0.045887
0.041191
0.025433
0.045369
0.042036
0.039427
0.039293
0.040655
0.044590
0.041564
0.052960
0.032274
0.044266
0.049686
0.041529
0.041359
0.044225
0.037856
0.035917
0.042573
0.044712
0.042653
0.045355
0.040847
0.035528
0.037564
0.039789
0.040320
0.035780
0.046441
0.042008
0.039817
0.037758
0.040746
0.037806
0.042637
0.037610
0.043529
0.046642
0.039325
0.037986
0.047021
0.051821
0.057247
0.048544
0.067840
0.052947
0.044471
0.050497
0.049827
0.042430
0.043381
0.048130
0.046395
0.036192
0.042133
0.048345
0.041988
0.046679
0.028998
0.051156
0.042384
0.052725
0.044893
0.044433
0.028786
0.027057
0.041359
0.042718
0.034711
0.038738
0.034753
0.045465
0.040242
0.039569
0.041015
0.043517
0.038000
0.043756
0.042487
0.047656
0.032870
0.044510
0.031019
0.034300
0.041909
0.044452
0.044195
0.029164
0.040558
0.039064
0.037920
0.040650
0.059328
0.037585
