0.016301
0.048622
0.044136
0.045871
0.052306
0.038114
0.031446
0.026830
0.039225
0.036843
0.042978
0.030610
0.045505
0.035408
0.031329
0.035979
0.040068
0.039415
0.038008
0.046650
0.035987
0.034880
0.033280
0.034215
0.031681
0.041577
0.050910
0.056825
0.042254
0.050436
0.049287
0.043240
0.044518
0.044695
0.047580
0.040929
0.032906
0.044088
0.041334
0.047333
0.039499
0.050328
0.051465
0.037722
0.046128
0.048365
0.042895
0.044006
0.045764
0.024723
0.025228
0.036566
0.039356
0.030292
0.029740
0.046123
0.028553
0.032989
0.036125
0.034333
0.022624
0.030959
0.038595
0.034559
0.027824
0.037058
0.041064
0.038347
0.047587
0.040481
0.036770
0.046287
0.039289
0.027655
0.033003
0.031893
0.031771
0.034691
0.033180
0.033915
0.046478
0.037458
0.041533
0.029151
0.044763
0.028587
0.040816
0.033862
0.040013
0.038685
0.032618
0.034657
0.032014
0.044374
0.049630
0.034455
0.035427
0.023543
0.043634
0.042843
0.041517
0.043735
0.033094
0.037359
0.026187
0.033983
0.034446
0.040955
0.031538
0.032274
0.029345
0.035867
0.026224
0.043269
0.045765
0.037272
0.031303
0.039685
0.044770
0.029680
0.040320
0.030968
0.038731
0.047571
0.040785
0.040851
0.032659
0.040520
0.035524
0.036874
0.042248
0.043493
0.050893
0.031105
0.040670
0.039480
0.030337
0.031161
0.034529
0.038972
0.041763
0.020754
0.043118
0.034552
0.044730
0.042052
0.034722
0.036982
0.025032
0.033103
0.034547
0.040038
0.029979
0.029830
0.036508
0.041923
0.039805
0.025118
0.037266
0.035736
0.039815
0.026768
0.036289
0.028267
0.037901
0.039930
0.032214
0.042138
0.039017
0.040774
0.053407
0.050997
0.031672
0.021772
0.031354
0.028269
0.037717
0.028250
0.034375
0.031623
0.033078
0.028399
0.030480
0.033429
0.042272
0.042312
0.029533
0.032836
0.030346
0.029259
0.043525
0.039411
0.041553
0.038396
0.023117
0.030540
0.039415
0.046503
0.045308
0.031554
0.029806
0.033509
0.027420
0.039638
0.026222
0.040274
0.029805
0.028985
0.029525
0.038055
0.039075
0.035523
0.032454
0.035506
0.033063
0.031749
0.038859
0.039537
0.042391
0.044482
0.052142
0.046316
0.038671
0.044850
0.036626
0.042901
0.044494
0.046865
0.031074
0.034340
0.045243
0.049250
0.046439
0.060724
0.037207
0.049148
0.052326
0.044452
0.040499
0.044268
0.024361
0.037904
0.032779
0.046968
0.041841
0.043194
0.045951
0.049710
0.034654
0.042030
0.037225
0.026411
0.031052
0.041654
0.045346
0.043540
0.057719
0.035721
0.053072
0.052388
0.051638
0.046678
0.053431
0.051115
0.037519
0.033693
0.044332
0.037500
0.040512
0.027543
0.028195
0.025712
0.039421
0.044204
0.037814
0.040120
0.034666
0.043023
0.040929
0.036906
0.026510
0.031451
0.042157
0.039694
0.042407
0.037411
0.041851
0.039070
0.036169
0.045961
0.043354
0.034765
0.056386
0.045797
0.039611
0.042792
0.038144
0.043542
0.039689
0.041640
0.042376
0.041878
0.032462
0.032862
0.040565
0.045060
0.049701
0.031702
0.049903
0.037027
0.038934
0.031183
0.023941
0.043745
0.032186
0.039499
0.025801
0.048192
0.033084
0.034250
0.041668
0.038406
0.032021
0.036380
0.035563
0.037198
0.041432
0.033124
0.044369
0.042853
0.049136
0.040136
0.038718
0.036617
0.040737
0.028533
0.037138
0.034940
0.035739
0.022203
0.038027
0.039316
0.044890
0.036431
0.032890
0.033035
0.031054
0.028972
0.035952
0.028805
0.036279
0.048883
0.046677
0.047859
0.037356
0.051506
0.044029
0.049234
0.035881
0.034760
0.030838
0.024402
0.030416
0.047260
0.040592
0.049764
0.040276
0.036374
0.039808
0.037715
0.043239
0.037963
0.037800
0.041077
0.034669
0.036554
0.034230
0.043786
0.040200
0.038394
0.047029
0.044817
0.033558
0.029717
0.035984
0.037746
0.029752
0.030268
0.043823
0.043090
0.032405
0.031223
0.043629
0.059352
0.048756
0.049486
0.034762
0.033104
0.032053
0.026298
0.030196
0.037879
0.037002
0.036080
0.037652
0.057589
0.043179
0.050185
0.041818
0.038841
0.031906
0.028240
0.035912
0.021654
0.041302
0.028516
0.035868
0.036895
0.035326
0.033001
0.031441
0.034926
0.027182
0.042585
0.041266
0.037785
0.027104
0.033439
0.036164
0.045548
0.057334
0.039188
0.032693
0.019608
0.030745
0.043504
0.052624
0.042400
0.032915
0.038981
0.033389
0.026824
0.041481
0.030501
0.043724
0.050439
0.023778
0.035223
0.030785
0.036952
0.035439
0.030657
0.029431
0.030462
0.028827
0.042570
0.038649
0.043231
0.042536
0.036985
0.038502
0.033935
0.044352
0.046938
0.048126
0.044395
0.037603
0.053584
0.041279
0.031233
0.037770
0.046748
0.044474
0.040334
0.046018
0.046103
0.043765
0.047103
0.050101
0.038122
0.034578
0.032866
0.029261
0.037000
0.043840
0.037163
0.042905
0.040261
0.036305
0.048355
0.039272
0.037034
0.049246
0.047126
0.040013
0.031416
0.054881
0.042419
0.047724
0.044500
0.034781
0.045678
0.043025
0.037434
0.040346
0.020841
0.053923
0.035943
0.034737
0.029742
0.035354
0.050951
0.047339
0.036977
0.054695
0.037146
0.042750
0.041173
0.032974
0.029934
0.041203
0.033634
0.053152
0.049109
0.052270
0.035802
0.036179
0.051950
0.037134
0.040200
0.049314
0.042161
0.035315
0.048335
0.034898
0.045837
0.053133
0.039239
0.042901
0.025402
0.040823
0.045350
0.045980
0.043013
0.046808
0.042014
0.033984
0.032826
0.047348
0.040737
0.029884
0.038814
0.039964
0.038443
0.040228
0.046568
0.047637
0.038691
0.037612
0.043822
0.046830
0.029430
0.040464
0.043175
0.039192
0.031337
0.035686
0.036891
0.039915
0.035612
0.033127
0.035004
0.026442
0.037075
0.048643
0.029288
0.041000
0.043670
0.040992
0.055683
0.041293
0.043983
0.052569
0.029866
0.044479
0.047033
0.048276
0.032834
0.034786
0.024776
0.037849
0.044631
0.035253
0.026989
0.029946
0.034226
0.044980
0.042070
0.049149
0.032103
0.037344
0.035994
0.040550
0.039222
0.031197
0.035423
0.038688
0.043186
0.030529
0.039994
0.023177
0.038480
0.027959
0.047773
0.031520
0.037990
0.038426
0.022501
0.041188
0.044367
0.041539
0.048727
0.047750
0.035415
0.049250
0.032460
0.032845
0.037999
0.028925
0.035823
0.045473
0.034615
0.044355
0.046627
0.048521
0.053376
0.038962
0.038445
0.035601
0.029104
0.043123
0.035513
0.053315
0.044590
0.044898
0.040641
0.041064
0.039915
0.041655
0.043824
0.042835
0.036522
0.042227
0.033630
0.037218
0.037903
0.053393
0.036757
0.035028
0.058780
0.037889
0.041767
0.045545
0.055210
0.040436
0.035108
0.048783
0.043600
0.051685
0.039198
0.043798
0.038270
0.050397
0.046687
0.045738
0.036592
0.045518
0.040339
0.041664
0.043994
0.046724
0.047662
0.050379
0.046719
0.038521
0.036489
0.041931
0.053355
0.047206
0.043169
0.040284
0.034492
0.044778
0.046593
0.041389
0.038936
0.051909
0.062855
0.045095
0.032479
0.031912
0.038751
0.030915
0.028357
0.040260
0.035623
0.036351
0.038711
0.040125
0.039910
0.031922
0.033737
0.038953
0.024360
0.037551
0.032305
0.035663
0.040775
0.040467
0.036909
0.033414
0.039745
0.057511
0.070527
0.043835
0.037179
0.039453
0.032521
0.035959
0.039428
0.044612
0.040359
0.041560
0.041107
0.041589
0.036842
0.026409
0.025785
0.031032
0.033714
0.038937
0.050079
0.035613
0.046312
0.038804
0.039867
0.049202
0.042093
0.026451
0.043357
0.039563
0.033252
0.043870
0.048455
0.043192
0.040406
0.037035
0.026141
0.033094
0.031841
0.040235
0.041270
0.038757
0.045368
0.034887
0.036519
0.036090
0.040190
0.051705
0.046027
0.030186
0.035073
0.029377
0.040295
0.034608
0.039265
0.039051
0.051347
0.055555
0.049873
0.041668
0.038933
0.033871
0.039007
0.036176
0.040112
0.029948
0.024342
0.041049
0.047070
0.048256
0.038261
0.017982
0.035763
0.054146
0.050730
0.025833
0.044467
0.048253
0.034959
0.034607
0.047167
0.040435
0.043039
0.043644
0.044269
0.048036
0.041888
0.041759
0.045870
0.042276
0.048320
0.038889
0.048712
0.053369
0.045543
0.037924
0.030552
0.042341
0.042961
0.045299
0.050677
0.040506
0.038812
0.045840
0.044657
0.039827
0.056028
0.040244
0.052959
0.062164
0.040913
0.024948
0.031941
0.043086
0.040474
0.043972
0.054939
0.058102
0.042172
0.042119
0.043654
0.035655
0.040307
0.038527
0.026066
0.036977
0.036439
0.043987
0.033965
0.034439
0.045862
0.038934
0.045208
0.044050
0.042969
0.047834
0.046249
0.039791
0.029613
0.043690
0.031285
0.041804
0.034055
0.042700
0.031641
0.034235
0.032082
0.041467
0.029649
0.036736
0.041416
0.047603
0.035107
0.043808
0.046659
0.041912
0.042211
0.023865
0.045171
0.045575
0.044151
0.037821
0.045040
0.047608
0.031218
0.036191
0.041413
0.034213
0.024238
0.036510
0.040271
0.050623
0.034133
0.033703
0.043164
0.031380
0.044560
0.036705
0.042142
0.027472
0.052769
0.028588
0.031994
0.042684
0.034987
0.048613
0.040500
0.037972
0.041535
0.033380
0.038258
0.049906
0.050152
0.049222
0.059944
0.052541
0.048890
0.047603
0.052028
0.047252
0.042153
0.045033
0.038364
0.035004
0.041988
0.041511
0.042911
0.048064
0.043161
0.048425
0.050335
0.044547
0.047132
0.044819
0.050290
0.046722
0.037189
0.038336
0.053033
0.025034
0.040245
0.042508
0.051738
0.043252
0.048466
0.058316
0.059652
0.037142
0.040706
0.037979
0.038820
0.035794
0.051084
0.033002
0.052965
0.043572
0.042261
0.042189
0.024814
0.033132
0.061866
0.027959
0.048187
0.045918
0.041927
0.050291
0.034207
0.037527
0.038854
0.031202
0.043749
0.042836
0.042672
0.039847
0.025779
0.041392
0.047844
0.046915
0.052557
0.042272
0.043890
0.036497
0.037224
0.049531
0.055067
0.043302
0.056061
0.033576
0.039014
0.041362
0.044080
0.038033
0.037174
0.032956
0.032714
0.066180
0.046968
0.022039
0.045165
0.037379
0.042767
0.035270
0.053773
0.034932
0.036256
0.038596
0.047588
0.049266
0.061339
0.052359
0.040578
0.048582
0.029151
0.038119
0.038271
0.028981
0.036952
0.032437
0.023800
0.040514
0.039388
0.042909
0.034244
0.031046
0.031378
0.032501
0.033878
0.023035
0.042846
0.032502
0.025220
0.039693
0.053711
0.042897
0.041894
0.044324
0.063861
0.050014
0.046452
0.053659
0.046155
0.061735
0.059353
0.059636
0.057014
0.046155
0.056406
0.037428
0.054925
0.048471
0.042759
0.037376
0.039593
0.043726
0.048680
0.053270
0.064268
0.041153
0.044107
0.028892
0.033582
0.034571
0.039832
0.049661
0.047796
0.045921
0.062362
0.037699
0.045037
0.037418
0.043936
0.041550
0.046371
0.051983
0.026191
0.043682
0.033973
0.036843
0.036955
0.044915
0.057370
0.025823
0.034292
0.044493
0.044886
0.042136
0.038743
0.040134
0.033603
0.036291
0.035559
0.023832
0.038996
0.040162
0.031970
0.033872
0.035472
0.024518
0.051314
0.042769
0.033193
0.042754
0.020466
0.038500
0.035320
0.035097
0.048269
0.036576
0.032017
0.043944
0.040196
0.033796
0.051884
0.038407
0.047994
0.038296
0.041172
0.042081
0.044345
0.041968
0.042348
0.042708
0.040224
0.033101
0.038027
0.023804
0.035389
0.044811
0.040769
0.039567
0.047262
0.048635
0.037843
0.029954
0.041350
0.041525
0.037468
0.030991
0.037976
0.050164
0.038732
0.034605
0.046057
0.041391
0.042904
0.040207
0.043858
0.028200
0.053339
0.033252
0.042989
0.059875
0.044669
0.038320
0.035633
0.040122
0.031403
0.039102
0.043597
0.037920
0.030328
0.022845
0.029245
0.042738
0.029284
0.030104
0.028604
0.036477
0.037832
0.042911
0.032638
0.037362
0.040140
0.048144
0.029762
0.031053
0.037963
0.043299
0.029289
0.036751
0.043795
0.039345
0.050845
0.040620
0.034756
0.039020
0.034205
0.035187
0.041471
0.040032
0.053990
0.038835
0.043582
0.044720
0.030496
0.049846
0.044624
0.053897
0.040418
0.050178
0.052302
0.042192
0.047128
0.050143
0.046758
0.035105
0.040959
0.037564
0.042225
0.044046
0.049896
0.042718
0.039726
0.048110
0.049041
0.028028
0.036379
0.038699
0.047393
0.039466
0.041319
0.044531
0.041003
0.033815
0.035573
0.036111
0.053032
0.040715
0.035002
0.047324
0.052688
0.054058
0.041775
0.051123
0.043382
0.039541
0.035252
0.036620
0.038550
0.034642
0.043153
0.034186
0.040363
0.036734
0.042954
0.036427
0.037692
0.044529
0.047978
0.038633
0.041858
0.037454
0.023090
0.036764
0.046396
0.047013
0.046589
0.029514
0.041223
0.044025
0.042074
0.041986
0.042235
0.044703
0.035865
0.036726
0.032233
0.040133
0.029468
0.034301
0.043741
0.043107
0.040596
0.036150
0.036952
0.034837
0.033634
0.050307
0.041285
0.028105
0.035773
0.037363
0.029386
0.036332
0.052827
0.046960
0.040582
0.041180
0.041213
0.041477
0.040503
0.042123
0.053156
0.047860
0.046551
0.059083
0.027574
0.037506
0.039006
0.036504
0.033542
0.050947
0.042150
0.046017
0.047476
0.040208
0.046554
0.040838
0.028564
0.039054
0.042985
0.047825
0.041317
0.042859
0.036107
0.043188
0.040058
0.036798
0.044014
0.042979
0.044368
0.057741
0.031040
0.044755
0.044533
0.038280
0.049656
0.046648
0.049029
0.050877
0.047757
0.033461
0.060298
0.052438
0.049920
0.043282
0.043124
0.043852
0.047931
0.043064
0.041360
0.046171
0.043655
0.049052
0.039551
0.039413
0.039019
0.035876
0.037158
0.043880
0.032694
0.032878
0.040522
0.049629
0.041696
0.039666
0.039174
0.041710
0.039324
0.019590
0.053504
0.036202
0.033562
0.033545
0.040981
0.034026
0.039145
0.030411
0.041661
0.036651
0.030359
0.030657
0.028152
0.032320
0.038611
0.041073
0.029578
0.030097
0.035621
0.039624
0.040121
0.042596
0.043348
0.044197
0.038845
0.037899
0.043885
0.039261
0.036689
0.034081
0.051476
0.045007
0.058852
0.024052
0.050632
0.041540
0.048674
0.045874
0.037143
0.056301
0.046957
0.045765
0.049002
0.058116
0.045688
0.043065
0.045367
0.028055
0.057100
0.043396
0.047016
0.049366
0.046841
0.052953
0.042328
0.043226
0.034036
0.045536
0.040705
0.030017
0.034997
0.032486
0.042221
0.042886
0.041959
0.041507
0.032024
0.045529
0.032561
0.045896
0.040604
0.039734
0.037348
0.028030
0.042747
0.046315
0.044736
0.043004
0.041154
0.040052
0.034984
0.043847
0.041601
0.034179
0.030602
0.041349
0.031031
0.041084
0.031983
0.046057
0.043848
0.045830
0.045648
0.033623
0.041970
0.050550
0.040453
0.033498
0.029561
0.031803
0.034641
0.041946
0.024065
0.031605
0.035790
0.037501
0.042461
0.029749
0.031018
0.029558
0.059269
0.040789
0.050828
0.033217
0.040527
0.051063
0.062930
0.074773
0.049026
0.052827
0.047473
0.039991
0.053947
0.062726
0.041709
0.047427
0.051270
0.042255
0.048478
0.048964
0.043578
0.035764
0.061466
0.056199
0.046796
0.052464
0.052944
0.033645
0.055449
0.044327
0.034241
0.033314
0.045451
0.055343
0.035181
0.023743
0.027540
0.042984
0.035646
0.031548
0.040805
0.036691
0.034075
0.043253
0.039677
0.025278
0.028529
0.042426
0.040137
0.038715
0.043442
0.038895
0.032146
0.038983
0.034597
0.038344
0.050492
0.039843
0.038063
0.045424
0.030726
0.046571
0.037795
0.044441
0.035824
0.023269
0.035139
0.025515
0.034734
0.034659
0.037807
0.037617
0.042505
0.053259
0.036967
0.035871
0.024256
0.052850
0.040469
0.041397
0.064958
0.037880
0.037723
0.038331
0.053536
0.037640
0.027367
0.034508
0.038722
0.039662
0.041131
0.058734
0.045875
0.038946
0.041404
0.050636
0.033034
0.043837
0.037117
0.036003
0.062949
0.045323
0.044749
0.054596
0.031063
0.048720
0.040339
0.036465
0.045108
0.031845
0.036745
0.047467
0.057356
0.050677
0.058676
0.050427
0.044052
0.045963
0.045095
0.041790
0.035374
0.026695
0.031269
0.043169
0.042440
0.049143
0.032577
0.030557
0.030427
0.043950
0.047107
0.028066
0.049916
0.038836
0.028948
0.052296
0.050806
0.037108
0.043344
0.034604
0.042423
0.036587
0.037485
0.042464
0.035817
0.071194
0.068360
0.035151
0.048020
0.043572
0.043454
0.036429
0.045015
0.045532
0.038618
0.041829
0.030103
0.032281
0.042805
0.042613
0.027072
0.042181
0.045324
0.050087
0.038171
0.042013
0.041349
0.040413
0.036524
0.033384
0.033842
0.037298
0.046646
0.070878
0.049861
0.043397
0.044370
0.034497
0.040226
0.034807
0.040610
0.032638
0.041494
0.036217
0.033012
0.042038
0.033378
0.032216
0.037070
0.035743
0.033576
0.044974
0.042778
0.038746
0.054550
0.037635
0.039629
0.040086
0.048132
0.049017
0.028683
0.040000
0.030118
0.033375
0.030213
0.038581
0.027891
0.040931
0.047728
0.048999
0.043597
0.047980
0.047231
0.040983
0.038008
0.035193
0.037818
0.033529
0.043367
0.052927
0.047155
0.047844
0.047026
0.041646
0.042733
0.031455
0.041214
0.037127
0.040337
0.040086
0.035032
0.037726
0.024026
0.038680
0.026886
0.037960
0.043487
0.035507
0.043704
0.049705
0.039043
0.037849
0.038231
0.048388
0.046373
0.040607
0.040747
0.050772
0.039485
0.044065
0.026800
0.041672
0.049178
0.046788
0.049562
0.042127
0.052838
0.037224
0.053888
0.041868
0.049239
0.047510
0.048269
0.054776
0.049486
0.034850
0.031424
0.040173
0.035902
0.025805
0.035524
0.029339
0.053339
0.039782
0.036187
0.034094
0.051939
0.035555
0.025324
0.038862
0.047468
0.053913
0.043059
0.046645
0.048944
0.051571
0.046978
0.044055
0.042974
0.038741
0.044633
0.046504
0.047732
0.042193
0.048296
0.042716
0.041987
0.032195
0.032641
0.033010
0.038845
0.042792
0.038133
0.039407
0.040519
0.040941
0.021751
0.053780
0.040673
0.035330
0.043553
0.036827
0.038242
0.040487
0.047887
0.043376
0.030630
0.058654
0.061430
0.043869
0.042037
0.039227
0.043879
0.056258
0.042518
0.037641
0.039033
0.039703
0.035193
0.040597
0.037951
0.031555
0.037538
0.043534
0.036067
0.038502
0.042016
0.039870
0.051011
0.046287
0.038038
0.035735
0.043173
0.033877
0.041224
0.036056
0.045183
0.038513
0.033383
0.034059
0.033906
0.053268
0.040601
0.035598
0.044707
0.041639
0.032092
0.037385
0.039610
0.042380
0.039587
0.040003
0.042851
0.032522
0.049283
0.033177
0.042483
0.033714
0.037297
0.045541
0.045464
0.030066
0.042160
0.041384
0.038256
0.038199
0.031656
0.042307
0.039883
0.032767
0.043912
0.036112
0.045813
0.037768
0.037802
0.041752
0.051193
0.043916
0.047288
0.047899
0.040201
0.039603
0.028580
0.036865
0.040318
0.028646
0.028986
0.038187
0.041937
0.050903
0.045355
0.042690
0.033636
0.041672
0.049706
0.051198
0.043845
0.043191
0.034169
0.037678
0.027185
0.041560
0.041153
0.044692
0.047580
0.039767
0.038763
0.043516
0.046044
0.030310
0.037744
0.036118
0.040312
0.030716
0.031254
0.035221
0.047003
0.043729
0.038362
0.036982
0.039228
0.035013
0.037317
0.040109
0.036548
0.047462
0.046451
0.036654
0.034928
0.035551
0.035182
0.046446
0.049033
0.044002
0.038105
0.039570
0.037595
0.049304
0.040033
0.049099
0.041389
0.041556
0.046354
0.040799
0.034100
0.040962
0.048693
0.036326
0.043504
0.049571
0.030626
0.052938
0.049768
0.040960
0.032577
0.031914
0.051329
0.044674
0.041951
0.031799
0.039692
0.042013
0.034354
0.042807
0.035366
0.035485
0.041423
0.040122
0.031942
0.028457
0.034564
0.046295
0.044810
0.043893
0.047097
0.049393
0.038312
0.040118
0.041738
0.031538
0.038984
0.035823
0.027763
0.031665
0.035250
0.031837
0.044273
0.044871
0.051351
0.025347
0.041561
0.048742
0.044492
0.031514
0.042222
0.050558
0.037174
0.041842
0.027114
0.041678
0.025672
0.040564
0.040789
0.030342
0.047738
0.033414
0.042389
0.053013
0.037067
0.049990
0.028911
0.028228
0.048144
0.033486
0.039424
0.035948
0.036188
0.046208
0.047688
0.049506
0.036493
0.026389
0.035953
0.043371
0.043198
0.036984
0.039856
0.031590
0.024636
0.037396
0.050918
0.048145
0.045733
0.053442
0.045342
0.033687
0.036617
0.029135
0.026734
0.038985
0.033875
0.044399
0.042307
0.036100
0.032895
0.046994
0.041349
0.030187
0.043043
0.045223
0.042682
0.056123
0.056368
0.054311
0.053366
0.050353
0.038156
0.036773
0.036866
0.052636
0.044425
0.054396
0.055388
0.048261
0.043439
0.041086
0.040750
0.041862
0.037734
0.041427
0.049299
0.051539
0.052413
0.038803
0.045257
0.025250
0.035481
0.048630
0.034835
0.038883
0.031842
0.026858
0.033080
0.035405
0.036272
0.042352
0.059383
0.038786
0.037731
0.039542
0.044393
0.048837
0.047100
0.048459
0.042835
0.051497
0.041238
0.047529
0.048358
0.046731
0.051182
0.044753
0.042856
0.038966
0.031389
0.040614
0.054021
0.041991
0.053348
0.039773
0.051222
0.048128
0.055371
0.035177
0.035614
0.047245
0.035658
0.054563
0.056330
0.038329
0.044487
0.031836
0.043346
0.027326
0.035980
0.045411
0.041381
0.038861
0.046049
0.052683
0.040992
0.040891
0.039613
0.038902
0.040411
0.044258
0.042010
0.042423
0.043505
0.050456
0.065522
0.037839
0.040023
0.036924
0.030087
0.025349
0.048157
0.035214
0.038584
0.030537
0.029989
0.049897
0.037549
0.036049
0.046012
0.047006
0.032844
0.038195
0.050178
0.038352
0.040037
0.044695
0.034872
0.039484
0.023603
0.029491
0.032584
0.028482
0.037469
0.029477
0.022298
0.039122
0.040685
0.049690
0.049643
0.035531
0.052384
0.033512
0.046402
0.034762
0.036895
0.038450
0.036031
0.038165
0.037203
0.042217
0.032737
0.028657
0.043101
0.030487
0.046417
0.045106
0.037516
0.038513
0.039802
0.054214
0.047711
0.037759
0.022730
0.054054
0.063827
0.032070
0.031703
0.045465
0.057288
0.039049
0.040164
0.040234
0.049616
0.044804
0.036019
0.031634
0.043586
0.042783
0.034098
0.040079
0.030591
0.034478
0.025006
0.040089
0.064835
0.029366
0.034444
0.035149
0.038201
0.036622
0.033123
0.040393
0.032724
0.040535
0.043890
0.032418
0.036571
0.040986
0.044793
0.043644
0.042146
0.032508
0.045555
0.026296
0.030545
0.036126
0.024751
0.037824
0.040817
0.029943
0.041360
0.031225
0.051454
0.049230
0.036057
0.038196
0.032194
0.029252
0.033893
0.031940
0.044995
0.040363
0.044149
0.042684
0.039769
0.042145
0.036320
0.029221
0.038396
0.024061
0.039022
0.039675
0.040241
0.044300
0.040149
0.037374
0.026979
0.043205
0.045657
0.047827
0.031133
0.036199
0.029413
0.028405
0.039629
0.032834
0.034772
0.041782
0.039448
0.041538
0.037497
0.035731
0.040788
0.041271
0.044773
0.039595
0.035486
0.030685
0.030231
0.038548
0.039939
0.039528
0.033289
0.032917
0.032855
0.025676
0.039815
0.031600
0.037720
0.038741
0.035149
0.044991
0.058360
0.036176
0.041395
0.038065
0.046906
0.035831
0.052865
0.034698
0.039654
0.033198
0.031831
0.030399
0.029578
0.037405
0.039019
0.033455
0.029573
0.042979
0.051595
0.033900
0.030569
0.034323
0.047132
0.031929
0.030721
0.044008
0.056075
0.039949
0.035291
0.036835
0.045319
0.039644
0.042014
0.034780
0.036213
0.038141
0.028430
0.041146
0.038553
0.038511
0.044432
0.035199
0.032293
0.026475
0.045604
0.039684
0.040140
0.020351
0.038703
0.039361
0.036445
0.036436
0.039298
0.052850
0.032029
0.036876
0.033966
0.037557
0.043631
0.042392
0.022396
0.045785
0.039883
0.026029
0.029679
0.032538
0.049809
0.039197
0.042031
0.038658
0.036095
0.038692
0.047546
0.032157
0.045890
0.047447
0.046830
0.044341
0.061552
0.063080
0.056023
0.050906
0.052988
0.045546
0.039922
0.043661
0.043072
0.043140
0.049967
0.045384
0.043145
0.049003
0.050298
0.048735
0.024282
0.033428
0.041048
0.039292
0.040825
0.032604
0.040624
