0.016740
0.058597
0.041158
0.042834
0.019074
0.038835
0.047954
0.046200
0.026788
0.040797
0.032832
0.031121
0.040649
0.043278
0.028784
0.038823
0.046817
0.026862
0.029949
0.053284
0.049874
0.036089
0.048009
0.044866
0.038406
0.040134
0.044198
0.045642
0.053070
0.029702
0.035637
0.050652
0.050873
0.036338
0.029251
0.025320
0.053677
0.041295
0.034493
0.046993
0.038015
0.038528
0.032961
0.044272
0.037342
0.039785
0.049503
0.031516
0.040745
0.047306
0.033608
0.036962
0.038321
0.039081
0.034429
0.023226
0.042857
0.042526
0.045931
0.034160
0.039853
0.041033
0.044340
0.046137
0.032276
0.035053
0.033768
0.028897
0.042939
0.044399
0.040219
0.039519
0.032445
0.051066
0.028461
0.046114
0.039229
0.036259
0.041196
0.048685
0.039942
0.052716
0.033216
0.032792
0.031374
0.029080
0.032951
0.041023
0.045666
0.046395
0.045009
0.048136
0.042287
0.042386
0.045095
0.018292
0.038558
0.035079
0.050760
0.044507
0.038563
0.052583
0.043690
0.036016
0.043368
0.044979
0.025951
0.037154
0.040972
0.042004
0.046226
0.044307
0.038022
0.027520
0.030378
0.039552
0.039048
0.045362
0.028906
0.034799
0.026834
0.036194
0.028412
0.031853
0.041295
0.031164
0.039443
0.029479
0.038642
0.030960
0.027842
0.031271
0.041922
0.026891
0.034987
0.042446
0.042985
0.035388
0.037817
0.023982
0.041869
0.042283
0.030931
0.037144
0.033530
0.032235
0.035487
0.046484
0.046415
0.040587
0.037422
0.040236
0.041918
0.036253
0.045914
0.035154
0.041464
0.045116
0.040127
0.033690
0.033849
0.033532
0.029665
0.042663
0.043231
0.038302
0.059857
0.049301
0.029603
0.038308
0.045127
0.039288
0.041414
0.034633
0.026953
0.032228
0.046521
0.046439
0.028836
0.029576
0.041213
0.038300
0.042377
0.037150
0.028921
0.032727
0.037429
0.041974
0.035199
0.042331
0.036599
0.036284
0.041332
0.038401
0.046297
0.033277
0.033309
0.034281
0.025414
0.032418
0.024643
0.028376
0.029802
0.044671
0.041846
0.044730
0.034369
0.034195
0.038476
0.033842
0.032726
0.029804
0.024144
0.038245
0.031312
0.032310
0.049447
0.037995
0.028322
0.039726
0.034638
0.046142
0.053987
0.032939
0.043131
0.048190
0.043215
0.050367
0.032814
0.034832
0.032552
0.039225
0.041657
0.039401
0.035903
0.029896
0.030866
0.040314
0.040804
0.047966
0.047132
0.033431
0.032053
0.038693
0.034642
0.026255
0.038053
0.040176
0.037538
0.041057
0.031219
0.053614
0.048296
0.058079
0.039076
0.040189
0.040833
0.053499
0.051077
0.040269
0.053579
0.033849
0.044092
0.046221
0.035890
0.051709
0.043111
0.042088
0.043857
0.049154
0.035285
0.046018
0.048913
0.046972
0.043693
0.045885
0.051357
0.038223
0.035339
0.046324
0.056508
0.050487
0.055825
0.048798
0.054495
0.046417
0.053602
0.044347
0.033727
0.046371
0.049938
0.048784
0.048513
0.049809
0.038199
0.041848
0.042881
0.050222
0.048463
0.048624
0.053426
0.056076
0.048224
0.063638
0.052847
0.056239
0.039218
0.053882
0.056154
0.055686
0.053894
0.054225
0.043503
0.032967
0.033702
0.032706
0.042291
0.037655
0.029508
0.032598
0.038562
0.040656
0.033007
0.042007
0.033624
0.033983
0.038083
0.037373
0.035021
0.048990
0.046595
0.032921
0.040387
0.038248
0.025028
0.031751
0.039249
0.043757
0.046997
0.040551
0.040728
0.037277
0.052820
0.044089
0.040622
0.049986
0.042844
0.050027
0.043044
0.040821
0.047438
0.033931
0.035357
0.031168
0.038726
0.044068
0.046789
0.041189
0.039096
0.040005
0.028999
0.032713
0.039035
0.033612
0.031082
0.038826
0.069301
0.056925
0.050669
0.050745
0.041460
0.045299
0.037926
0.040654
0.030850
0.035879
0.053372
0.049242
0.041503
0.038924
0.042119
0.035885
0.031607
0.039421
0.039011
0.030931
0.032243
0.040184
0.053676
0.046156
0.040560
0.049924
0.040849
0.038798
0.035487
0.037093
0.033957
0.040329
0.048094
0.044966
0.044325
0.034132
0.032775
0.020376
0.038558
0.034147
0.022568
0.038555
0.028716
0.038678
0.038543
0.036038
0.037270
0.035190
0.033002
0.021467
0.037150
0.036932
0.041543
0.032805
0.032415
0.026807
0.038074
0.029145
0.035075
0.045282
0.031473
0.033761
0.043882
0.031506
0.039795
0.034645
0.041657
0.045444
0.024600
0.040685
0.036522
0.048621
0.031039
0.034564
0.045171
0.052341
0.028307
0.036533
0.043878
0.034577
0.032941
0.041487
0.029886
0.036351
0.036440
0.042774
0.046442
0.037945
0.047566
0.038125
0.041713
0.031966
0.032790
0.043343
0.043118
0.052832
0.052825
0.024193
0.048531
0.028320
0.039379
0.037893
0.037411
0.029641
0.035899
0.044997
0.039696
0.045337
0.044256
0.046141
0.046952
0.039505
0.040834
0.048289
0.033907
0.039140
0.038382
0.042392
0.031348
0.043699
0.042531
0.053855
0.047000
0.038542
0.034519
0.037803
0.031124
0.039802
0.031762
0.032659
0.029913
0.031773
0.045691
0.031108
0.033038
0.034030
0.028032
0.030603
0.033340
0.028589
0.027664
0.036932
0.037025
0.041708
0.044889
0.040649
0.043689
0.056345
0.046666
0.034789
0.068376
0.054745
0.039169
0.042291
0.037696
0.043923
0.038494
0.036625
0.037112
0.045541
0.046150
0.050113
0.035293
0.040555
0.037555
0.061509
0.063763
0.039811
0.039593
0.029271
0.047822
0.050207
0.058157
0.044855
0.050565
0.048872
0.029561
0.042145
0.031650
0.034445
0.056417
0.039410
0.048201
0.052665
0.046934
0.045894
0.038614
0.044960
0.035199
0.025990
0.035383
0.032660
0.049219
0.042495
0.028518
0.042493
0.038499
0.034710
0.025110
0.032067
0.043469
0.036604
0.049476
0.045308
0.041587
0.040605
0.031725
0.044760
0.042440
0.046323
0.037237
0.050647
0.040745
0.035392
0.039125
0.037241
0.059593
0.033864
0.032811
0.038661
0.043359
0.026645
0.037178
0.039849
0.030865
0.029724
0.057235
0.055194
0.037707
0.029869
0.036593
0.064040
0.048970
0.035566
0.042923
0.042833
0.031758
0.023494
0.040993
0.051172
0.031026
0.040441
0.045927
0.039966
0.047090
0.044912
0.032934
0.064524
0.047223
0.048886
0.050588
0.032703
0.033898
0.042027
0.036331
0.043678
0.043187
0.026246
0.028668
0.033229
0.042404
0.020868
0.029700
0.030582
0.032321
0.049237
0.030203
0.043144
0.035717
0.045100
0.060507
0.051736
0.044318
0.045049
0.044716
0.041785
0.055248
0.045226
0.047744
0.034026
0.057699
0.037144
0.053711
0.043710
0.048210
0.048505
0.035940
0.057983
0.048300
0.048378
0.042089
0.037276
0.035316
0.043250
0.044942
0.042608
0.043005
0.041352
0.046712
0.047079
0.061660
0.066317
0.053326
0.034456
0.036224
0.042283
0.061872
0.053637
0.060441
0.053332
0.057862
0.054455
0.037734
0.062507
0.049552
0.042094
0.038021
0.046195
0.034956
0.049739
0.073272
0.056107
0.042467
0.049453
0.056689
0.058989
0.037878
0.047893
0.027539
0.036865
0.045473
0.026966
0.036448
0.040508
0.031389
0.042813
0.034118
0.029527
0.051129
0.046874
0.042563
0.031181
0.045914
0.047266
0.048151
0.056697
0.036955
0.044178
0.051947
0.049362
0.041325
0.074004
0.045836
0.049196
0.042773
0.042519
0.028493
0.039712
0.047289
0.037901
0.031733
0.028195
0.044391
0.051575
0.053341
0.069143
0.053448
0.036204
0.037041
0.039793
0.048539
0.029850
0.032663
0.039045
0.045141
0.055466
0.060490
0.056123
0.059256
0.048073
0.042734
0.024834
0.034050
0.068378
0.051235
0.053520
0.052265
0.034676
0.058633
0.057211
0.054704
0.042831
0.037433
0.058978
0.047084
0.029479
0.037704
0.050991
0.048021
0.056905
0.044986
0.034215
0.050882
0.036549
0.045658
0.036416
0.041816
0.043679
0.043461
0.067236
0.040096
0.049731
0.052344
0.062151
0.061926
0.067554
0.062729
0.058210
0.045790
0.054965
0.038418
0.047545
0.052487
0.038655
0.041175
0.043386
0.054083
0.040596
0.057220
0.055614
0.055351
0.050827
0.054474
0.060277
0.055921
0.054379
0.051323
0.051484
0.068575
0.040895
0.042982
0.031242
0.048208
0.043828
0.053831
0.046194
0.035978
0.040642
0.050146
0.038047
0.030526
0.045586
0.031389
0.037204
0.049256
0.057689
0.046305
0.053679
0.058237
0.052988
0.072313
0.045779
0.056327
0.049427
0.055361
0.044802
0.054992
0.039673
0.045938
0.062121
0.040661
0.051814
0.055328
0.065254
0.049526
0.045581
0.042832
0.049581
0.043545
0.051754
0.045530
0.052248
0.060200
0.050869
0.026250
0.036141
0.031178
0.040123
0.049229
0.039926
0.031258
0.042635
0.046812
0.047847
0.036867
0.072972
0.068928
0.049349
0.053427
0.044347
0.047493
0.064774
0.064205
0.037864
0.036989
0.043372
0.036422
0.037132
0.042083
0.058956
0.053622
0.063627
0.046150
0.045831
0.039967
0.037916
0.050297
0.064538
0.054038
0.055671
0.044067
0.048849
0.049037
0.046978
0.059962
0.053127
0.037474
0.047576
0.040084
0.057716
0.048981
0.044179
0.051833
0.053977
0.049436
0.049230
0.030087
0.052633
0.045998
0.061594
0.058029
0.046544
0.042166
0.038825
0.041907
0.082976
0.041870
0.041549
0.043093
0.043222
0.051136
0.038712
0.028865
0.039995
0.039391
0.039255
0.044584
0.045490
0.045280
0.045816
0.050008
0.043462
0.060061
0.037174
0.052214
0.062598
0.055125
0.048751
0.052397
0.052817
0.041046
0.038377
0.062351
0.051245
0.038260
0.063778
0.023022
0.039659
0.047693
0.038064
0.039263
0.051777
0.047726
0.046949
0.060395
0.042951
0.039101
0.033829
0.054293
0.042996
0.068205
0.040711
0.034487
0.042471
0.041396
0.054558
0.050369
0.046608
0.063715
0.052415
0.056125
0.057693
0.048225
0.035272
0.050156
0.049829
0.047119
0.066896
0.053448
0.047303
0.031309
0.054684
0.048258
0.041480
0.050728
0.036386
0.039660
0.038892
0.042226
0.049440
0.048656
0.051867
0.049413
0.048417
0.037088
0.037368
0.031036
0.039400
0.041247
0.038050
0.041485
0.042598
0.045207
0.037223
0.031558
0.034125
0.043976
0.031921
0.042796
0.037301
0.058203
0.028807
0.032564
0.049271
0.056475
0.058641
0.049394
0.041086
0.050211
0.058478
0.065511
0.038179
0.028317
0.032659
0.034611
0.030971
0.034110
0.041782
0.042749
0.027862
0.045476
0.052632
0.048404
0.060307
0.048838
0.053651
0.052174
0.046599
0.052222
0.052441
0.047066
0.051365
0.049793
0.048100
0.049281
0.042038
0.025934
0.039724
0.048540
0.029062
0.055745
0.052531
0.054507
0.059534
0.039531
0.039033
0.057398
0.036417
0.041333
0.039405
0.049354
0.058313
0.046073
0.057584
0.078034
0.036170
0.031762
0.033336
0.035076
0.035856
0.055413
0.032862
0.039754
0.034920
0.040849
0.031664
0.028247
0.050485
0.037146
0.059305
0.041847
0.040800
0.051024
0.045125
0.048152
0.057754
0.041211
0.040512
0.029722
0.033783
0.050802
0.048276
0.049303
0.044660
0.053516
0.047848
0.050629
0.031137
0.037383
0.039582
0.057411
0.050188
0.043999
0.044497
0.044330
0.041335
0.047152
0.046705
0.049072
0.041235
0.060575
0.046371
0.040302
0.043089
0.036028
0.042380
0.037312
0.038471
0.047692
0.038645
0.036823
0.043550
0.040563
0.024314
0.056361
0.052290
0.059298
0.044045
0.056555
0.044474
0.054713
0.057135
0.047945
0.072114
0.048431
0.058348
0.043572
0.051821
0.051898
0.057260
0.063349
0.056986
0.055670
0.049777
0.052102
0.028535
0.037926
0.045786
0.036548
0.041823
0.044849
0.039620
0.045579
0.043098
0.033952
0.078984
0.047747
0.052975
0.049397
0.049047
0.054322
0.039759
0.057635
0.052843
0.047117
0.049710
0.052979
0.042717
0.048763
0.057450
0.039159
0.039839
0.066966
0.048068
0.049225
0.046839
0.045650
0.048052
0.060752
0.039828
0.029188
0.048663
0.034168
0.032143
0.043586
0.055735
0.042927
0.043814
0.044773
0.051337
0.059432
0.038540
0.054290
0.051596
0.052306
0.053115
0.047445
0.046582
0.048272
0.034923
0.042056
0.052420
0.042303
0.054416
0.047014
0.046935
0.041148
0.053416
0.041357
0.040864
0.034057
0.044168
0.035099
0.021729
0.044567
0.044263
0.041153
0.043411
0.060018
0.045451
0.036152
0.037928
0.065536
0.057008
0.043239
0.045263
0.040880
0.054344
0.054997
0.049161
0.057747
0.058426
0.043827
0.034935
0.036233
0.038940
0.039930
0.050865
0.048660
0.052418
0.039245
0.045737
0.046524
0.055354
0.043905
0.052706
0.046912
0.051467
0.046983
0.044832
0.053545
0.079589
0.072999
0.058491
0.038448
0.056441
0.051121
0.043609
0.048470
0.038970
0.046941
0.048502
0.046702
0.053095
0.054065
0.045487
0.047038
0.045412
0.057989
0.054851
0.063084
0.056355
0.047193
0.034664
0.054744
0.032984
0.029327
0.032905
0.043070
0.044631
0.050545
0.059913
0.046268
0.042187
0.064884
0.038645
0.047273
0.034581
0.055078
0.031623
0.050596
0.049433
0.032740
0.042830
0.052146
0.045899
0.046852
0.046293
0.044380
0.060924
0.042727
0.049978
0.042626
0.051315
0.030902
0.038817
0.049616
0.046027
0.055511
0.068283
0.050080
0.065620
0.055845
0.041149
0.063145
0.044770
0.041504
0.058982
0.040411
0.068072
0.064311
0.044110
0.040218
0.054233
0.074922
0.065453
0.048006
0.041976
0.048101
0.054808
0.060161
0.049826
0.048784
0.036082
0.056494
0.064243
0.050013
0.041018
0.037673
0.054738
0.065775
0.062997
0.040371
0.034593
0.047744
0.050338
0.051454
0.050045
0.039812
0.042038
0.027691
0.041384
0.052696
0.033749
0.039607
0.069392
0.059461
0.038618
0.048472
0.042307
0.046721
0.042594
0.040583
0.042516
0.045189
0.043413
0.018795
0.026830
0.035580
0.049832
0.038552
0.036975
0.031715
0.040780
0.044663
0.047815
0.034338
0.053841
0.038083
0.053682
0.046313
0.051765
0.047934
0.049889
0.048184
0.052381
0.040504
0.046714
0.044636
0.046437
0.042944
0.039833
0.034629
0.036351
0.030885
0.037657
0.035985
0.024435
0.029005
0.032533
0.038807
0.037616
0.045805
0.041277
0.021194
0.042222
0.037834
0.034735
0.038841
0.030644
0.043947
0.044891
0.038036
0.036730
0.034079
0.022768
0.045218
0.040580
0.036493
0.044113
0.041486
0.031853
0.045738
0.041400
0.033674
0.041528
0.040447
0.040527
0.043033
0.053196
0.046830
0.046514
0.030480
0.032502
0.037362
0.027220
0.042667
0.052536
0.042556
0.051840
0.055219
0.056475
0.054063
0.034508
0.032279
0.026067
0.053832
0.046086
0.045684
0.034751
0.043931
0.046586
0.035662
0.029620
0.033451
0.048131
0.028407
0.042375
0.035696
0.042354
0.048933
0.041920
0.050117
0.032663
0.044574
0.031211
0.046151
0.042387
0.029497
0.051914
0.044799
0.034002
0.036860
0.046946
0.041713
0.038183
0.024479
0.037654
0.035176
0.043047
0.060151
0.028637
0.038894
0.053989
0.048361
0.042533
0.051733
0.045147
0.049049
0.031660
0.055634
0.054481
0.041199
0.032664
0.043022
0.042515
0.050807
0.032786
0.035301
0.034620
0.044222
0.039923
0.039023
0.057418
0.051900
0.035682
0.046385
0.030605
0.076505
0.051976
0.045296
0.042782
0.041065
0.040826
0.061279
0.042607
0.028742
0.042649
0.034100
0.045143
0.040604
0.042107
0.053977
0.037786
0.047923
0.042082
0.036352
0.040169
0.044061
0.051790
0.038459
0.045421
0.065799
0.056195
0.037441
0.047958
0.039360
0.037865
0.041348
0.039567
0.036900
0.038543
0.037666
0.028988
0.028217
0.037323
0.031666
0.036285
0.039360
0.032739
0.053620
0.042915
0.038993
0.046593
0.038044
0.048457
0.022838
0.038038
0.052335
0.026658
0.040072
0.042179
0.040307
0.043716
0.037348
0.055918
0.031800
0.034289
0.043901
0.029958
0.044726
0.042483
0.032981
0.028529
0.035961
0.045024
0.045852
0.033213
0.041967
0.030672
0.064654
0.056087
0.040249
0.043075
0.036055
0.045867
0.041176
0.054499
0.046655
0.064378
0.056415
0.025545
0.042697
0.042175
0.045891
0.048616
0.039953
0.050850
0.045930
0.050580
0.039425
0.023591
0.050044
0.039991
0.049626
0.042924
0.048603
0.050132
0.030969
0.036787
0.039157
0.052091
0.048265
0.041738
0.044085
0.033086
0.040564
0.051737
0.043095
0.050722
0.061249
0.045556
0.030572
0.032494
0.043726
0.037972
0.037850
0.033150
0.055055
0.052159
0.069950
0.051930
0.062951
0.047722
0.061528
0.053296
0.049552
0.049699
0.040492
0.066735
0.049383
0.051432
0.044773
0.044274
0.048976
0.044627
0.033364
0.035834
0.045756
0.038863
0.042882
0.047729
0.053614
0.052552
0.057184
0.046813
0.046962
0.045332
0.051122
0.038868
0.059343
0.053024
0.028276
0.052307
0.043517
0.024500
0.044981
0.049423
0.037276
0.037805
0.042959
0.043402
0.075015
0.064647
0.058955
0.044387
0.051879
0.049934
0.045712
0.055753
0.050378
0.049386
0.048523
0.054106
0.048762
0.038820
0.055571
0.034976
0.040315
0.043160
0.034999
0.041875
0.049694
0.057664
0.053240
0.051327
0.038076
0.050906
0.049233
0.055978
0.047314
0.052422
0.047018
0.041632
0.038331
0.039999
0.048711
0.034654
0.043212
0.035267
0.029835
0.044929
0.045584
0.070164
0.057884
0.048455
0.050007
0.046854
0.048662
0.057273
0.042843
0.042738
0.045784
0.046055
0.038338
0.050545
0.056524
0.067089
0.042849
0.044283
0.036087
0.051289
0.064510
0.055175
0.033307
0.030164
0.043761
0.053665
0.050714
0.061300
0.045409
0.043310
0.060766
0.056125
0.042346
0.043194
0.049003
0.049034
0.048807
0.054011
0.040602
0.039195
0.060975
0.057552
0.035636
0.043392
0.061721
0.042198
0.056405
0.043035
0.033241
0.045281
0.035906
0.042319
0.038114
0.033755
0.038435
0.037969
0.041758
0.036136
0.043425
0.037507
0.035406
0.047568
0.049141
0.062714
0.066335
0.052178
0.051663
0.042601
0.044425
0.033839
0.050146
0.052110
0.046486
0.052173
0.043641
0.041171
0.028916
0.043669
0.041194
0.046999
0.056980
0.038138
0.048846
0.060266
0.050260
0.045378
0.049742
0.049181
0.046932
0.047699
0.053468
0.039738
0.036223
0.036265
0.049451
0.038648
0.057186
0.040338
0.045227
0.028340
0.038409
0.051717
0.050106
0.070264
0.054966
0.051431
0.048385
0.062166
0.050694
0.046127
0.070943
0.044256
0.049860
0.040934
0.049027
0.051155
0.059896
0.039928
0.044407
0.036695
0.038119
0.041954
0.045971
0.047069
0.045009
0.036361
0.049493
0.031736
0.048040
0.045260
0.067629
0.053119
0.042562
0.037338
0.038178
0.055974
0.051369
0.047491
0.070402
0.058437
0.065255
0.063078
0.050810
0.066042
0.053035
0.050113
0.066409
0.060186
0.060264
0.076196
0.065722
0.047346
0.062417
0.051468
0.066089
0.048632
0.049516
0.044797
0.053340
0.065477
0.085362
0.058024
0.063014
0.051915
0.062491
0.055043
0.062330
0.050742
0.040192
0.055962
0.039040
0.040893
0.045317
0.047464
0.047225
0.042976
0.048945
0.048040
0.042872
0.047207
0.043804
0.050156
0.061231
0.039809
0.042197
0.044017
0.054634
0.059442
0.042494
0.046142
0.049333
0.043644
0.043898
0.045023
0.049244
0.035460
0.050050
0.061495
0.071982
0.033501
0.034075
0.035369
0.046619
0.048245
0.048744
0.054114
0.046859
0.068471
0.064346
0.049763
0.042372
0.050406
0.055774
0.041088
0.039044
0.038186
0.035494
0.059473
0.056896
0.057340
0.045411
0.059161
0.045121
0.039727
0.034914
0.056030
0.046590
0.066853
0.049084
0.060557
0.050297
0.044223
0.074548
0.058197
0.059187
0.057608
0.053006
0.051182
0.051772
0.032625
0.039430
0.035165
0.043525
0.031932
0.032980
0.028312
0.036711
0.043023
0.035099
0.034457
0.045012
0.053345
0.057218
0.046304
0.055939
0.041592
0.036537
0.050555
0.047303
0.035067
0.044023
0.046245
0.038045
0.051879
0.040996
0.051568
0.034149
0.051034
0.044143
0.048637
0.046717
0.046540
0.037659
0.052431
0.059608
0.068369
0.068248
0.047852
0.036944
0.042322
0.037304
0.041938
0.048670
0.037955
0.033156
0.032505
0.025464
0.042709
0.037025
0.048226
0.046415
0.045526
0.047264
0.055265
0.044290
0.041394
0.038456
0.035313
0.068648
0.047958
0.053935
0.064946
0.050093
0.044737
0.049050
0.044320
0.050164
0.044426
0.021505
0.035448
0.041628
0.044746
0.039395
0.062371
0.060859
0.049948
0.061140
0.055952
0.046573
0.039860
0.038933
0.045154
0.047875
0.064920
0.036994
0.033796
0.041623
0.036483
0.035430
0.038473
0.058860
0.038643
0.037875
0.033509
0.040148
0.053425
0.046100
0.044688
0.061351
0.044261
0.034677
0.047189
0.039289
0.038493
0.057935
0.029697
0.033457
0.037874
0.034603
0.052275
0.045366
0.047700
0.043774
0.050738
0.059648
0.037980
0.043117
0.081955
0.039279
0.041541
0.041348
0.037219
0.043167
0.058655
0.026023
0.047355
0.037141
0.042156
0.041199
0.036117
0.045218
0.048083
0.041297
0.031122
0.037530
0.046676
0.043413
0.045057
0.044796
0.039951
0.026713
0.049984
0.053453
0.048412
0.038505
0.028834
0.040498
0.043458
0.047386
0.033399
0.031170
0.039554
0.035308
0.041020
0.045543
0.044183
0.054923
0.048097
0.041100
0.032650
0.019841
0.033828
0.031871
0.034842
0.035582
0.018781
0.048047
0.031861
0.027395
0.022981
0.031671
0.037976
0.038921
0.046500
