0.017870
0.051257
0.042017
0.034999
0.043572
0.022413
0.037992
0.035965
0.053517
0.041996
0.051578
0.046111
0.049193
0.039114
0.034819
0.043529
0.032292
0.043763
0.037014
0.051248
0.036337
0.024243
0.034783
0.044697
0.046219
0.043726
0.043055
0.037766
0.031264
0.045902
0.037593
0.034904
0.036148
0.037233
0.044804
0.043953
0.043648
0.033484
0.034966
0.044685
0.032995
0.046688
0.034288
0.023735
0.055296
0.027445
0.039086
0.035799
0.042482
0.034194
0.035219
0.044939
0.062135
0.033823
0.034935
0.049126
0.036896
0.022642
0.030779
0.037733
0.032012
0.027581
0.035773
0.041946
0.037203
0.044047
0.045214
0.048883
0.043788
0.039611
0.047277
0.045746
0.047386
0.054162
0.069298
0.045166
0.047829
0.052097
0.036844
0.034586
0.031612
0.049996
0.040614
0.049793
0.032371
0.050189
0.037929
0.042130
0.052175
0.037913
0.036329
0.042176
0.036763
0.043655
0.033139
0.036693
0.040625
0.036859
0.025636
0.036313
0.038134
0.032759
0.024234
0.039324
0.037941
0.034937
0.028588
0.050947
0.042191
0.032654
0.038306
0.048426
0.043513
0.047504
0.037753
0.038503
0.030581
0.039809
0.036253
0.037444
0.037267
0.029807
0.035289
0.035636
0.039579
0.037052
0.042880
0.024157
0.037698
0.039946
0.023152
0.032701
0.037705
0.028292
0.039499
0.028598
0.047785
0.037664
0.023130
0.037326
0.030888
0.037566
0.041513
0.037246
0.027111
0.032047
0.039012
0.033526
0.044517
0.029592
0.031804
0.040859
0.025802
0.031318
0.038253
0.038255
0.045218
0.042138
0.032099
0.028661
0.049576
0.039541
0.035983
0.026300
0.049898
0.033599
0.029746
0.038550
0.039048
0.032592
0.035900
0.044240
0.041711
0.041113
0.029769
0.034077
0.029154
0.038268
0.029091
0.030354
0.032875
0.039235
0.026100
0.030693
0.043825
0.039340
0.044599
0.036426
0.038661
0.028373
0.044270
0.035828
0.048573
0.033997
0.041307
0.037179
0.043717
0.036472
0.040357
0.044156
0.044998
0.043081
0.033780
0.033626
0.034939
0.041626
0.048747
0.027792
0.038642
0.047314
0.044093
0.046355
0.027094
0.037097
0.041367
0.044807
0.024375
0.039907
0.034183
0.031805
0.040874
0.041371
0.039231
0.035456
0.033674
0.035292
0.033960
0.043041
0.038335
0.051856
0.028147
0.030746
0.034755
0.035882
0.040416
0.032983
0.032358
0.039559
0.030610
0.029037
0.029353
0.036171
0.036479
0.022012
0.044774
0.027936
0.031077
0.038056
0.018520
0.033761
0.029315
0.035948
0.032643
0.040490
0.044843
0.045511
0.027546
0.030068
0.035630
0.038583
0.036832
0.031114
0.032687
0.030946
0.030483
0.031567
0.041131
0.036768
0.035240
0.037167
0.032848
0.029916
0.035819
0.026184
0.032809
0.024353
0.041378
0.037597
0.028685
0.029078
0.046765
0.026433
0.042296
0.042967
0.039232
0.044827
0.041552
0.040171
0.031923
0.045257
0.035837
0.032172
0.042805
0.036525
0.031991
0.035735
0.042024
0.042358
0.032565
0.040175
0.029740
0.039776
0.036119
0.030035
0.034899
0.025859
0.031622
0.027851
0.027635
0.029860
0.036378
0.037513
0.041406
0.042013
0.037953
0.032247
0.035176
0.031029
0.026598
0.031525
0.036652
0.038978
0.041226
0.046036
0.045191
0.048491
0.049359
0.040622
0.049587
0.046818
0.052789
0.035285
0.045421
0.038768
0.055061
0.032484
0.037442
0.043386
0.039297
0.061847
0.047114
0.038388
0.032900
0.038957
0.046312
0.038682
0.025894
0.034515
0.048884
0.049021
0.050947
0.048181
0.046849
0.047127
0.043599
0.034746
0.038980
0.038004
0.037308
0.030129
0.037400
0.046757
0.043400
0.038753
0.034470
0.034034
0.035446
0.041076
0.041952
0.047225
0.043105
0.041567
0.040206
0.043023
0.047617
0.047863
0.045705
0.061388
0.056875
0.045494
0.046731
0.048285
0.042955
0.053525
0.063382
0.039044
0.046281
0.048335
0.053489
0.054809
0.061178
0.042662
0.043498
0.042857
0.041240
0.048661
0.025857
0.039461
0.042198
0.027894
0.035280
0.036989
0.043064
0.026018
0.033216
0.041678
0.034237
0.032364
0.025795
0.043160
0.040715
0.038854
0.040766
0.031803
0.047598
0.028825
0.047134
0.046075
0.044857
0.036690
0.033602
0.047034
0.035357
0.041729
0.038378
0.028834
0.038198
0.048132
0.045532
0.041344
0.039845
0.035080
0.032372
0.043811
0.028051
0.039552
0.035356
0.041808
0.039232
0.036833
0.024313
0.029348
0.044460
0.036852
0.036399
0.026917
0.033358
0.039742
0.036564
0.036511
0.033069
0.036202
0.038873
0.039199
0.040432
0.038655
0.042955
0.034401
0.042128
0.038654
0.048542
0.040468
0.039228
0.036368
0.044357
0.041780
0.052014
0.050592
0.046899
0.027637
0.037551
0.041236
0.039663
0.036163
0.037848
0.037941
0.037217
0.033322
0.038674
0.046690
0.040489
0.046179
0.038403
0.045400
0.045817
0.045203
0.048214
0.042936
0.024671
0.039266
0.044558
0.037087
0.039713
0.027151
0.037011
0.044977
0.041142
0.038959
0.024786
0.041382
0.039680
0.039478
0.042451
0.038402
0.028564
0.031172
0.037023
0.039298
0.034055
0.021527
0.027265
0.039746
0.035829
0.038102
0.050008
0.042770
0.044167
0.037683
0.044433
0.057802
0.031635
0.040027
0.043165
0.036016
0.041509
0.050449
0.047029
0.041133
0.034809
0.045689
0.047261
0.030773
0.038684
0.039558
0.039985
0.032601
0.038910
0.032138
0.040361
0.032522
0.037515
0.046386
0.034603
0.043060
0.029875
0.036264
0.029739
0.038380
0.040223
0.031694
0.032065
0.038830
0.043800
0.034214
0.034982
0.037377
0.033288
0.046207
0.033623
0.040335
0.048136
0.033828
0.026812
0.047630
0.043855
0.033878
0.040011
0.041425
0.042666
0.046104
0.053481
0.045425
0.032339
0.033972
0.023180
0.038303
0.037486
0.024443
0.029442
0.039700
0.042878
0.034175
0.045352
0.045856
0.038408
0.041392
0.037770
0.030025
0.048804
0.040827
0.047870
0.039807
0.048966
0.031466
0.037602
0.037903
0.025156
0.035093
0.045155
0.035910
0.049083
0.034406
0.037418
0.030852
0.043375
0.045473
0.043538
0.048599
0.028564
0.045880
0.050898
0.038103
0.038697
0.038145
0.033136
0.034194
0.028380
0.034682
0.024392
0.027229
0.041802
0.036852
0.039009
0.030142
0.041308
0.036272
0.033061
0.044195
0.062735
0.051219
0.033162
0.051165
0.049301
0.048572
0.039116
0.048833
0.046799
0.045924
0.050418
0.043620
0.048721
0.042510
0.038587
0.027853
0.036706
0.037268
0.045156
0.028872
0.029758
0.038994
0.054203
0.046802
0.037176
0.030723
0.039443
0.037548
0.039675
0.046562
0.047287
0.043504
0.044010
0.047897
0.045157
0.032043
0.027253
0.041046
0.045334
0.049267
0.032942
0.037232
0.036768
0.033621
0.028093
0.031238
0.036036
0.038126
0.030994
0.038935
0.039410
0.031301
0.040744
0.021269
0.035006
0.043574
0.047111
0.048124
0.034235
0.045990
0.038501
0.053085
0.033724
0.041963
0.044415
0.045787
0.034947
0.052014
0.040463
0.035932
0.030323
0.039072
0.029491
0.040491
0.042916
0.045822
0.037330
0.035114
0.043238
0.031450
0.037926
0.039433
0.044432
0.053460
0.034297
0.029630
0.033822
0.023566
0.035808
0.031818
0.039726
0.037035
0.041775
0.031216
0.042501
0.041385
0.050411
0.039842
0.041347
0.021340
0.043272
0.040277
0.034590
0.047200
0.041646
0.044583
0.033489
0.025596
0.034395
0.032051
0.044479
0.023603
0.030889
0.037964
0.036035
0.033262
0.034363
0.037597
0.039955
0.029147
0.029337
0.043273
0.040998
0.035502
0.038127
0.037947
0.054753
0.044834
0.043135
0.036597
0.040830
0.049308
0.045030
0.029997
0.040730
0.043012
0.024459
0.036732
0.037869
0.028187
0.037652
0.032099
0.030825
0.030532
0.045357
0.039410
0.038685
0.032119
0.039257
0.033904
0.031362
0.045419
0.034453
0.029756
0.039836
0.031551
0.037513
0.043029
0.033551
0.030456
0.039997
0.034046
0.036524
0.031313
0.037162
0.027434
0.052271
0.059623
0.039735
0.041150
0.030683
0.030762
0.033022
0.035233
0.040457
0.040162
0.047090
0.042607
0.043177
0.040051
0.040680
0.041434
0.039127
0.039572
0.042421
0.040648
0.046146
0.031701
0.036369
0.040450
0.027719
0.052132
0.042344
0.033927
0.037048
0.050815
0.030969
0.041409
0.035542
0.031952
0.040963
0.038584
0.029720
0.035808
0.038009
0.031972
0.031466
0.029230
0.032902
0.027131
0.036770
0.042808
0.032854
0.029278
0.036937
0.032529
0.044830
0.035247
0.029808
0.037802
0.038763
0.035580
0.031116
0.035790
0.041951
0.033660
0.036052
0.032303
0.036342
0.030141
0.029243
0.036852
0.034527
0.033767
0.026167
0.043333
0.026260
0.039084
0.038767
0.043186
0.047430
0.039792
0.040283
0.042345
0.035594
0.046733
0.042954
0.028403
0.044521
0.044938
0.053231
0.023499
0.033726
0.044299
0.052073
0.041037
0.031170
0.027077
0.032088
0.039894
0.045809
0.070059
0.037417
0.034643
0.042464
0.044348
0.035441
0.041996
0.043084
0.051051
0.032840
0.033534
0.034757
0.045465
0.034277
0.035829
0.044873
0.052024
0.046777
0.043278
0.023332
0.035299
0.032633
0.033570
0.030959
0.031965
0.025222
0.040097
0.039810
0.052140
0.050630
0.039714
0.033735
0.047113
0.052452
0.035023
0.025367
0.034078
0.046195
0.042621
0.048226
0.033244
0.049287
0.041121
0.034667
0.042418
0.035158
0.034241
0.031643
0.031235
0.035971
0.041535
0.046823
0.038017
0.043611
0.042529
0.037968
0.040560
0.040236
0.034217
0.037164
0.061156
0.038686
0.037539
0.044378
0.034681
0.042115
0.049194
0.036969
0.033079
0.024424
0.033319
0.038031
0.040459
0.032051
0.026867
0.032982
0.027578
0.052882
0.022097
0.043430
0.040672
0.060269
0.046202
0.044122
0.047990
0.038777
0.036101
0.034786
0.035448
0.030172
0.032087
0.034698
0.035497
0.036748
0.026338
0.029796
0.040297
0.041881
0.054648
0.042499
0.043313
0.021824
0.033208
0.041883
0.040258
0.040180
0.040857
0.037125
0.035908
0.025044
0.045794
0.024344
0.042839
0.041874
0.038151
0.035089
0.034105
0.030545
0.027809
0.038924
0.039699
0.048314
0.055481
0.044207
0.052746
0.042308
0.051457
0.042118
0.039287
0.038838
0.024690
0.045938
0.036332
0.044029
0.050796
0.027362
0.053144
0.050201
0.050775
0.034755
0.039489
0.038718
0.039440
0.038141
0.030132
0.045088
0.040771
0.033060
0.034907
0.044003
0.036434
0.033510
0.034886
0.027526
0.044375
0.038914
0.039228
0.032878
0.035045
0.038506
0.029487
0.036824
0.041697
0.040779
0.029152
0.033671
0.038187
0.034617
0.045781
0.038729
0.044913
0.048375
0.045579
0.044545
0.034989
0.043906
0.031811
0.038707
0.032252
0.025188
0.031823
0.034160
0.019888
0.034956
0.033643
0.036803
0.048294
0.054015
0.045107
0.034369
0.044091
0.023081
0.041692
0.029011
0.028102
0.041911
0.044441
0.039059
0.035394
0.044377
0.042417
0.034513
0.045402
0.039972
0.029640
0.032845
0.034627
0.049726
0.041528
0.045417
0.029402
0.030983
0.035217
0.037368
0.040416
0.042419
0.032662
0.031379
0.041979
0.036951
0.042190
0.041075
0.052714
0.039487
0.047483
0.055941
0.045869
0.047002
0.025667
0.036358
0.037097
0.032697
0.043983
0.051304
0.060863
0.042321
0.041754
0.044911
0.044378
0.033042
0.059490
0.054016
0.040994
0.037926
0.031893
0.045382
0.041395
0.045945
0.033542
0.036210
0.033941
0.039687
0.040504
0.046441
0.045729
0.026838
0.033394
0.040738
0.039603
0.036623
0.031908
0.034797
0.059474
0.027525
0.032484
0.033780
0.035878
0.042135
0.032174
0.030274
0.033682
0.038861
0.027102
0.038453
0.037419
0.033425
0.034133
0.032448
0.046978
0.036671
0.040128
0.045338
0.038377
0.033659
0.034610
0.047833
0.043654
0.032852
0.034139
0.035354
0.040332
0.028090
0.043123
0.052613
0.045757
0.045512
0.048566
0.043770
0.041208
0.031714
0.035421
0.035644
0.041189
0.042817
0.059467
0.044107
0.039316
0.052817
0.037308
0.033720
0.035695
0.043941
0.041901
0.030980
0.053996
0.042693
0.034060
0.031495
0.028138
0.028516
0.024788
0.030011
0.034911
0.023971
0.029720
0.023887
0.031507
0.028267
0.034008
0.044391
0.029248
0.043787
0.036429
0.041400
0.042149
0.047503
0.055456
0.043893
0.032864
0.042377
0.033357
0.042765
0.045378
0.038467
0.041402
0.044511
0.053961
0.038479
0.031076
0.045172
0.050940
0.046821
0.045158
0.026694
0.032347
0.040719
0.041821
0.028776
0.040832
0.044235
0.031876
0.034356
0.045713
0.052481
0.044030
0.023707
0.038035
0.032063
0.037209
0.033288
0.049135
0.041009
0.042790
0.031490
0.041497
0.052650
0.041502
0.050285
0.037335
0.033449
0.027075
0.030979
0.037130
0.040618
0.031691
0.040526
0.031623
0.036002
0.040880
0.034133
0.031671
0.046065
0.038603
0.028644
0.037127
0.044869
0.035646
0.040696
0.046808
0.044001
0.037455
0.048761
0.037859
0.045344
0.044810
0.055138
0.047952
0.038812
0.039494
0.039865
0.039917
0.039577
0.035348
0.030319
0.041451
0.041217
0.046694
0.029701
0.047331
0.041924
0.043576
0.043793
0.037441
0.027475
0.042575
0.051151
0.044986
0.024343
0.042193
0.032161
0.041494
0.034701
0.029644
0.037478
0.033001
0.045204
0.035324
0.042183
0.039127
0.039315
0.024915
0.027431
0.034804
0.030696
0.043714
0.040318
0.046623
0.024407
0.037934
0.035080
0.042918
0.035906
0.038795
0.054078
0.037476
0.033842
0.035327
0.045688
0.034310
0.044451
0.041368
0.042025
0.036506
0.033997
0.029273
0.042898
0.032495
0.037286
0.039139
0.035688
0.050288
0.047168
0.062181
0.037846
0.036020
0.034569
0.044157
0.046841
0.049953
0.053125
0.048445
0.042613
0.031320
0.036023
0.034152
0.031125
0.037880
0.043247
0.055230
0.028180
0.035235
0.040085
0.037282
0.037593
0.039225
0.042952
0.031947
0.044430
0.038229
0.029068
0.034264
0.049785
0.038984
0.037657
0.036171
0.031231
0.030733
0.038264
0.043247
0.024520
0.040638
0.041906
0.029722
0.038484
0.033849
0.041880
0.032856
0.042434
0.033840
0.036504
0.029345
0.040710
0.029509
0.044558
0.040061
0.035335
0.032820
0.048548
0.039696
0.052974
0.040738
0.031963
0.039231
0.042386
0.043930
0.039829
0.040942
0.033523
0.041270
0.037820
0.044024
0.023466
0.043402
0.028120
0.028497
0.040017
0.037675
0.032016
0.041174
0.042616
0.042763
0.034079
0.048364
0.026508
0.047219
0.042378
0.038395
0.040529
0.039000
0.053938
0.044247
0.038711
0.043870
0.042924
0.043061
0.038922
0.045834
0.032843
0.034633
0.031711
0.038280
0.029115
0.028408
0.037991
0.034973
0.041872
0.050982
0.051425
0.043082
0.032828
0.029076
0.044810
0.042451
0.039655
0.040368
0.038581
0.036788
0.051373
0.042897
0.029297
0.040513
0.033441
0.036828
0.038953
0.044040
0.046208
0.053953
0.047014
0.043081
0.048206
0.038625
0.038168
0.040061
0.041143
0.020262
0.038435
0.036321
0.043263
0.036886
0.034386
0.041354
0.043311
0.038260
0.042526
0.029398
0.039819
0.031838
0.046628
0.024646
0.034885
0.054033
0.038035
0.041486
0.038863
0.045410
0.045198
0.039943
0.046009
0.057068
0.041296
0.039984
0.040137
0.038679
0.044813
0.043306
0.045594
0.048828
0.051705
0.052557
0.045980
0.051866
0.043749
0.053019
0.034846
0.031806
0.034112
0.024612
0.042161
0.038399
0.023891
0.033095
0.043183
0.047570
0.036697
0.042758
0.052091
0.047595
0.042017
0.031198
0.051300
0.036140
0.039359
0.046450
0.053930
0.054214
0.038290
0.055142
0.047468
0.054272
0.059452
0.048411
0.052556
0.036791
0.038853
0.037365
0.031279
0.053321
0.041468
0.033247
0.046204
0.053259
0.033148
0.034372
0.042315
0.052427
0.034522
0.030682
0.030552
0.054174
0.044095
0.041055
0.043453
0.053138
0.058516
0.050766
0.043864
0.032969
0.029702
0.034680
0.031289
0.043986
0.042269
0.044061
0.043241
0.043966
0.040828
0.039351
0.038833
0.024175
0.038177
0.038300
0.023496
0.053641
0.041795
0.031930
0.034685
0.045435
0.038204
0.030131
0.036097
0.022024
0.039264
0.033367
0.034886
0.028673
0.039235
0.026957
0.037650
0.034646
0.041738
0.043501
0.039104
0.048418
0.043089
0.028934
0.030413
0.044873
0.054217
0.024428
0.041992
0.061760
0.048187
0.039749
0.037746
0.044450
0.032613
0.039443
0.040795
0.040768
0.041576
0.044096
0.040587
0.039657
0.041044
0.025896
0.033406
0.030513
0.040652
0.032055
0.039514
0.046685
0.044434
0.034693
0.028037
0.023491
0.030059
0.031092
0.040868
0.036441
0.029036
0.037318
0.043603
0.028466
0.045449
0.051678
0.033880
0.045655
0.044103
0.044083
0.044866
0.029423
0.041575
0.055786
0.035696
0.048644
0.050191
0.035325
0.046500
0.034536
0.046240
0.039962
0.040676
0.046890
0.042326
0.041758
0.037737
0.030137
0.040298
0.027515
0.033222
0.034629
0.030322
0.033257
0.038465
0.039106
0.040753
0.032076
0.037200
0.031153
0.030854
0.041980
0.042984
0.049915
0.061099
0.042912
0.043561
0.035783
0.043724
0.059944
0.037528
0.037969
0.035924
0.042067
0.040016
0.041338
0.039533
0.037416
0.047832
0.035610
0.037732
0.033394
0.047755
0.038338
0.033844
0.033126
0.039689
0.051858
0.042453
0.042843
0.021682
0.042208
0.045915
0.034494
0.045215
0.029107
0.041252
0.047789
0.045292
0.043816
0.032680
0.035905
0.038559
0.042306
0.034806
0.034997
0.032287
0.031173
0.032466
0.046707
0.032995
0.029257
0.027533
0.038713
0.049461
0.027771
0.044539
0.040923
0.046252
0.044869
0.042946
0.029693
0.049903
0.031598
0.037210
0.038595
0.025882
0.025734
0.038727
0.042429
0.042238
0.039365
0.038894
0.047793
0.036553
0.058051
0.040243
0.026017
0.058405
0.042353
0.027388
0.030013
0.036382
0.041345
0.039831
0.037106
0.049447
0.036396
0.049757
0.047274
0.033912
0.042497
0.034121
0.035640
0.048231
0.043746
0.040092
0.038132
0.026959
0.042976
0.038105
0.038742
0.036091
0.040638
0.040798
0.031069
0.054520
0.039911
0.046781
0.044358
0.029684
0.030077
0.043056
0.027251
0.042541
0.037501
0.032360
0.036259
0.036464
0.036755
0.055940
0.037477
0.043432
0.045694
0.044423
0.041041
0.038583
0.042323
0.044432
0.032182
0.035227
0.030836
0.026781
0.037974
0.045588
0.027507
0.037054
0.041332
0.025242
0.032743
0.023969
0.028858
0.029275
0.034075
0.022877
0.034163
0.023340
0.032733
0.025118
0.035650
0.029044
0.026155
0.031463
0.043200
0.034393
0.027925
0.023191
0.023898
0.026564
0.029855
0.025805
0.029137
0.030796
0.028050
0.037042
0.031461
0.036709
0.046188
0.029411
0.032380
0.034212
0.033226
0.039067
0.027625
0.031313
0.031446
0.036391
0.029282
0.034035
0.022464
0.031322
0.031108
0.029099
0.030133
0.042471
0.045863
0.037241
0.023920
0.028723
0.020679
0.036327
0.029266
0.027711
0.032373
0.031227
0.036453
0.040020
0.047012
0.036604
0.039670
0.027623
0.029877
0.029019
0.035969
0.023739
0.030105
0.035345
0.032190
0.026718
0.051619
0.039125
0.026370
0.028413
0.037349
0.032364
0.036412
0.036433
0.038279
0.036858
0.030150
0.033855
0.039468
0.024727
0.037502
0.039655
0.023826
0.026221
0.032955
0.025318
0.031017
0.022176
0.025203
0.028432
0.028829
0.028766
0.040750
0.028593
0.027254
0.031726
0.024541
0.023385
0.031980
0.024632
0.027488
0.033610
0.020141
0.029529
0.033144
0.030636
0.022946
0.025826
0.031589
0.023468
0.031019
0.028826
0.035077
0.035059
0.021322
0.036306
0.020893
0.030430
0.028977
0.029649
0.024986
0.024982
0.035276
0.020567
0.031634
0.034127
0.032128
0.033946
0.030337
0.019196
0.035084
0.016419
0.036246
0.017027
0.025563
0.023332
0.024242
0.033051
0.027083
0.030400
0.028425
0.032233
0.035783
0.033485
0.032307
0.030098
0.025777
0.033149
0.037616
0.035313
0.026252
0.026360
0.026596
0.026290
0.033394
0.038037
0.034991
0.032159
0.026203
0.022725
0.027401
0.031514
0.031190
0.020607
0.032925
0.035398
0.031221
0.028644
0.034184
0.051203
0.044624
0.035439
0.018437
0.030602
0.033827
0.031427
0.036260
0.038797
0.036432
0.026981
0.033590
0.042973
0.034668
0.025915
0.024871
0.027449
0.044969
0.040822
0.026175
0.030806
0.025158
0.034423
0.021425
0.028330
0.030506
0.023402
0.028585
0.032130
0.039702
0.034702
0.032888
0.032365
0.023885
0.025799
0.038017
0.033878
0.032836
0.031511
0.022601
0.026024
0.031244
0.031648
0.031039
0.029619
0.030514
0.035343
0.033374
0.032928
0.030995
0.021388
0.024059
0.030591
0.025168
0.029731
0.030277
0.031915
0.022437
0.027666
0.023941
0.031076
0.023017
0.033024
0.032077
0.034098
0.022997
0.033190
0.033797
0.028450
0.021421
0.027035
0.033443
0.032097
0.032764
0.033089
0.029478
0.030260
0.032583
0.032598
0.032747
0.025798
0.030082
0.021835
0.030917
0.032128
0.028594
0.030838
0.030548
0.028862
0.036672
0.031705
0.039240
0.025741
0.030349
0.029708
0.036938
0.025793
0.021812
0.035398
0.029160
0.026500
0.023142
0.027141
0.023503
0.026585
0.033420
0.024983
0.027295
0.034107
0.020696
0.021382
0.024664
0.029020
0.025847
0.021625
0.028006
0.020314
0.022269
0.020679
0.026609
0.026239
0.022221
0.019530
0.027845
0.028529
0.027766
0.020926
0.023007
0.029247
0.028078
0.021006
0.024556
0.022958
0.025398
0.029490
0.016021
0.026127
0.027555
0.030023
0.026323
0.019913
0.023697
0.022458
0.021034
0.023155
0.021787
0.024129
0.027757
0.028514
0.021439
0.019136
0.024022
0.020853
0.025964
0.020281
0.024435
0.039130
0.026805
0.025877
0.024493
0.028232
0.018397
0.024717
0.028794
0.019525
0.031265
0.033016
0.019091
0.024543
0.028527
0.020205
0.022460
0.028651
0.025230
0.025943
0.020396
0.020876
0.028735
0.029862
0.018985
0.029117
0.030359
0.020700
0.025079
0.024763
0.023511
0.023349
0.021096
0.027929
0.024304
0.023994
0.037014
0.023892
0.024371
0.024220
0.026957
0.026561
0.025661
0.027279
0.017847
0.024906
0.025625
0.018088
0.024518
0.023914
0.018251
0.024985
0.028206
0.016811
0.024619
0.022166
0.023059
0.021425
0.026784
0.025076
0.029427
0.021298
0.028700
0.020051
0.022570
0.022920
0.027345
0.022242
0.022075
0.017599
0.034416
0.028822
0.023021
0.018999
0.022086
0.018642
0.022115
0.024276
0.021925
0.026685
0.031766
0.029854
0.030886
0.024017
0.028636
0.035670
0.027336
0.022149
0.020471
0.021318
0.027709
0.023550
0.027768
0.026300
0.028067
0.020855
0.030926
0.024996
0.022180
0.027528
0.017236
0.025418
0.029292
0.024271
0.021866
0.023069
0.023236
0.029683
0.027077
0.027021
0.026103
